740	1778.1351
740.05078	1836.6219
740.10162	2118.8816
740.1524	1829
740.20325	1832.6207
740.25403	1854.4448
740.30481	1800.0673
740.35565	1742.0477
740.40643	1770.8313
740.45721	1821.6945
740.50806	1675.4939
740.55884	1664.1052
740.60968	1812.5815
740.66046	2187.2388
740.71124	1744.6917
740.76208	1665.4626
740.81287	1926.6461
740.86365	1666.1787
740.91449	1705.2693
740.96527	1805.6266
741.01611	1845.4908
741.06689	1660.0931
741.11768	1708.9266
741.16852	1694.3251
741.2193	1726.1968
741.27008	1741.2775
741.32092	1922.2246
741.3717	1947.7843
741.42255	1732.1042
741.47333	1736.1398
741.52411	1661.2953
741.57495	1664.8553
741.62573	2046.8806
741.67657	1791.6271
741.72736	1634.7657
741.77814	1577.6392
741.82898	1612.7316
741.87976	1623.0422
741.93054	1602.2671
741.98138	1627.2714
742.03217	1548.2574
742.08301	1526.0386
742.13379	1589.6121
742.18457	1583.1349
742.23541	1683.3314
742.28619	1680.6494
742.33698	1598.0223
742.38782	1583.46
742.4386	1584.8137
742.48944	1596.5154
742.54022	1557.3839
742.591	1546.8522
742.64185	1552.4261
742.69263	1587.6234
742.74341	1606.8097
742.79425	1574.1339
742.84503	1583.7305
742.89587	1762.6648
742.94666	1922.309
742.99744	1831.0232
743.04828	2074.5505
743.09906	1522.5184
743.1499	1475.4006
743.20068	1421.8871
743.25146	1457.9165
743.30231	1601.6665
743.35309	1843.9604
743.40387	1453.5039
743.45471	1532.2477
743.50549	1477.6453
743.55634	1540.6083
743.60712	2020.7305
743.6579	1546.9023
743.70874	1520.3833
743.75952	1541.7384
743.8103	1581.8668
743.86115	1502.5475
743.91193	1417.7838
743.96277	1433.7158
744.01355	1498.5828
744.06433	1375.0865
744.11517	1465.2878
744.16595	1573.9878
744.21674	1385.3823
744.26758	1360.2844
744.31836	1465.5543
744.3692	1485.6414
744.41998	1457.0099
744.47076	1881.2428
744.52161	1454.6621
744.57239	1457.4128
744.62323	1468.4277
744.67401	1521.3657
744.72479	1503.8141
744.77563	2089.5806
744.82642	1604.6672
744.8772	1413.9333
744.92804	1635.2511
744.97882	1534.7922
745.02966	1431.8413
745.08044	1382.1023
745.13123	1430.6252
745.18207	1429.3126
745.23285	1464.821
745.28363	1510.8519
745.33447	1471.9432
745.38525	1484.1309
745.4361	1466.3329
745.48688	1577.8281
745.53766	1506.4546
745.5885	1502.1276
745.63928	1433.1548
745.69006	1442.0223
745.74091	1500.1652
745.79169	1412.6002
745.84253	1456.125
745.89331	2017.2634
745.94409	1834.0844
745.99493	1440.9268
746.04572	1519.4191
746.09656	1589.1685
746.14734	1462.7227
746.19812	1342.7803
746.24896	1316.2155
746.29974	1341.4902
746.35052	1692.0687
746.40137	1678.3119
746.45215	1502.5863
746.50299	1575.5132
746.55377	1488.3129
746.60455	1416.2461
746.6554	1333.292
746.70618	1415.4866
746.75696	1722.0948
746.8078	1878.4064
746.85858	1476.7145
746.90942	1421.8372
746.96021	1481.4265
747.01099	1424.2534
747.06183	1466.9844
747.11261	1377.2715
747.16339	1423.701
747.21423	1496.0531
747.26501	1549.1456
747.31586	1397.9937
747.36664	1523.0342
747.41742	1477.8503
747.46826	1324.1735
747.51904	1343.028
747.56989	1453.4716
747.62067	1354.417
747.67145	1324.917
747.72229	1362.8523
747.77307	1350.2308
747.82385	1435.7133
747.87469	1385.2512
747.92548	1301.3519
747.97632	1334.9972
748.0271	1296.5918
748.07788	1327.3141
748.12872	1404.2819
748.1795	1496.618
748.23029	1266.3547
748.28113	1515.6515
748.33191	1452.9315
748.38275	1535.3373
748.43353	1284.6271
748.48431	1247.5217
748.53516	1898.9353
748.58594	1519.0215
748.63672	1860.5731
748.68756	1460.3568
748.73834	1274.0129
748.78918	1705.1957
748.83997	1347.7969
748.89075	1342.0504
748.94159	1713.0861
748.99237	1382.6583
749.04321	1411.3766
749.09399	1458.8632
749.14478	1408.7906
749.19562	1378.2572
749.2464	1597.8267
749.29718	1488.6165
749.34802	1401.4501
749.3988	1452.5538
749.44965	1295.5631
749.50043	1467.8397
749.55121	1409.4127
749.60205	1284.7944
749.65283	1294.0786
749.70361	1298.2173
749.75446	1256.2045
749.80524	1187.4336
749.85608	1262.553
749.90686	1371.7686
749.95764	1339.6608
750.00848	1326.0024
750.05927	1510.5924
750.11005	1456.3976
750.16089	1377.6108
750.21167	1505.5571
750.26251	1546.9097
750.31329	1416.8705
750.36407	1384.5134
750.41492	1394.3568
750.4657	1295.1283
750.51654	1339.9955
750.56732	1397.0625
750.6181	1332.4913
750.66895	1366.1981
750.71973	1377.1171
750.77051	1381.1061
750.82135	1478.5901
750.87213	1446.4885
750.92297	1332.962
750.97375	1327.8506
751.02454	1470.7362
751.07538	1676.0406
751.12616	1553.9011
751.17694	1295.9159
751.22778	1298.1692
751.27856	1327.0275
751.32941	1289.9966
751.38019	1278.8325
751.43097	1250.4982
751.48181	1180.0487
751.53259	1323.3185
751.58337	1289.4011
751.63422	1423.8894
751.685	1697.1019
751.73584	1464.0011
751.78662	1350.1603
751.8374	1337.5096
751.88824	1409.2837
751.93903	1466.6129
751.98987	1382.16
752.04065	1318.2913
752.09143	1394.079
752.14227	1242.2672
752.19305	1382.6816
752.24384	1287.63
752.29468	1375.0477
752.34546	1556.8223
752.3963	1248
752.44708	1250.7589
752.49786	1297.3274
752.54871	1329.1561
752.59949	1443.8881
752.65027	1309.7766
752.70111	1457.9908
752.75189	1392.7793
752.80273	1339.2566
752.85352	1649.703
752.9043	1647.6377
752.95514	1369.816
753.00592	1286.8921
753.0567	1358.3096
753.10754	1384.0841
753.15833	1393.1774
753.20917	1363.0087
753.25995	1306.512
753.31073	1432.8027
753.36157	1448.8907
753.41235	1325.2385
753.4632	1200.8234
753.51398	1571.6359
753.56476	1272.5117
753.6156	2054.9282
753.66638	1507.2871
753.71716	1354.286
753.76801	1416.1648
753.81879	1359.439
753.86963	1354.481
753.92041	1569.8026
753.97119	1567.7317
754.02203	1448.5411
754.07281	1420.3333
754.1236	1391.2117
754.17444	1322.2252
754.22522	1327.0608
754.27606	1357.9308
754.32684	1302.1783
754.37762	1322.4248
754.42847	1347.9924
754.47925	1428.2655
754.53003	1557.0275
754.58087	1395.302
754.63165	1503.679
754.6825	1424.8215
754.73328	1242.886
754.78406	1268.4613
754.8349	1274.3304
754.88568	1269.6711
754.93652	1317.6057
754.9873	1397.2272
755.03809	1350.3848
755.08893	1301.9368
755.13971	1332
755.19049	1313.0627
755.24133	1505.519
755.29211	1573.8247
755.34296	1244.2277
755.39374	1224.5863
755.44452	1348.5653
755.49536	1354.2004
755.54614	1285.5845
755.59692	1334.8032
755.64777	1359.051
755.69855	1380.5404
755.74939	1350.0968
755.80017	1296.2509
755.85095	1370.3932
755.90179	1308.6722
755.95258	1253.9418
756.00336	1291.0472
756.0542	1335.4731
756.10498	1490.6674
756.15582	1342.4917
756.2066	1271.1758
756.25739	1419.9673
756.30823	1654.8394
756.35901	1808.1404
756.40985	1209.4106
756.46063	1380.3458
756.51141	1420.3314
756.56226	1780.4557
756.61304	1568.2147
756.66382	1292.7993
756.71466	1343.1858
756.76544	1236.3739
756.81628	1628.6431
756.86707	1246.6295
756.91785	1186.5073
756.96869	1209.1528
757.01947	1413.0345
757.07025	1250.8993
757.12109	1304.9899
757.17188	1330.3036
757.22272	1398.8218
757.2735	1196.3766
757.32428	1234.9564
757.37512	1226.1027
757.4259	1373.6879
757.47668	1335.396
757.52753	1895.7625
757.57831	1349.3284
757.62915	1266.3987
757.67993	1345.4679
757.73071	1273.2175
757.78156	1309.4662
757.83234	1400.8167
757.88318	1330.5117
757.93396	1306.0167
757.98474	1240.9698
758.03558	1454.4591
758.08636	1439.0885
758.13715	1254.1061
758.18799	1465.7491
758.23877	1441.0511
758.28961	1311.6002
758.34039	1537.0905
758.39117	1360.5221
758.44202	1446.153
758.4928	1349.0245
758.54358	1261.2512
758.59442	1278.0568
758.6452	1224.0491
758.69604	1316.5715
758.74683	1569.0421
758.79761	1401.835
758.84845	1250.2939
758.89923	1333.4758
758.95001	1390.6855
759.00085	1318.7197
759.05164	1304.2653
759.10248	1333.3052
759.15326	1436.0781
759.20404	1329.0084
759.25488	1300.2708
759.30566	1511.7134
759.35651	1453.3698
759.40729	1274.0006
759.45807	1283.8708
759.50891	1373.463
759.55969	1488.5122
759.61047	1367.9375
759.66132	1271.1443
759.7121	1340.9518
759.76294	1362.6152
759.81372	1303.0143
759.8645	1518.4825
759.91534	1618.9221
759.96613	1352.8263
760.01691	1344.7375
760.06775	1414.0742
760.11853	1312.6155
760.16937	1224.6846
760.22015	1271.1559
760.27094	1278.1757
760.32178	1316.1156
760.37256	1230.3125
760.42334	1300.5615
760.47418	1394.8102
760.52496	1387.6725
760.57581	1378.8674
760.62659	1386.15
760.67737	1273.556
760.72821	1392.297
760.77899	1372.2075
760.82983	1386.451
760.88062	1320.3126
760.9314	1320.2834
760.98224	1223.476
761.03302	1245.22
761.0838	1315.7257
761.13464	1571.8146
761.18542	1290.145
761.23627	1229.1385
761.28705	1313.1639
761.33783	1422.8226
761.38867	1255.424
761.43945	1301.0156
761.49023	1337.8904
761.54108	1291.5385
761.59186	1302.984
761.6427	1543.1193
761.69348	1329.9677
761.74426	1351.0194
761.7951	1198.4816
761.84589	1334.6294
761.89667	1336.7511
761.94751	1312.2855
761.99829	1365.5323
762.04913	1208.7582
762.09991	1329.9611
762.1507	1539.8538
762.20154	1751.8673
762.25232	1124.5955
762.30316	1279.5468
762.35394	1307.8738
762.40472	1403.975
762.45557	1255.4543
762.50635	1221.6285
762.55713	1340.5068
762.60797	1318.0193
762.65875	1514.2496
762.70959	1381.5247
762.76038	1352.4478
762.81116	1271.4636
762.862	1270.493
762.91278	1509.3142
762.96356	1360.9203
763.0144	1271.7802
763.06519	1246.3164
763.11603	1348.2477
763.16681	1345.0936
763.21759	1309.699
763.26843	1302.3187
763.31921	1297.8434
763.37	1312.6174
763.42084	1333.0651
763.47162	1620.5536
763.52246	1376.0293
763.57324	1384.576
763.62402	1395.0248
763.67487	1358.0168
763.72565	1335.1191
763.77649	1367.6691
763.82727	1660.8182
763.87805	1420.3113
763.92889	1305.1007
763.97968	1265.5601
764.03046	1286.6528
764.0813	1277.3433
764.13208	1387.2255
764.18292	1320.6597
764.2337	1303.9934
764.28448	1555.0236
764.33533	1459.6547
764.38611	1277.1112
764.43689	1427.2125
764.48773	1538.863
764.53851	1359.3507
764.58936	1319.228
764.64014	1431.5718
764.69092	1424.6493
764.74176	1323.8425
764.79254	1320.8138
764.84332	1304.7281
764.89417	1260.0522
764.94495	1393.2611
764.99579	1399.9424
765.04657	1309.7975
765.09735	1349.4194
765.14819	1343.6024
765.19897	1383.8831
765.24982	1373.3208
765.3006	1341.7273
765.35138	1339.4823
765.40222	1264.2269
765.453	1234.0864
765.50378	1208.9653
765.55463	1344.1813
765.60541	1523.8177
765.65625	1434.6952
765.70703	1262.5775
765.75781	1316.9557
765.80865	1394.0739
765.85944	1407.9771
765.91022	1383.4237
765.96106	1357.4388
766.01184	1372.6936
766.06268	1413.0195
766.11346	1392.924
766.16425	1442.2996
766.21509	1509.0265
766.26587	1383.4291
766.31665	1311.832
766.36749	1285.2117
766.41827	1459.3604
766.46912	1393.5287
766.5199	1338.8326
766.57068	1374.5552
766.62152	1413.2202
766.6723	1672.9949
766.72314	1477.823
766.77393	1352.9495
766.82471	1305.4369
766.87555	1303.2195
766.92633	1305.2742
766.97711	1373.2766
767.02795	1360.7904
767.07874	1257.8619
767.12958	1325.3497
767.18036	1383.4474
767.23114	1572.4998
767.28198	1927.8767
767.33276	1487.481
767.38354	1363.0002
767.43439	1317.4861
767.48517	1246.692
767.53601	1315.689
767.58679	1311.2463
767.63757	1486.3789
767.68842	1627.7542
767.7392	1302.8002
767.78998	1301.8699
767.84082	1332.3518
767.8916	1341.6096
767.94244	1396.2174
767.99323	1261.6736
768.04401	1324.9824
768.09485	1323.8401
768.14563	1307.0111
768.19647	1315.9358
768.24725	1201.7524
768.29803	1742.0804
768.34888	1455.7179
768.39966	1467.1283
768.45044	1405.1543
768.50128	1300.0439
768.55206	1338.9216
768.60291	1380.0355
768.65369	1271.7375
768.70447	1286.6066
768.75531	1376.6086
768.80609	1277.7036
768.85687	1186.9581
768.90771	1275.4109
768.9585	1324.6904
769.00934	1334.3116
769.06012	1326.4585
769.1109	1279.2623
769.16174	1291.9751
769.21252	1688.1538
769.26331	1638.0192
769.31415	1355.8784
769.36493	1422.1736
769.41577	1357.7059
769.46655	1288.9033
769.51733	1208.0961
769.56818	1351.714
769.61896	1418.9331
769.6698	1374.8801
769.72058	1434.9022
769.77136	1382.693
769.8222	1307.4211
769.87299	1319.1274
769.92377	1218.3976
769.97461	1281.0647
770.02539	1369.0887
770.07623	1395.6636
770.12701	1498.8358
770.1778	1370.3033
770.22864	1383.9456
770.27942	1762.6006
770.3302	1544.5209
770.38104	1304.9969
770.43182	1435.6644
770.48267	1390.4801
770.53345	1398.1017
770.58423	1394.9791
770.63507	1312.2389
770.68585	1319.2683
770.73669	1390.3286
770.78748	1347.4678
770.83826	1310.5195
770.8891	1327.8773
770.93988	1326.7783
770.99066	1312.5148
771.0415	1334.7239
771.09229	1283.5498
771.14313	1392.3583
771.19391	1465.4897
771.24469	1413.1233
771.29553	1407.9884
771.34631	1523.4703
771.39709	1467.2728
771.44794	1305.4612
771.49872	1420.9008
771.54956	1549.1667
771.60034	1476.708
771.65112	1348.6182
771.70197	1311.6584
771.75275	1244.9453
771.80353	1318.9174
771.85437	1371.8398
771.90515	1343.8877
771.95599	1356.1096
772.00677	1277.1691
772.05756	1488.0479
772.1084	1614.1094
772.15918	1423.1332
772.21002	1327.8608
772.2608	1342.9471
772.31158	1305.3373
772.36243	1316.6293
772.41321	1370.1454
772.46399	1366.5145
772.51483	1401.3492
772.56561	1454.6122
772.61646	1579.2231
772.66724	1389.4561
772.71802	1541.8125
772.76886	1579.7063
772.81964	1377.5826
772.87042	1385.363
772.92126	1301.8339
772.97205	1352.6346
773.02289	1280.4517
773.07367	1302.5043
773.12445	1313.4894
773.17529	1349.4473
773.22607	1470.9565
773.27686	1481.2938
773.3277	1537.4683
773.37848	1387.241
773.42932	1344.7872
773.4801	1501.027
773.53088	1957.8163
773.58173	1509.6376
773.63251	1224.5311
773.68335	1253.4581
773.73413	1337.8558
773.78491	1297.3433
773.83575	1252.8334
773.88654	1259.9148
773.93732	1361.1981
773.98816	1287.574
774.03894	1373.9023
774.08978	1536.4674
774.14056	1329.4985
774.19135	1385.95
774.24219	1587.9143
774.29297	1410.8147
774.34375	1523.2847
774.39459	1422.7998
774.44537	2268.9111
774.49622	1949.6847
774.547	1646.5671
774.59778	1445.7665
774.64862	1370.2263
774.6994	1383.2385
774.75018	1408.1135
774.80103	1412.541
774.85181	1395.0746
774.90265	1391.1399
774.95343	1579.072
775.00421	1413.6097
775.05505	1405.5132
775.10583	1558.5668
775.15668	1845.5719
775.20746	1305.9473
775.25824	1434.2284
775.30908	1334.0144
775.35986	1320.2949
775.41064	1280.4827
775.46149	1438.7212
775.51227	1498.2559
775.56311	1361.2922
775.61389	1319.9076
775.66467	1400.9446
775.71552	1310.8815
775.7663	1386.8971
775.81708	1318.3882
775.86792	1421.6268
775.9187	1429.668
775.96954	1452.7535
776.02032	1531.948
776.07111	1373.0138
776.12195	1375.0171
776.17273	1772.1375
776.22351	1510.553
776.27435	1410.2469
776.32513	1338.6975
776.37598	1592.3242
776.42676	1336.7611
776.47754	1345.2029
776.52838	1459.3439
776.57916	2358.2021
776.63	1627.2295
776.68079	1469.9736
776.73157	1489.2301
776.78241	1386.4091
776.83319	1398.911
776.88397	1406.3972
776.93481	1424.47
776.9856	1321.3893
777.03644	1379.6322
777.08722	1365.291
777.138	1456.4277
777.18884	1475.8679
777.23962	1372.8231
777.29041	1427.9138
777.34125	1360.7333
777.39203	1346.4724
777.44287	1392.5787
777.49365	1434.3297
777.54443	1405.6202
777.59528	1309.8845
777.64606	1375.1473
777.69684	1484.3457
777.74768	1441.0756
777.79846	1572.1655
777.8493	1459.5269
777.90009	1381.4636
777.95087	1412.8357
778.00171	1397.4679
778.05249	1352.2122
778.10333	1320.4084
778.15411	1416.5536
778.2049	1471.3386
778.25574	1675.9055
778.30652	1528.6835
778.3573	1363.0688
778.40814	1389.6544
778.45892	1429.5447
778.50977	1588.9659
778.56055	1569.8767
778.61133	1482.8679
778.66217	1532.6921
778.71295	1749.8116
778.76373	1609.4596
778.81458	1367.2148
778.86536	1403.4478
778.9162	1377.8387
778.96698	1371.6743
779.01776	1353.7174
779.0686	2044.6133
779.11938	2142.1924
779.17017	1415.9855
779.22101	1406.3916
779.27179	1448.8983
779.32263	1389.1945
779.37341	1339.934
779.42419	1367.7427
779.47504	1406.7649
779.52582	1388.7938
779.57666	1442.0135
779.62744	1444.4585
779.67822	1435.9635
779.72906	1466.167
779.77985	1406.7692
779.83063	1370.6517
779.88147	1367.7726
779.93225	1344.5582
779.98309	1387.5021
780.03387	1444.1796
780.08466	1376.66
780.1355	1339.5016
780.18628	1466.4323
780.23706	1414.0396
780.2879	1348.6714
780.33868	1334.9026
780.38953	1458.9573
780.44031	1573.8428
780.49109	1605.6655
780.54193	1656.6255
780.59271	1356.679
780.64349	1373.1561
780.69434	1465.9601
780.74512	1328.5327
780.79596	1441.6038
780.84674	1606.0137
780.89752	1391.8125
780.94836	1376.3341
780.99915	1386.4929
781.04999	1443.5017
781.10077	1390.1372
781.15155	1500.9769
781.20239	1357.5912
781.25317	1373.1167
781.30396	1410.474
781.3548	1343.6545
781.40558	1398.2554
781.45642	1411.0551
781.5072	1313.975
781.55798	1389.1532
781.60883	1307.0914
781.65961	1319.2566
781.71039	1285.1962
781.76123	1338.9286
781.81201	1338.6691
781.86285	1354.3695
781.91364	1509.0596
781.96442	1588.5999
782.01526	1433.7384
782.06604	1472.8461
782.11682	1515.8856
782.16766	1489.911
782.21844	1618.1273
782.26929	1372.2224
782.32007	1383.7622
782.37085	1329.5798
782.42169	1385.2024
782.47247	1490.8646
782.52332	1372.8737
782.5741	1382.1243
782.62488	1396.5282
782.67572	1466.7438
782.7265	1453.0154
782.77728	1496.2419
782.82813	1314.2323
782.87891	1422.5745
782.92975	1486.6586
782.98053	1591.1907
783.03131	1369.3601
783.08215	1452.7512
783.13293	1404.077
783.18372	1396.9607
783.23456	1549.0839
783.28534	1357.6678
783.33618	1274.3945
783.38696	1413.0374
783.43774	1389.718
783.48859	1392.9196
783.53937	1508.1937
783.59015	1583.4222
783.64099	1584.4399
783.69177	1360.0492
783.74261	1345.6318
783.7934	1364.2468
783.84418	1354.636
783.89502	1391.4274
783.9458	1306.6505
783.99664	1348.884
784.04742	1377.6783
784.09821	1341.5365
784.14905	1298.746
784.19983	1479.6541
784.25061	1426.2177
784.30145	1514.2921
784.35223	1255.6602
784.40308	1303.5577
784.45386	1383.16
784.50464	1412.5048
784.55548	1418.0105
784.60626	1423.5685
784.65704	1349.4086
784.70789	1467.4259
784.75867	1578.8888
784.80951	1452.735
784.86029	1426.506
784.91107	1334.2241
784.96191	1372.3492
785.0127	1366.3031
785.06348	1404.1318
785.11432	1416.1796
785.1651	1426.825
785.21594	1390.3574
785.26672	1363.0682
785.3175	1274.1493
785.36835	1424.9937
785.41913	1415.868
785.46997	1529.4882
785.52075	1886.481
785.57153	1401.6547
785.62238	1370.0453
785.67316	1399.7656
785.72394	1377.0975
785.77478	1423.84
785.82556	1538.6892
785.8764	1524.2476
785.92719	1451.5353
785.97797	1359.194
786.02881	1380.8009
786.07959	1352.7335
786.13037	1322.498
786.18121	1336.9414
786.23199	1387.5568
786.28284	1341.4509
786.33362	1366.5679
786.3844	1487.6841
786.43524	1508.2284
786.48602	1436.9182
786.5368	1540.6642
786.58765	1342.9618
786.63843	1287.9064
786.68927	1307.1589
786.74005	1313.9403
786.79083	1296.3909
786.84167	1311.557
786.89246	1334.1554
786.9433	1269.5588
786.99408	1319.8295
787.04486	1360.1705
787.0957	1311.3877
787.14648	1648.4755
787.19727	1326.13
787.24811	1342.4684
787.29889	1323.4935
787.34973	1425.4718
787.40051	1358.6884
787.45129	1336.5836
787.50214	1361.7677
787.55292	1491.6835
787.6037	1366.3994
787.65454	1282.5681
787.70532	1411.1869
787.75616	1310.5082
787.80695	1272.4364
787.85773	1289.8589
787.90857	1256.3088
787.95935	1514.5859
788.01013	1416.973
788.06097	1372.6147
788.11176	1329.9917
788.1626	1546.6609
788.21338	1852.4536
788.26416	1305.4154
788.315	1309.1741
788.36578	1287.7754
788.41663	1709.8652
788.46741	1636.5852
788.51819	1396.2834
788.56903	1443.9218
788.61981	1251.6376
788.67059	1678.5736
788.72144	1380.0598
788.77222	1252.816
788.82306	1315.8782
788.87384	1421.3877
788.92462	1309.313
788.97546	1313.0879
789.02625	1330.5332
789.07703	1353.8323
789.12787	1332.9056
789.17865	1298.3864
789.22949	1317.7327
789.28027	1362.22
789.33105	1285.5502
789.3819	1741.9302
789.43268	1396.1504
789.48346	1256.5588
789.5343	1358.0358
789.58508	1355.0844
789.63593	1326.254
789.68671	1404.1198
789.73749	1311.2133
789.78833	1334.2792
789.83911	1314.6425
789.88995	1471.1874
789.94073	1482.7972
789.99152	1366.7601
790.04236	1480.1947
790.09314	1533.6565
790.14392	1369.444
790.19476	1536.0537
790.24554	1394.1123
790.29639	1410.4215
790.34717	1391.9996
790.39795	1305.4294
790.44879	1309.3118
790.49957	1304.3457
790.55035	1365.1746
790.6012	1554.551
790.65198	1472.9253
790.70282	1312.9048
790.7536	1349.9683
790.80438	1419.724
790.85522	1349.2653
790.90601	1295.3461
790.95679	1381.5098
791.00763	1453.0212
791.05841	1362.8765
791.10925	1388.752
791.16003	1529.0554
791.21082	1415.3619
791.26166	1253.8167
791.31244	1302.5027
791.36328	1380.3492
791.41406	1468.6218
791.46484	1408.1298
791.51569	1357.4495
791.56647	1359.7522
791.61725	1341.2797
791.66809	1315.8696
791.71887	1569.9221
791.76971	1636.215
791.8205	1379.7439
791.87128	1418.7279
791.92212	1509.8888
791.9729	1425.9147
792.02368	1259.9574
792.07452	1273.2117
792.12531	1374.1274
792.17615	1368.8488
792.22693	1316.7781
792.27771	1402.6129
792.32855	1454.6993
792.37933	1392.4551
792.43011	1379.6274
792.48096	1411.4846
792.53174	1341.2914
792.58258	1416.4506
792.63336	1442.7461
792.68414	1463.7642
792.73499	1354.0101
792.78577	1367.498
792.83661	1317.3245
792.88739	1252.3147
792.93817	1367.0143
792.98901	1559.8175
793.03979	1374.9464
793.09058	1228.3591
793.14142	1330.8489
793.1922	1434.2174
793.24304	1304.8676
793.29382	1345.1908
793.3446	1318.9375
793.39545	1256.6428
793.44623	1394.0814
793.49701	1512.3828
793.54785	1335.7228
793.59863	1376.9365
793.64948	1308.5229
793.70026	1346.5039
793.75104	1341.9999
793.80188	1359.8098
793.85266	1383.0797
793.90344	1295.6442
793.95428	1423.1807
794.00507	1620.0688
794.05591	1705.3007
794.10669	1236.0494
794.15747	1291.6411
794.20831	1262.8768
794.25909	1394.5194
794.30994	1252.7911
794.36072	1327.8232
794.4115	1292.1136
794.46234	1338.8448
794.51312	1462.7976
794.5639	1387.9784
794.61475	1365.3223
794.66553	1270.6577
794.71637	1351.6226
794.76715	1538.1367
794.81793	1336.4272
794.86877	1311.1165
794.91956	1276.0811
794.97034	1375.0826
795.02118	1331.851
795.07196	1354.424
795.1228	1394.9293
795.17358	1321.1157
795.22437	1274.5908
795.27521	1471.1058
795.32599	1664.7963
795.37677	1430.0396
795.42761	1374.5237
795.47839	1346.7429
795.52924	1409.4443
795.58002	1341.1893
795.6308	1459.136
795.68164	1882.109
795.73242	1370.8783
795.78326	1273.5148
795.83405	1365.9253
795.88483	1285.3982
795.93567	1364.1456
795.98645	1433.8463
796.03723	1281.4983
796.08807	1332.4274
796.13885	1767.7859
796.1897	1409.4376
796.24048	1245.8734
796.29126	1438.4805
796.3421	1440.5031
796.39288	1394.9614
796.44366	1349.1049
796.49451	1414.576
796.54529	1363.7578
796.59613	1357.1674
796.64691	1363.3734
796.69769	1307.9091
796.74854	1334.3988
796.79932	1449.7856
796.8501	1419.4642
796.90094	1348.6814
796.95172	1364.582
797.00256	1408.9969
797.05334	1484.318
797.10413	1375.2233
797.15497	1442.4628
797.20575	1390.6792
797.25659	1303.7527
797.30737	1258.0853
797.35815	1241.1443
797.409	1477.0525
797.45978	1535.8838
797.51056	1267.787
797.5614	1291.764
797.61218	1319.0841
797.66302	1405.2977
797.71381	1369.4106
797.76459	1347.8704
797.81543	1346
797.86621	1410.886
797.91699	1349.0494
797.96783	1442.4723
798.01862	1519.8855
798.06946	1437.885
798.12024	1447.281
798.17102	1327.9121
798.22186	1403.1995
798.27264	1415.877
798.32343	1311.2382
798.37427	1404.6904
798.42505	1391.0959
798.47589	1564.444
798.52667	1480.9233
798.57745	1360.2666
798.6283	1340.521
798.67908	1342
798.72992	1342.6942
798.7807	1269.2582
798.83148	1325.6779
798.88232	1316.7437
798.93311	1340.1901
798.98389	1391.1204
799.03473	1472.7408
799.08551	1881.3759
799.13635	1706.5161
799.18713	1419.1769
799.23792	1359.9829
799.28876	1340.9316
799.33954	1341.8879
799.39032	1364.6257
799.44116	1525.4894
799.49194	1617.8595
799.54279	1491.6509
799.59357	1399.788
799.64435	1355.6842
799.69519	1344.0037
799.74597	1332.9418
799.79675	1335.9558
799.8476	1337.0321
799.89838	1272.4083
799.94922	1281.7261
800	1340.1387
800.05078	1271.5614
800.10162	1490.8556
800.1524	1559.251
800.20325	1429.707
800.25403	1422.4518
800.30481	1410.0399
800.35565	1400.5391
800.40643	1403.6721
800.45721	1369.9731
800.50806	1346.9283
800.55884	1326.368
800.60968	1312.3833
800.66046	1290.2502
800.71124	1295.4994
800.76208	1293.3356
800.81287	1313.7079
800.86365	1402.5747
800.91449	1378.7987
800.96527	1300.7179
801.01611	1537.6594
801.06689	1700.9095
801.11768	1456.2354
801.16852	1408.0911
801.2193	1453.3977
801.27008	1400.4561
801.32092	1381.1144
801.3717	1390.5992
801.42255	1441.7544
801.47333	1419.7762
801.52411	1422.8887
801.57495	1480.5637
801.62573	1378.5745
801.67657	1308.9626
801.72736	1328.1295
801.77814	1267.7463
801.82898	1311.3673
801.87976	1355.0859
801.93054	1506.1274
801.98138	1532.2402
802.03217	1420.4803
802.08301	1694.0824
802.13379	1772.2627
802.18457	1333.7106
802.23541	1382.186
802.28619	1448.8292
802.33698	1359.5315
802.38782	1418.8101
802.4386	1386.8579
802.48944	1345.9645
802.54022	1359.7639
802.591	1415.5184
802.64185	1352.7639
802.69263	1365.3645
802.74341	1385.2738
802.79425	1394.3083
802.84503	1348.9332
802.89587	1336.0721
802.94666	1405.526
802.99744	1485.0065
803.04828	1414.0052
803.09906	1426.7225
803.1499	1437.2058
803.20068	1563.038
803.25146	1298.8778
803.30231	1426.7334
803.35309	1589.5897
803.40387	1513.4421
803.45471	1472.6477
803.50549	1438.5719
803.55634	1279
803.60712	1342.7245
803.6579	1459.9225
803.70874	1330.5748
803.75952	1415.4786
803.8103	1325.4486
803.86115	1513.7648
803.91193	1660.9851
803.96277	1475.4907
804.01355	1335.1917
804.06433	1373.9458
804.11517	1320.8015
804.16595	1296.1145
804.21674	1415.1775
804.26758	1382.062
804.31836	1419.4762
804.3692	1418.1588
804.41998	1633.9664
804.47076	1330.9198
804.52161	1554.8578
804.57239	1542.9296
804.62323	1374.2135
804.67401	1379.4703
804.72479	1302.3917
804.77563	1334.7885
804.82642	1337.0166
804.8772	1286.4061
804.92804	1316.4624
804.97882	1320.8574
805.02966	1429.8127
805.08044	1368.8442
805.13123	1526.417
805.18207	1414.5956
805.23285	1358.0533
805.28363	1593.165
805.33447	1971.6471
805.38525	1511.4214
805.4361	1266.4432
805.48688	1269.8759
805.53766	1340.9091
805.5885	1318.978
805.63928	1375.8228
805.69006	1417.73
805.74091	1403.2683
805.79169	1338.0221
805.84253	1430.9698
805.89331	1549.0516
805.94409	1427.7455
805.99493	1295.0649
806.04572	1582.3412
806.09656	1486.778
806.14734	1677.2445
806.19812	1452.6563
806.24896	2262.74
806.29974	2041.9358
806.35052	1590.6746
806.40137	1466.8119
806.45215	1330.4701
806.50299	1389.0544
806.55377	1330.8778
806.60455	1453.9523
806.6554	1455.2662
806.70618	1422.934
806.75696	1510.3817
806.8078	1487.942
806.85858	1455.8319
806.90942	1607.2101
806.96021	1947.0023
807.01099	1312.3275
807.06183	1395.4838
807.11261	1344.5859
807.16339	1321.765
807.21423	1265.1005
807.26501	1485.2426
807.31586	1512.7195
807.36664	1323.8971
807.41742	1351.9407
807.46826	1431.1201
807.51904	1346.9708
807.56989	1435.5237
807.62067	1361.1034
807.67145	1473.1942
807.72229	1480.9653
807.77307	1485.7125
807.82385	1612.7084
807.87469	1415.8479
807.92548	1356.2048
807.97632	1794.2028
808.0271	1441.2004
808.07788	1454.7383
808.12872	1344.0543
808.1795	1621.1556
808.23029	1323.6794
808.28113	1338.1552
808.33191	1554.3949
808.38275	2531.0535
808.43353	1496.9066
808.48431	1423.6575
808.53516	1498.1224
808.58594	1451.1095
808.63672	1416.8512
808.68756	1422.5548
808.73834	1455.1796
808.78918	1378.2484
808.83997	1360.5348
808.89075	1355.4386
808.94159	1444.3499
808.99237	1509.4276
809.04321	1375.4502
809.09399	1427.62
809.14478	1353.3408
809.19562	1357.3008
809.2464	1408.7078
809.29718	1409.1522
809.34802	1432.0231
809.3988	1306.4779
809.44965	1420.2853
809.50043	1485.993
809.55121	1459.4506
809.60205	1714.4882
809.65283	1358.6256
809.70361	1424.6273
809.75446	1472.2837
809.80524	1393.1395
809.85608	1336.8091
809.90686	1262.9348
809.95764	1410.6338
810.00848	1466.4387
810.05927	1744.4304
810.11005	1423.8793
810.16089	1379.6597
810.21167	1392.1226
810.26251	1458.8481
810.31329	1646.0901
810.36407	1504.6594
810.41492	1503.3976
810.4657	1572.3733
810.51654	1843.4857
810.56732	1410.9072
810.6181	1396.0425
810.66895	1365.5352
810.71973	1368.3317
810.77051	1388.3397
810.82135	1384.3091
810.87213	2510.8337
810.92297	1742.9087
810.97375	1338.7235
811.02454	1419.2037
811.07538	1403.6403
811.12616	1368.9004
811.17694	1292.4453
811.22778	1411.3512
811.27856	1374.838
811.32941	1390.2588
811.38019	1464.8933
811.43097	1389.0756
811.48181	1459.8512
811.53259	1477.9471
811.58337	1374.4337
811.63422	1371.2015
811.685	1343.5764
811.73584	1304.8119
811.78662	1435.7716
811.8374	1408.0721
811.88824	1300.9417
811.93903	1432.9243
811.98987	1476.7482
812.04065	1425.7161
812.09143	1313.406
812.14227	1389.0494
812.19305	1536.6167
812.24384	1531.8719
812.29468	1668.4138
812.34546	1468.2615
812.3963	1315.7179
812.44708	1443.1367
812.49786	1388.3185
812.54871	1360.3641
812.59949	1567.6807
812.65027	1467.9885
812.70111	1400.0599
812.75189	1328.976
812.80273	1479.3335
812.85352	1464.5211
812.9043	1457.8629
812.95514	1413.1365
813.00592	1331.0446
813.0567	1359.3119
813.10754	1392.5842
813.15833	1352.6991
813.20917	1378.1796
813.25995	1336.5593
813.31073	1365.2356
813.36157	1317.0668
813.41235	1296.0928
813.4632	1308.5333
813.51398	1345.0409
813.56476	1297.4956
813.6156	1261.9005
813.66638	1439.1785
813.71716	1598.4504
813.76801	1490.2788
813.81879	1483.0178
813.86963	1470.4614
813.92041	1457.4385
813.97119	1610.5452
814.02203	1420.9165
814.07281	1344.9197
814.1236	1332.3882
814.17444	1314.0068
814.22522	1393.5013
814.27606	1377.8033
814.32684	1366.9562
814.37762	1389.7164
814.42847	1440.9442
814.47925	1448.8279
814.53003	1489.5267
814.58087	1332.1332
814.63165	1368.4606
814.6825	1450.6895
814.73328	1512.9108
814.78406	1434.1232
814.8349	1415.1019
814.88568	1418.2606
814.93652	1363.1689
814.9873	1463.1984
815.03809	1351.3822
815.08893	1290.4626
815.13971	1350.3064
815.19049	1364.6298
815.24133	1312.3633
815.29211	1436.5116
815.34296	1591.4126
815.39374	1554.8562
815.44452	1422.7837
815.49536	1324.1332
815.54614	1382.7155
815.59692	1400.7607
815.64777	1338.5559
815.69855	1272.7795
815.74939	1301.2648
815.80017	1343.6998
815.85095	1357.6946
815.90179	1278.6156
815.95258	1389.3109
816.00336	1415.4998
816.0542	1420.1809
816.10498	1348.9484
816.15582	1269.7081
816.2066	1377.1338
816.25739	1404.2494
816.30823	1371.8695
816.35901	1427.2516
816.40985	1391.3055
816.46063	1422.8939
816.51141	1502.3218
816.56226	1491.9404
816.61304	1369.653
816.66382	1312.9645
816.71466	1333.4943
816.76544	1393.3606
816.81628	1347.0011
816.86707	1382.8607
816.91785	1404.5502
816.96869	1441.1515
817.01947	1390.1305
817.07025	1281.5745
817.12109	1322.0525
817.17188	1496.4542
817.22272	1402.0817
817.2735	1915.7372
817.32428	1405.8715
817.37512	1365.8589
817.4259	1410.452
817.47668	1418.0209
817.52753	1349.9283
817.57831	1519.3395
817.62915	1505.8497
817.67993	1488.7753
817.73071	1416.9363
817.78156	1358.9153
817.83234	1355.5375
817.88318	1304.1544
817.93396	1350.4636
817.98474	1390.1855
818.03558	1422.111
818.08636	1386.3607
818.13715	1453.37
818.18799	1477.4872
818.23877	1381.9493
818.28961	1565.3171
818.34039	1338.6667
818.39117	1258.442
818.44202	1259.9169
818.4928	1291.8477
818.54358	1292.9922
818.59442	1339.5283
818.6452	1443.1626
818.69604	1337.9332
818.74683	1318.7898
818.79761	1397.8969
818.84845	1310.5317
818.89923	1567.119
818.95001	1295.63
819.00085	1278.8936
819.05164	1311.7844
819.10248	1408.724
819.15326	1290.6918
819.20404	1339.3864
819.25488	1321.0464
819.30566	1369.5168
819.35651	1396.2363
819.40729	1265.2855
819.45807	1454.2432
819.50891	1385.4425
819.55969	1261.4471
819.61047	1325.6425
819.66132	1267.967
819.7121	1579.9247
819.76294	1354.5616
819.81372	1376.205
819.8645	1343.3993
819.91534	1495.3799
819.96613	1847.4674
820.01691	1220.6346
820.06775	1405.1871
820.11853	1260.3953
820.16937	1720.3931
820.22015	1490.8126
820.27094	1348.417
820.32178	1433.2045
820.37256	1270.907
820.42334	1675.4575
820.47418	1368.8831
820.52496	1275.9366
820.57581	1328.4553
820.62659	1425.7939
820.67737	1365.4478
820.72821	1329.9005
820.77899	1330.844
820.82983	1372.0698
820.88062	1317.3302
820.9314	1220.8923
820.98224	1360.473
821.03302	1353.2502
821.0838	1297.1177
821.13464	1819.6843
821.18542	1349.0385
821.23627	1268.5687
821.28705	1366.7875
821.33783	1358.921
821.38867	1287.0486
821.43945	1462.8999
821.49023	1238.6168
821.54108	1321.713
821.59186	1286.8125
821.6427	1443.9298
821.69348	1483.3352
821.74426	1292.9509
821.7951	1562.6945
821.84589	1485.4584
821.89667	1290.9459
821.94751	1538.3269
821.99829	1342.7081
822.04913	1442.3905
822.09991	1394.2769
822.1507	1260.6538
822.20154	1277.8854
822.25232	1285.8187
822.30316	1280.3816
822.35394	1600.0471
822.40472	1379.705
822.45557	1278.6715
822.50635	1373.9268
822.55713	1464.3115
822.60797	1296.7158
822.65875	1222.1876
822.70959	1307.8403
822.76038	1447.3622
822.81116	1313.0978
822.862	1338.0178
822.91278	1526.1298
822.96356	1423.0293
823.0144	1235.1211
823.06519	1365.3181
823.11603	1349.4877
823.16681	1506.7881
823.21759	1348.1178
823.26843	1236.848
823.31921	1247.3827
823.37	1282.8616
823.42084	1261.3358
823.47162	1713.8163
823.52246	1463.0797
823.57324	1432.8108
823.62402	1370.4132
823.67487	1371.2705
823.72565	1234.9796
823.77649	1244.0466
823.82727	1210.9354
823.87805	1294.0825
823.92889	1292.4954
823.97968	1339.1289
824.03046	1396.7823
824.0813	1456.0446
824.13208	1332.5133
824.18292	1466.6984
824.2337	1288.8181
824.28448	1301.4746
824.33533	1304.7032
824.38611	1453.8917
824.43689	1376.4888
824.48773	1284.3517
824.53851	1277.3064
824.58936	1275.1165
824.64014	1250.0627
824.69092	1455.908
824.74176	1513.3926
824.79254	1279.7932
824.84332	1174.8461
824.89417	1391.1947
824.94495	1291.9199
824.99579	1278.3606
825.04657	1313.2927
825.09735	1303.6361
825.14819	1324.0056
825.19897	1494.839
825.24982	1408.2816
825.3006	1348.6991
825.35138	1298.2976
825.40222	1259.1166
825.453	1319.1544
825.50378	1312.7712
825.55463	1272.9161
825.60541	1208.9709
825.65625	1296.9399
825.70703	1413.4011
825.75781	1688.5077
825.80865	1422.9138
825.85944	1241.1907
825.91022	1269.8625
825.96106	1322.395
826.01184	1318.2427
826.06268	1266.2382
826.11346	1283.1895
826.16425	1307.4606
826.21509	1463.4526
826.26587	1450.4664
826.31665	1378.1768
826.36749	1356.4288
826.41827	1277.2938
826.46912	1385.9478
826.5199	1422.9756
826.57068	1328.7324
826.62152	1253.0203
826.6723	1331.9667
826.72314	1326.5848
826.77393	1316.7108
826.82471	1351.9191
826.87555	1315.6154
826.92633	1286.262
826.97711	1342.7136
827.02795	1576.4456
827.07874	1516.4143
827.12958	1356.3021
827.18036	1346.1588
827.23114	1330.4156
827.28198	1272.0781
827.33276	1319.7959
827.38354	1585.6835
827.43439	1513.4695
827.48517	1256.645
827.53601	1239.5551
827.58679	1249.2302
827.63757	1300.2677
827.68842	1427.2485
827.7392	1355.6718
827.78998	1295.1703
827.84082	1533.9088
827.8916	1534.5159
827.94244	1338.0017
827.99323	1399.2339
828.04401	1446.8129
828.09485	1329.1799
828.14563	1273.1949
828.19647	1374.9696
828.24725	1420.3739
828.29803	1355.1337
828.34888	1278.7677
828.39966	1270.1787
828.45044	1258.6382
828.50128	1382.9901
828.55206	1485.2649
828.60291	1364.1095
828.65369	1290.8979
828.70447	1320.4402
828.75531	1413.9753
828.80609	1395.6289
828.85687	1362.0682
828.90771	1378.572
828.9585	1311.2555
829.00934	1261.5699
829.06012	1244.6309
829.1109	1354.4287
829.16174	1505.9221
829.21252	1379.4441
829.26331	1252.9355
829.31415	1317.188
829.36493	1381.1709
829.41577	1369.0375
829.46655	1319.7128
829.51733	1341.3365
829.56818	1408.8468
829.61896	1402.4836
829.6698	1381.1305
829.72058	1484.0164
829.77136	1396.3143
829.8222	1336.5111
829.87299	1339.1823
829.92377	1336.3445
829.97461	1435.6597
830.02539	1341.5114
830.07623	1344.4535
830.12701	1329.0168
830.1778	1479.2257
830.22864	1614.3522
830.27942	1383.2137
830.3302	1315.2218
830.38104	1275.9366
830.43182	1277.9758
830.48267	1303.7247
830.53345	1309.7811
830.58423	1288.9365
830.63507	1285.2521
830.68585	1369.0759
830.73669	1422.7341
830.78748	1736.5494
830.83826	1771.9004
830.8891	1407.04
830.93988	1359.3043
830.99066	1331.5514
831.0415	1317.6263
831.09229	1353.4481
831.14313	1422.4205
831.19391	1532.8099
831.24469	1449.9291
831.29553	1310.1768
831.34631	1316.287
831.39709	1295.4231
831.44794	1307.3784
831.49872	1296.0947
831.54956	1289.6139
831.60034	1275.1056
831.65112	1243.1565
831.70197	1287.3789
831.75275	1240.8518
831.80353	1417.082
831.85437	1565.686
831.90515	1396.6039
831.95599	1415.4716
832.00677	1382.5054
832.05756	1380.1317
832.1084	1392.387
832.15918	1336.6624
832.21002	1301.8361
832.2608	1343.9213
832.31158	1316.2795
832.36243	1234.1444
832.41321	1232.2305
832.46399	1263.1958
832.51483	1272.5947
832.56561	1326.2939
832.61646	1379.8074
832.66724	1299.4871
832.71802	1455.1294
832.76886	1709.4258
832.81964	1453.9349
832.87042	1334.2893
832.92126	1422.4781
832.97205	1366.6578
833.02289	1273.2374
833.07367	1311.3955
833.12445	1454.0085
833.17529	1364.9509
833.22607	1397.1846
833.27686	1430.89
833.3277	1326.2301
833.37848	1300.0713
833.42932	1303.7092
833.4801	1260.2864
833.53088	1314.4287
833.58173	1368.3473
833.63251	1497.8745
833.68335	1457.9441
833.73413	1354.2957
833.78491	1722.6456
833.83575	1792.8682
833.88654	1334.3385
833.93732	1386.0449
833.98816	1404.6588
834.03894	1281.6697
834.08978	1363.0985
834.14056	1371.0483
834.19135	1367.5448
834.24219	1388.1165
834.29297	1355.4866
834.34375	1301.0758
834.39459	1301.3353
834.44537	1309.5928
834.49622	1341.8918
834.547	1330.0419
834.59778	1282.7791
834.64862	1354.8552
834.6994	1495.3466
834.75018	1386.8668
834.80103	1367.6772
834.85181	1391.9156
834.90265	1482.2147
834.95343	1309.9855
835.00421	1430.166
835.05505	1625.7842
835.10583	1520.7466
835.15668	1402.0885
835.20746	1340.0206
835.25824	1258.1324
835.30908	1312.0179
835.35986	1398.3953
835.41064	1313.2319
835.46149	1339.3945
835.51227	1325.6505
835.56311	1494.2063
835.61389	1597.9139
835.66467	1403.5345
835.71552	1307.0928
835.7663	1330.0687
835.81708	1300.1281
835.86792	1305.3184
835.9187	1384.3218
835.96954	1373.9641
836.02032	1418.775
836.07111	1465.8193
836.12195	1589.491
836.17273	1418.5377
836.22351	1526.8981
836.27435	1498.2144
836.32513	1316.1927
836.37598	1368.0013
836.42676	1317.1364
836.47754	1327.3409
836.52838	1319.4055
836.57916	1261.7466
836.63	1275.4177
836.68079	1354.7979
836.73157	1438.8604
836.78241	1447.8013
836.83319	1547.0529
836.88397	1405.3247
836.93481	1401.0088
836.9856	1604.2347
837.03644	1789.2921
837.08722	1451.9142
837.138	1268.9966
837.18884	1281.3002
837.23962	1342.3484
837.29041	1333.6204
837.34125	1338.0397
837.39203	1339.793
837.44287	1341.0879
837.49365	1302.0656
837.54443	1457.4495
837.59528	1490.076
837.64606	1375.2203
837.69684	1409.4904
837.74768	1494.606
837.79846	1470.7504
837.8493	1522.0724
837.90009	1672.1282
837.95087	2109.7754
838.00171	1831.285
838.05249	1543.0112
838.10333	1403.1414
838.15411	1365.1692
838.2049	1366.897
838.25574	1386.3876
838.30652	1456.8142
838.3573	1382.9635
838.40814	1480.955
838.45892	1479.9701
838.50977	1456.8787
838.56055	1450.7247
838.61133	1687.6282
838.66217	1684.2531
838.71295	1403.5011
838.76373	1377.8271
838.81458	1268.6823
838.86536	1249.7738
838.9162	1346.4943
838.96698	1501.6224
839.01776	1400.9871
839.0686	1337.8629
839.11938	1439.0245
839.17017	1470.8315
839.22101	1352.9301
839.27179	1341.183
839.32263	1356.579
839.37341	1400.7825
839.42419	1423.8807
839.47504	1518.1644
839.52582	1535.0634
839.57666	1378.026
839.62744	1571.1146
839.67822	1700.7786
839.72906	1446.238
839.77985	1391.89
839.83063	1439.8611
839.88147	1513.392
839.93225	1323.8373
839.98309	1392.4707
840.03387	1871.052
840.08466	2025.2197
840.1355	1425.2314
840.18628	1484.1653
840.23706	1508.6273
840.2879	1426.006
840.33868	1403.5022
840.38953	1444.8916
840.44031	1385.9819
840.49109	1341.2894
840.54193	1360.6595
840.59271	1368.035
840.64349	1435.4349
840.69434	1397.991
840.74512	1420.8439
840.79596	1402.717
840.84674	1319.6215
840.89752	1330.8287
840.94836	1391.7264
840.99915	1396.2206
841.04999	1330.4929
841.10077	1288.979
841.15155	1442.7924
841.20239	1486.9177
841.25317	1557.2435
841.30396	1472.1464
841.3548	1370.9014
841.40558	1458.5396
841.45642	1456.033
841.5072	1381.7542
841.55798	1295.059
841.60883	1307.9877
841.65961	1439.7819
841.71039	1637.3533
841.76123	1562.3848
841.81201	1386.2869
841.86285	1399.4651
841.91364	1425.5366
841.96442	1555.9932
842.01526	1638.4564
842.06604	1469.3042
842.11682	1479.8833
842.16766	1689.0984
842.21844	1669.0458
842.26929	1359.3702
842.32007	1407.4878
842.37085	1381.2548
842.42169	1358.8384
842.47247	1378.9154
842.52332	2007.7507
842.5741	2226.854
842.62488	1417.9407
842.67572	1371.9004
842.7265	1440.6068
842.77728	1405.2467
842.82813	1333.0696
842.87891	1361.2972
842.92975	1399.5809
842.98053	1396.5703
843.03131	1495.4271
843.08215	1488.5562
843.13293	1435.1611
843.18372	1423.8403
843.23456	1365.3188
843.28534	1350.7299
843.33618	1360.8562
843.38696	1328.2816
843.43774	1382.3074
843.48859	1453.9832
843.53937	1377.7057
843.59015	1353.3232
843.64099	1423.504
843.69177	1447.5883
843.74261	1374.5455
843.7934	1372.886
843.84418	1477.3882
843.89502	1526.3274
843.9458	1629.2019
843.99664	1555.9623
844.04742	1320.3594
844.09821	1410.4731
844.14905	1444.7684
844.19983	1370.6086
844.25061	1495.3834
844.30145	1504.3164
844.35223	1413.334
844.40308	1406.522
844.45386	1432.4982
844.50464	1472.2247
844.55548	1480.1908
844.60626	1462.6826
844.65704	1343.547
844.70789	1385.3878
844.75867	1404.9417
844.80951	1341.6599
844.86029	1408.6746
844.91107	1416.7574
844.96191	1367.809
845.0127	1337.1248
845.06348	1337.8223
845.11432	1337.0946
845.1651	1326.5865
845.21594	1348.2054
845.26672	1347.6632
845.3175	1426.5363
845.36835	1541.3003
845.41913	1535.8671
845.46997	1446.7068
845.52075	1446.2621
845.57153	1430.6147
845.62238	1543.9003
845.67316	1474.1733
845.72394	1325.1062
845.77478	1320.595
845.82556	1312.7352
845.8764	1415.3677
845.92719	1416.9323
845.97797	1381.5906
846.02881	1397.8671
846.07959	1413.478
846.13037	1426.8109
846.18121	1483.7482
846.23199	1369.344
846.28284	1393.4462
846.33362	1464.783
846.3844	1560.929
846.43524	1520.8318
846.48602	1405.6813
846.5368	1407.4064
846.58765	1403.5228
846.63843	1497.2061
846.68927	1419.0974
846.74005	1295.7317
846.79083	1332.8313
846.84167	1405.7758
846.89246	1398.2445
846.9433	1482.3439
846.99408	1598.8835
847.04486	1549.5841
847.0957	1418.5183
847.14648	1336.6588
847.19727	1355.4647
847.24811	1394.751
847.29889	1396.3866
847.34973	1347.9274
847.40051	1356.0125
847.45129	1362.9612
847.50214	1346.0149
847.55292	1283.8081
847.6037	1344.4883
847.65454	1440.0599
847.70532	1455.5961
847.75616	1344.2646
847.80695	1304.0029
847.85773	1359.5825
847.90857	1385.6154
847.95935	1394.2549
848.01013	1450.733
848.06097	1412.8225
848.11176	1413.0641
848.1626	1531.1355
848.21338	1491.1215
848.26416	1381.5978
848.315	1341.5133
848.36578	1379.8829
848.41663	1400.1328
848.46741	1393.3478
848.51819	1406.4176
848.56903	1409.9839
848.61981	1417.3535
848.67059	1359.3994
848.72144	1288.7616
848.77222	1378.4487
848.82306	1467.2878
848.87384	1488.4515
848.92462	1905.5197
848.97546	1400.5862
849.02625	1355.6304
849.07703	1412.4607
849.12787	1444.2823
849.17865	1361.0836
849.22949	1541.4984
849.28027	1540.9746
849.33105	1481.7397
849.3819	1409.9658
849.43268	1384.7417
849.48346	1386.8979
849.5343	1336.1835
849.58508	1343.08
849.63593	1352.8265
849.68671	1336.2072
849.73749	1393.7212
849.78833	1504.9227
849.83911	1459.1029
849.88995	1464.4979
849.94073	1572.162
849.99152	1362.8336
850.04236	1306.0505
850.09314	1299.2787
850.14392	1341.1223
850.19476	1355.3563
850.24554	1374.7931
850.29639	1386.3763
850.34717	1309.4537
850.39795	1326.025
850.44879	1351.8824
850.49957	1398.5927
850.55035	1582.9874
850.6012	1260.9055
850.65198	1296.5199
850.70282	1388.8467
850.7536	1455.0557
850.80438	1300.4189
850.85522	1331.1387
850.90601	1353.4602
850.95679	1426.4923
851.00763	1348.6553
851.05841	1341.3458
851.10925	1432.249
851.16003	1317.8939
851.21082	1282.5577
851.26166	1321.7203
851.31244	1339.7559
851.36328	1521.5093
851.41406	1429.5156
851.46484	1379.6107
851.51569	1354.7775
851.56647	1614.5807
851.61725	1737.8829
851.66809	1300.6498
851.71887	1355.5045
851.76971	1471.2039
851.8205	1726.9915
851.87128	1498.6022
851.92212	1402.8502
851.9729	1393.4924
852.02368	1335.2374
852.07452	1583.8268
852.12531	1332.9553
852.17615	1265.2563
852.22693	1311.9597
852.27771	1396.557
852.32855	1331.1805
852.37933	1327.5984
852.43011	1328.8871
852.48096	1344.7375
852.53174	1398.4855
852.58258	1273.1472
852.63336	1340.5551
852.68414	1353.9774
852.73499	1476.1923
852.78577	1673.8292
852.83661	1302.6084
852.88739	1288.522
852.93817	1343.8224
852.98901	1339.8998
853.03979	1331.3604
853.09058	1394.3127
853.14142	1335.5083
853.1922	1348.0834
853.24304	1376.4839
853.29382	1471.5789
853.3446	1405.4628
853.39545	1358.3324
853.44623	1564.2834
853.49701	1466.4464
853.54785	1389.7406
853.59863	1580.9065
853.64948	1390.6256
853.70026	1442.2867
853.75104	1353.1768
853.80188	1314.4022
853.85266	1221.5791
853.90344	1295.9424
853.95428	1414.0264
854.00507	1607.9047
854.05591	1314.4258
854.10669	1342.8618
854.15747	1449.2692
854.20831	1422.4451
854.25909	1279.9011
854.30994	1315.3993
854.36072	1457.8622
854.4115	1475.2557
854.46234	1359.5516
854.51312	1489.1967
854.5639	1510.1409
854.61475	1327.1328
854.66553	1349.2365
854.71637	1384.231
854.76715	1428.5613
854.81793	1519.4205
854.86877	1311.1254
854.91956	1325.8463
854.97034	1344.6215
855.02118	1350.5396
855.07196	1455.8425
855.1228	1798.192
855.17358	1385.8229
855.22437	1385.9808
855.27521	1451.1732
855.32599	1366.1016
855.37677	1225.0823
855.42761	1287.8883
855.47839	1305.6814
855.52924	1333.2654
855.58002	1289.8401
855.6308	1348.2777
855.68164	1456.6642
855.73242	1436.4139
855.78326	1374.5051
855.83405	1410.199
855.88483	1317.2357
855.93567	1371.3629
855.98645	1389.6141
856.03723	1437.1549
856.08807	1295.2697
856.13885	1249.9655
856.1897	1231.627
856.24048	1259.5376
856.29126	1380.6322
856.3421	1537.282
856.39288	1370.835
856.44366	1234.4067
856.49451	1278.5576
856.54529	1391.6014
856.59613	1326.2717
856.64691	1385.3695
856.69769	1362.217
856.74854	1352.4686
856.79932	1419.9824
856.8501	1540.8477
856.90094	1325.2343
856.95172	1322.4276
857.00256	1311.8607
857.05334	1314.4425
857.10413	1297.5624
857.15497	1306.5055
857.20575	1361.4436
857.25659	1324.4752
857.30737	1424.5508
857.35815	1611.9678
857.409	1623.6469
857.45978	1222.2917
857.51056	1297.1743
857.5614	1319.1882
857.61218	1348.9382
857.66302	1354.2977
857.71381	1345.5972
857.76459	1324.2874
857.81543	1432.4414
857.86621	1557.8883
857.91699	1381.9806
857.96783	1359.8132
858.01862	1267.723
858.06946	1284.2562
858.12024	1420.9736
858.17102	1332.8291
858.22186	1314.0773
858.27264	1272.2598
858.32343	1364.5063
858.37427	1322.1671
858.42505	1355.5322
858.47589	1350.6823
858.52667	1254.1105
858.57745	1249.6633
858.6283	1434.8341
858.67908	1575.297
858.72992	1354.736
858.7807	1367.1956
858.83148	1407.6465
858.88232	1372.2036
858.93311	1348.2086
858.98389	1554.6134
859.03473	1651.2714
859.08551	1357.4401
859.13635	1323.6051
859.18713	1305.2169
859.23792	1258.0818
859.28876	1386.3828
859.33954	1377.6453
859.39032	1312.2639
859.44116	1538.7361
859.49194	1660.6688
859.54279	1327.3032
859.59357	1324.4165
859.64435	1503.7655
859.69519	1402.9674
859.74597	1270.9434
859.79675	1325.8203
859.8476	1401.6034
859.89838	1347.7323
859.94922	1328.3856
860	1351.7804
860.05078	1337.7294
860.10162	1403.6964
860.1524	1471.2034
860.20325	1361.8093
860.25403	1366.3799
860.30481	1366.7805
860.35565	1398.4513
860.40643	1420.3381
860.45721	1392.3997
860.50806	1421.0634
860.55884	1354.0248
860.60968	1325.4073
860.66046	1310.3698
860.71124	1368.7283
860.76208	1506.1686
860.81287	1411.9227
860.86365	1270.0543
860.91449	1281.6398
860.96527	1320.4156
861.01611	1336.7468
861.06689	1335.1458
861.11768	1354.1818
861.16852	1393.9897
861.2193	1401.5791
861.27008	1411.7771
861.32092	1513.2764
861.3717	1483.8951
861.42255	1392.1951
861.47333	1310.9816
861.52411	1292.1102
861.57495	1390.7322
861.62573	1367.489
861.67657	1403.2246
861.72736	1402.8839
861.77814	1505.4598
861.82898	1614.819
861.87976	1445.3672
861.93054	1322.5454
861.98138	1266.2794
862.03217	1266.186
862.08301	1307.7719
862.13379	1362.6328
862.18457	1322.9417
862.23541	1338.7683
862.28619	1398.6222
862.33698	1448.5758
862.38782	1772.2008
862.4386	1742.0931
862.48944	1435.9784
862.54022	1372.7813
862.591	1310.2469
862.64185	1298.9374
862.69263	1325.9265
862.74341	1474.512
862.79425	1599.4763
862.84503	1486.379
862.89587	1377.9688
862.94666	1336.1903
862.99744	1331.3427
863.04828	1333.649
863.09906	1285.3228
863.1499	1302.8853
863.20068	1262.8625
863.25146	1226.4807
863.30231	1276.6178
863.35309	1253.0825
863.40387	1474.8256
863.45471	1586.3669
863.50549	1459.7329
863.55634	1434.2188
863.60712	1377.2664
863.6579	1381.0814
863.70874	1426.9314
863.75952	1345.6702
863.8103	1294.2523
863.86115	1311.2227
863.91193	1268.3386
863.96277	1250.9473
864.01355	1357.9666
864.06433	1363.776
864.11517	1306.1686
864.16595	1372.5487
864.21674	1343.7788
864.26758	1255.8549
864.31836	1551.0165
864.3692	1655.4624
864.41998	1377.9453
864.47076	1373.4923
864.52161	1384.7148
864.57239	1339.5082
864.62323	1306.608
864.67401	1350.7329
864.72479	1437.7809
864.77563	1385.2455
864.82642	1384.4962
864.8772	1350.4042
864.92804	1323.3574
864.97882	1346.5815
865.02966	1293.6272
865.08044	1259.1163
865.13123	1341.1663
865.18207	1419.8152
865.23285	1517.0286
865.28363	1399.7394
865.33447	1375.5244
865.38525	1799.717
865.4361	1598.8397
865.48688	1321.1372
865.53766	1518.6556
865.5885	1455.4601
865.63928	1359.9696
865.69006	1359.0214
865.74091	1340.764
865.79169	1314.6863
865.84253	1287.282
865.89331	1263.8904
865.94409	1294.1177
865.99493	1329.635
866.04572	1365.2496
866.09656	1321.8589
866.14734	1349.6337
866.19812	1303.5151
866.24896	1486.0049
866.29974	1519.2938
866.35052	1422.1787
866.40137	1367.355
866.45215	1523.2815
866.50299	1366.0555
866.55377	1265.4325
866.60455	1581.4005
866.6554	1542.6854
866.70618	1431.9313
866.75696	1459.8594
866.8078	1335.2173
866.85858	1266.111
866.90942	1516.1207
866.96021	1391.3693
867.01099	1392.6738
867.06183	1278.8903
867.11261	1409.1296
867.16339	1629.5807
867.21423	1559.2061
867.26501	1356.4268
867.31586	1276.5979
867.36664	1379.9849
867.41742	1241.6272
867.46826	1367.6547
867.51904	1309.2858
867.56989	1417.749
867.62067	1403.5518
867.67145	1686.9955
867.72229	1422.3777
867.77307	1485.6846
867.82385	1621.4457
867.87469	1398.8475
867.92548	1357.0895
867.97632	1301.9307
868.0271	1336.2421
868.07788	1303.9133
868.12872	1300.449
868.1795	1291.2145
868.23029	1324.8961
868.28113	1450.6876
868.33191	1393.0436
868.38275	1533.3175
868.43353	1366.2101
868.48431	1373.6031
868.53516	1391.7141
868.58594	1983.8774
868.63672	1614.7737
868.68756	1313.7211
868.73834	1253.7399
868.78918	1330.231
868.83997	1341.1912
868.89075	1329.1511
868.94159	1399.8713
868.99237	1419.5798
869.04321	1263.8109
869.09399	1386.9637
869.14478	1560.6758
869.19562	1427.3115
869.2464	1347.3368
869.29718	1571.7596
869.34802	1454.1959
869.3988	1648.9751
869.44965	1391.6836
869.50043	2218.1516
869.55121	2009.4235
869.60205	1661.9547
869.65283	1497.9574
869.70361	1287.1366
869.75446	1362.6476
869.80524	1388.4723
869.85608	1413.1368
869.90686	1420.9225
869.95764	1404.9447
870.00848	1559.7111
870.05927	1415.4056
870.11005	1467.6683
870.16089	1595.2567
870.21167	1879.0455
870.26251	1337.9515
870.31329	1442.3613
870.36407	1323.8451
870.41492	1350.4091
870.4657	1339.0098
870.51654	1507.7609
870.56732	1426.8818
870.6181	1382.1492
870.66895	1386.8994
870.71973	1465.1897
870.77051	1362.8135
870.82135	1385.1133
870.87213	1335.8779
870.92297	1400.4193
870.97375	1429.3995
871.02454	1465.4609
871.07538	1599.7115
871.12616	1350.1241
871.17694	1434.266
871.22778	1830.5476
871.27856	1471.552
871.32941	1462.918
871.38019	1389.5175
871.43097	1602.5547
871.48181	1328.3037
871.53259	1389.5934
871.58337	1663.0116
871.63422	2470.5579
871.685	1487.3607
871.73584	1454.1868
871.78662	1527.1938
871.8374	1450.7974
871.88824	1453.7136
871.93903	1432.2007
871.98987	1420.4828
872.04065	1304.7469
872.09143	1370.6287
872.14227	1413.918
872.19305	1543.2516
872.24384	1468.1184
872.29468	1426.8318
872.34546	1428.3872
872.3963	1309.4048
872.44708	1341.0281
872.49786	1379.7662
872.54871	1402.2882
872.59949	1425.3318
872.65027	1301.4719
872.70111	1394.0051
872.75189	1486.2245
872.80273	1528.0675
872.85352	1568.4695
872.9043	1377.8932
872.95514	1401.9845
873.00592	1416.759
873.0567	1418.7234
873.10754	1365.1132
873.15833	1362.2151
873.20917	1426.3026
873.25995	1559.1647
873.31073	1653.7655
873.36157	1398.1299
873.41235	1406.8478
873.4632	1457.3663
873.51398	1545.6975
873.56476	1696.3082
873.6156	1474.3722
873.66638	1489.7377
873.71716	1664.6512
873.76801	1723.8253
873.81879	1343.6383
873.86963	1376.2556
873.92041	1359.0701
873.97119	1402.0149
874.02203	1394.7625
874.07281	1882.3004
874.1236	2330.2793
874.17444	1447.0831
874.22522	1405.4988
874.27606	1468.1196
874.32684	1445.5471
874.37762	1402.7671
874.42847	1380.5315
874.47925	1435.1787
874.53003	1432.4629
874.58087	1482.8314
874.63165	1513.2134
874.6825	1444.8698
874.73328	1471.1204
874.78406	1456.2841
874.8349	1403.8287
874.88568	1389.8042
874.93652	1355.0593
874.9873	1433.2878
875.03809	1509.0225
875.08893	1414.7466
875.13971	1378.3918
875.19049	1458.677
875.24133	1440.6373
875.29211	1413.8011
875.34296	1410.0415
875.39374	1465.9854
875.44452	1554.98
875.49536	1635.2533
875.54614	1606.6433
875.59692	1394.2136
875.64777	1441.7861
875.69855	1457.1056
875.74939	1361.996
875.80017	1497.8663
875.85095	1525.1355
875.90179	1416.9834
875.95258	1403.3346
876.00336	1437.1832
876.0542	1478.4219
876.10498	1544.3945
876.15582	1495.5389
876.2066	1378.6849
876.25739	1404.6117
876.30823	1389.356
876.35901	1364.9287
876.40985	1416.1045
876.46063	1391.344
876.51141	1379.7977
876.56226	1377.6669
876.61304	1372.7056
876.66382	1332.3469
876.71466	1306.5898
876.76544	1324.3647
876.81628	1350.1062
876.86707	1447.9237
876.91785	1580.6199
876.96869	1548.2628
877.01947	1498.6925
877.07025	1503.1328
877.12109	1515.9003
877.17188	1617.4803
877.22272	1464.3524
877.2735	1419.6411
877.32428	1401.8983
877.37512	1384.3939
877.4259	1499.063
877.47668	1428.6398
877.52753	1414.2346
877.57831	1496.9729
877.62915	1516.3236
877.67993	1510.8539
877.73071	1540.2512
877.78156	1358.8817
877.83234	1427.901
877.88318	1539.991
877.93396	1619.2319
877.98474	1498.0055
878.03558	1427.2482
878.08636	1414.3085
878.13715	1404.9716
878.18799	1513.042
878.23877	1365.7258
878.28961	1311.9778
878.34039	1394.5469
878.39117	1393.714
878.44202	1442.2183
878.4928	1530.54
878.54358	1595.1724
878.59442	1597.5304
878.6452	1397.2017
878.69604	1389.791
878.74683	1392.9836
878.79761	1417.4351
878.84845	1384.7648
878.89923	1314.4264
878.95001	1355.8956
879.00085	1412.8114
879.05164	1376.7823
879.10248	1345.3895
879.15326	1486.688
879.20404	1423.356
879.25488	1549.6357
879.30566	1352.0332
879.35651	1321.3694
879.40729	1445.6815
879.45807	1462.837
879.50891	1439.546
879.55969	1480.3942
879.61047	1460.1091
879.66132	1487.975
879.7121	1589.0538
879.76294	1474.5657
879.81372	1437.9271
879.8645	1342.3147
879.91534	1425.5577
879.96613	1412.7496
880.01691	1433.5137
880.06775	1402.4491
880.11853	1470.8876
880.16937	1493.9728
880.22015	1389.6985
880.27094	1302.127
880.32178	1500.3668
880.37256	1402.5299
880.42334	1772.8567
880.47418	1791.3912
880.52496	1413.0953
880.57581	1418.0938
880.62659	1440.8406
880.67737	1413.6278
880.72821	1517.2815
880.77899	1605.8616
880.82983	1556.4625
880.88062	1492.4363
880.9314	1425.4526
880.98224	1381.3118
881.03302	1378.389
881.0838	1399.5778
881.13464	1364.6897
881.18542	1420.9261
881.23627	1406.3599
881.28705	1465.4066
881.33783	1569.4486
881.38867	1433.8256
881.43945	1580.0443
881.49023	1447.6517
881.54108	1379.9607
881.59186	1337.8651
881.6427	1340.9514
881.69348	1382.4679
881.74426	1372.285
881.7951	1452.9031
881.84589	1412.7346
881.89667	1363.3906
881.94751	1406.6067
881.99829	1370.0187
882.04913	1615.7069
882.09991	1458.8264
882.1507	1375.8481
882.20154	1424.4336
882.25232	1493.09
882.30316	1397.6763
882.35394	1366.0366
882.40472	1412.0056
882.45557	1488.5745
882.50635	1495.3885
882.55713	1368.5696
882.60797	1425.955
882.65875	1394.2645
882.70959	1410.6362
882.76038	1384.4316
882.81116	1347.451
882.862	1584.3287
882.91278	1474.9254
882.96356	1362.9113
883.0144	1383.8712
883.06519	1577.8896
883.11603	1896.6855
883.16681	1438.5732
883.21759	1356.0366
883.26843	1343.9321
883.31921	1705.2643
883.37	1580.9015
883.42084	1405.9366
883.47162	1464.0508
883.52246	1354.5015
883.57324	1669.0844
883.62402	1478.4612
883.67487	1357.1044
883.72565	1364.2041
883.77649	1441.0664
883.82727	1394.8478
883.87805	1366.307
883.92889	1411.1737
883.97968	1432.8199
884.03046	1404.0221
884.0813	1393.5272
884.13208	1411.8882
884.18292	1444.808
884.2337	1417.6141
884.28448	1860.6605
884.33533	1438.946
884.38611	1356.8713
884.43689	1436.2162
884.48773	1400.6221
884.53851	1371.7682
884.58936	1464.9517
884.64014	1365.1587
884.69092	1401.2462
884.74176	1320.1005
884.79254	1552.132
884.84332	1605.0529
884.89417	1377.397
884.94495	1606.1123
884.99579	1589.5283
885.04657	1461.4209
885.09735	1703.7122
885.14819	1417.2975
885.19897	1544.0603
885.24982	1458.1653
885.3006	1422.3549
885.35138	1393.8622
885.40222	1393.986
885.453	1354.5653
885.50378	1705.708
885.55463	1467.5192
885.60541	1439.2301
885.65625	1492.0055
885.70703	1593.5131
885.75781	1443.4713
885.80865	1349.0731
885.85944	1448.4995
885.91022	1585.7379
885.96106	1371.5347
886.01184	1488.7615
886.06268	1662.6594
886.11346	1355.1772
886.16425	1338.8959
886.21509	1469.8748
886.26587	1535.4388
886.31665	1641.5204
886.36749	1451.0818
886.41827	1447.959
886.46912	1494.3529
886.5199	1461.2631
886.57068	1375.7217
886.62152	1897.3927
886.6723	1423.5912
886.72314	1456.0601
886.77393	1552.9469
886.82471	1470.7075
886.87555	1345.1428
886.92633	1417.1666
886.97711	1438.0927
887.02795	1469.588
887.07874	1391.7018
887.12958	1369.2457
887.18036	1500.6088
887.23114	1520.1283
887.28198	1483.1448
887.33276	1547.5065
887.38354	1371.9891
887.43439	1489.1371
887.48517	1431.1273
887.53601	1501.4921
887.58679	1424.7773
887.63757	1390.3511
887.68842	1337.9557
887.7392	1367.2715
887.78998	1419.1775
887.84082	1687.3983
887.8916	1537.0438
887.94244	1324.5399
887.99323	1362.1505
888.04401	1482.6243
888.09485	1360.4558
888.14563	1471.7589
888.19647	1485.9465
888.24725	1413.0879
888.29803	1488.2662
888.34888	1609.1158
888.39966	1380.2974
888.45044	1411.6206
888.50128	1334.3329
888.55206	1367.8871
888.60291	1431.7465
888.65369	1428.5226
888.70447	1402.8301
888.75531	1349.8325
888.80609	1503.4739
888.85687	1666.7473
888.90771	1717.4454
888.9585	1356.8719
889.00934	1384.3274
889.06012	1366.9585
889.1109	1427.6509
889.16174	1396.7209
889.21252	1341.689
889.26331	1501.2352
889.31415	1622.0153
889.36493	1564.2092
889.41577	1461.0508
889.46655	1476.7391
889.51733	1432.1757
889.56818	1443.1313
889.61896	1532.8739
889.6698	1434.7245
889.72058	1463.7683
889.77136	1484.3519
889.8222	1442.5135
889.87299	1435.1294
889.92377	1451.8175
889.97461	1456.4282
890.02539	1366.7433
890.07623	1400.0641
890.12701	1640.8171
890.1778	1679.9736
890.22864	1442.5647
890.27942	1446.264
890.3302	1469.382
890.38104	1380.7181
890.43182	1366.0563
890.48267	1581.4976
890.53345	1614.2983
890.58423	1407.2159
890.63507	1442.5449
890.68585	1413.4851
890.73669	1417.6681
890.78748	1493.6222
890.83826	1407.1779
890.8891	1368.1351
890.93988	1558.7556
890.99066	1564.2524
891.0415	1361.8901
891.09229	1414.7015
891.14313	1519.4602
891.19391	1446.4647
891.24469	1389.6357
891.29553	1445.7
891.34631	1456.5762
891.39709	1401.3634
891.44794	1441.4122
891.49872	1452.6674
891.54956	1411.644
891.60034	1500.9113
891.65112	1495.9189
891.70197	1430.4584
891.75275	1431.1832
891.80353	1399.2557
891.85437	1570.8588
891.90515	1548.2335
891.95599	1580.8123
892.00677	1501.1206
892.05756	1377.1931
892.1084	1428.8718
892.15918	1382.5502
892.21002	1461.0364
892.2608	1656.233
892.31158	1522.1572
892.36243	1414.8607
892.41321	1419.9042
892.46399	1422.5402
892.51483	1426.6021
892.56561	1459.8856
892.61646	1476.4694
892.66724	1489.4465
892.71802	1481.5188
892.76886	1505.3717
892.81964	1589.4236
892.87042	1535.6041
892.92126	1509.3497
892.97205	1392.7772
893.02289	1423.1382
893.07367	1452.7963
893.12445	1424.9497
893.17529	1483.0144
893.22607	1446.9995
893.27686	1584.915
893.3277	1525.0769
893.37848	1460.3661
893.42932	1450.3358
893.4801	1385.1626
893.53088	1454.0842
893.58173	1482.4232
893.63251	1456.0438
893.68335	1387.5483
893.73413	1416.6039
893.78491	1414.2802
893.83575	1563.6146
893.88654	1850.7656
893.93732	1621.704
893.98816	1515.9968
894.03894	1482.1781
894.08978	1453.3704
894.14056	1526.7461
894.19135	1437.1271
894.24219	1581.5287
894.29297	1624.847
894.34375	1513.5311
894.39459	1531.1094
894.44537	1407.3555
894.49622	1428.0223
894.547	1468.3787
894.59778	1366.1897
894.64862	1367.3027
894.6994	1316.809
894.75018	1346.6113
894.80103	1380.2183
894.85181	1298.9158
894.90265	1621.0396
894.95343	1610.2559
895.00421	1551.1171
895.05505	1505.9812
895.10583	1440.7684
895.15668	1459.4668
895.20746	1506.2238
895.25824	1374.5392
895.30908	1318.0435
895.35986	1418.2396
895.41064	1391.3732
895.46149	1377.6362
895.51227	1390.4598
895.56311	1353.4812
895.61389	1505.5464
895.66467	1480.9106
895.71552	1349.6022
895.7663	1347.3309
895.81708	1715.9893
895.86792	1592.882
895.9187	1377.3467
895.96954	1509.6302
896.02032	1448.7357
896.07111	1417.4819
896.12195	1485.5559
896.17273	1583.9041
896.22351	1420.5684
896.27435	1369.8256
896.32513	1497.3969
896.37598	1449.7334
896.42676	1383.1799
896.47754	1473.7487
896.52838	1338.3264
896.57916	1423.9502
896.63	1438.8323
896.68079	1480.2572
896.73157	1477.7705
896.78241	1540.1284
896.83319	1545.8368
896.88397	2086.0432
896.93481	1412.871
896.9856	1441.4827
897.03644	1545.9421
897.08722	1431.1976
897.138	1400.5603
897.18884	1502.7671
897.23962	1475.0399
897.29041	1492.0858
897.34125	1477.718
897.39203	1384.6813
897.44287	1388.6892
897.49365	1387.4021
897.54443	1425.4268
897.59528	1361.2205
897.64606	1385.0767
897.69684	1416.7214
897.74768	1566.0778
897.79846	1536.8936
897.8493	1441.9863
897.90009	1640.4963
897.95087	1541.0782
898.00171	1355.0919
898.05249	1462.6593
898.10333	1544.801
898.15411	1462.9814
898.2049	1462.9299
898.25574	1483.0834
898.30652	1380.5347
898.3573	1410.6934
898.40814	1510.1207
898.45892	1465.1808
898.50977	1558.6923
898.56055	1387.2894
898.61133	1503.9031
898.66217	1569.7031
898.71295	1518.5748
898.76373	1374.9456
898.81458	1367.1135
898.86536	1403.5186
898.9162	1449.8383
898.96698	1437.6755
899.01776	1372.46
899.0686	1461.1042
899.11938	1500.7478
899.17017	1508.9932
899.22101	1439.1825
899.27179	1529.0203
899.32263	1571.333
899.37341	1385.5356
899.42419	1420.506
899.47504	1441.9382
899.52582	1568.5291
899.57666	1579.7699
899.62744	1352.8546
899.67822	1383.455
899.72906	1494.079
899.77985	1613.0948
899.83063	1544.8026
899.88147	1473.2365
899.93225	1409.4468
899.98309	1453.7477
900.03387	1760.0021
900.08466	1544.6715
900.1355	1376.6471
900.18628	1386.8964
900.23706	1399.8192
900.2879	1354.564
900.33868	1362.7803
900.38953	1386.7842
900.44031	1426.5588
900.49109	1361.6184
900.54193	1370.527
900.59271	1505.328
900.64349	1473.4738
900.69434	1517.6406
900.74512	1657.7231
900.79596	1468.4668
900.84674	1538.0046
900.89752	1440.6013
900.94836	1802.1357
900.99915	1830.7899
901.04999	1634.5717
901.10077	1464.985
901.15155	1350.9806
901.20239	1433.8744
901.25317	1483.5186
901.30396	1436.7141
901.3548	1438.1875
901.40558	1499.8391
901.45642	1476.8003
901.5072	1492.0784
901.55798	1456.2688
901.60883	1544.1127
901.65961	1740.6434
901.71039	1366.2355
901.76123	1356.118
901.81201	1349.3229
901.86285	1353.4808
901.91364	1429.9607
901.96442	1512.0082
902.01526	1422.3571
902.06604	1389.6831
902.11682	1450.0659
902.16766	1472.9568
902.21844	1329.5637
902.26929	1390.9221
902.32007	1377.6613
902.37085	1429.1415
902.42169	1443.9985
902.47247	1536.0642
902.52332	1544.3125
902.5741	1385.7094
902.62488	1431.7054
902.67572	1689.3314
902.7265	1570.3278
902.77728	1461.8477
902.82813	1387.8441
902.87891	1495.577
902.92975	1365.9048
902.98053	1359.9725
903.03131	1761.726
903.08215	2085.4812
903.13293	1413.5725
903.18372	1481.7524
903.23456	1539.0033
903.28534	1436.8328
903.33618	1403.228
903.38696	1403.1344
903.43774	1413.4099
903.48859	1309.5514
903.53937	1319.8707
903.59015	1416.7118
903.64099	1532.0476
903.69177	1414.8754
903.74261	1452.8964
903.7934	1425.9069
903.84418	1414.5435
903.89502	1383.4927
903.9458	1506.0068
903.99664	1440.3572
904.04742	1373.5538
904.09821	1307.592
904.14905	1359.6511
904.19983	1435.687
904.25061	1599.8168
904.30145	1474.9291
904.35223	1360.2103
904.40308	1358.0366
904.45386	1450.4744
904.50464	1364.2469
904.55548	1378.7314
904.60626	1397.7242
904.65704	1430.2573
904.70789	1492.0181
904.75867	1640.152
904.80951	1374.3079
904.86029	1397.6764
904.91107	1391.6646
904.96191	1514.1696
905.0127	1588.6439
905.06348	1454.7561
905.11432	1444.9467
905.1651	1425.8871
905.21594	1522.2692
905.26672	1467.4838
905.3175	1704.7926
905.36835	1267.5735
905.41913	1405.2686
905.46997	1380.507
905.52075	1883.6318
905.57153	1728.4348
905.62238	1343.9883
905.67316	1384.4128
905.72394	1407.8138
905.77478	1529.5128
905.82556	1462.1072
905.8764	1453.2944
905.92719	1402.1289
905.97797	1396.3721
906.02881	1568.6855
906.07959	1456.2137
906.13037	1428.0029
906.18121	1425.8373
906.23199	1457.2356
906.28284	1382.9847
906.33362	1409.316
906.3844	1454.2284
906.43524	1400.571
906.48602	1426.0466
906.5368	1448.6451
906.58765	1601.75
906.63843	1406.4667
906.68927	1420.6896
906.74005	1401.6044
906.79083	1449.256
906.84167	1342.5416
906.89246	1523.3169
906.9433	1765.6642
906.99408	1412.4102
907.04486	1364.0306
907.0957	1388.0951
907.14648	1379.2511
907.19727	1402.7974
907.24811	1475.1985
907.29889	1358.5537
907.34973	1478.3024
907.40051	1562.6615
907.45129	1461.8746
907.50214	1390.4143
907.55292	1515.6387
907.6037	1388.0184
907.65454	1365.8622
907.70532	1403.4053
907.75616	1465.3971
907.80695	1397.0741
907.85773	1391.0378
907.90857	1438.6443
907.95935	1400.2963
908.01013	1379.9868
908.06097	1477.2443
908.11176	1360.7695
908.1626	1373.5229
908.21338	1378.9489
908.26416	1460.7351
908.315	1554.8741
908.36578	1481.7225
908.41663	1475.338
908.46741	1462.5491
908.51819	1340.048
908.56903	1349.9089
908.61981	1588.6482
908.67059	1565.2256
908.72144	1463.1827
908.77222	1353.0989
908.82306	1355.3807
908.87384	1421.8966
908.92462	1410.6589
908.97546	1392.6399
909.02625	1463.6288
909.07703	1489.4946
909.12787	1447.8531
909.17865	1477.0387
909.22949	1489.1578
909.28027	1553.9768
909.33105	1461.1108
909.3819	1388.4506
909.43268	1434.9139
909.48346	1502.7144
909.5343	1417.8019
909.58508	1471.3729
909.63593	1495.298
909.68671	1500.2686
909.73749	1498.8633
909.78833	1450.2601
909.83911	1410.2728
909.88995	1349.793
909.94073	1354.8301
909.99152	1426.0762
910.04236	1525.1394
910.09314	1350.5059
910.14392	1386.2926
910.19476	1417.3981
910.24554	1432.0267
910.29639	1768.6481
910.34717	1592.6274
910.39795	1495.3984
910.44879	1440.7147
910.49957	1340.7601
910.55035	1365.0298
910.6012	1311.0651
910.65198	1577.5452
910.70282	1616.2133
910.7536	1426.8181
910.80438	1368.5533
910.85522	1283.9163
910.90601	1381.8252
910.95679	1435.6335
911.00763	1394.3422
911.05841	1364.5261
911.10925	1345.8202
911.16003	1398.1312
911.21082	1404.3054
911.26166	1326.4473
911.31244	1595.5615
911.36328	1484.681
911.41406	1486.4078
911.46484	1458.3304
911.51569	1433.7942
911.56647	1463.8435
911.61725	1437.968
911.66809	1382.8069
911.71887	1327.575
911.76971	1397.6539
911.8205	1351.7216
911.87128	1436.3824
911.92212	1453.4033
911.9729	1334.5474
912.02368	1370.9757
912.07452	1446.0171
912.12531	1339.1553
912.17615	1355.1687
912.22693	1710.9218
912.27771	1552.1621
912.32855	1359.8906
912.37933	1488.6925
912.43011	1456.968
912.48096	1351.3241
912.53174	1321.1179
912.58258	1496.6869
912.63336	1429.7467
912.68414	1408.536
912.73499	1541.6565
912.78577	1423.394
912.83661	1374.6493
912.88739	1382.111
912.93817	1345.7069
912.98901	1306.5618
913.03979	1390.869
913.09058	1505.5951
913.14142	1530.476
913.1922	1406.7712
913.24304	1580.4683
913.29382	1815.1924
913.3446	1407.5157
913.39545	1433.9771
913.44623	1509.0796
913.49701	1382.6428
913.54785	1414.3792
913.59863	1444.4441
913.64948	1392.6637
913.70026	1421.6395
913.75104	1432.5063
913.80188	1412.2167
913.85266	1451.0533
913.90344	1454.5231
913.95428	1427.1736
914.00507	1434.4617
914.05591	1386.2325
914.10669	1407.4218
914.15747	1517.6331
914.20831	1423.2389
914.25909	1387.9167
914.30994	1513.7389
914.36072	1541.3594
914.4115	1376.1281
914.46234	1470.8457
914.51312	1606.5339
914.5639	1521.4812
914.61475	1449.7111
914.66553	1393.3146
914.71637	1339.2683
914.76715	1446.3948
914.81793	1455.3187
914.86877	1446.2198
914.91956	1431.136
914.97034	1426.925
915.02118	1584.248
915.07196	1563.7098
915.1228	1454.924
915.17358	1406.9783
915.22437	1356.8723
915.27521	1297.8408
915.32599	1374.475
915.37677	1397.4414
915.42761	1455.2831
915.47839	1457.8224
915.52924	1634.4049
915.58002	1524.4371
915.6308	1528.917
915.68164	1651.9689
915.73242	1503.4882
915.78326	1432.2681
915.83405	1375.8024
915.88483	1395.545
915.93567	1371.8307
915.98645	1346.6808
916.03723	1351.6058
916.08807	1359.4836
916.13885	1450.1576
916.1897	1406.5717
916.24048	1515.3979
916.29126	1496.8137
916.3421	1410.5988
916.39288	1449.6624
916.44366	1879.442
916.49451	1635.2542
916.54529	1411.1813
916.59613	1314.1478
916.64691	1406.9349
916.69769	1372.0502
916.74854	1394.3809
916.79932	1392.9082
916.8501	1456.8534
916.90094	1271.3748
916.95172	1469.7545
917.00256	1549.0454
917.05334	1384.8708
917.10413	1358.3406
917.15497	1571.4269
917.20575	1366.3701
917.25659	1660.5994
917.30737	1399.682
917.35815	2318.854
917.409	2080.666
917.45978	1770.8352
917.51056	1419.3833
917.5614	1339.7103
917.61218	1376.4254
917.66302	1431.2632
917.71381	1436.6729
917.76459	1344.5043
917.81543	1412.9694
917.86621	1529.8158
917.91699	1459.1703
917.96783	1448.5931
918.01862	1708.2079
918.06946	1906.3892
918.12024	1363.5288
918.17102	1319.5923
918.22186	1334.5236
918.27264	1313.1438
918.32343	1318.3615
918.37427	1485.4072
918.42505	1420.6002
918.47589	1402.1699
918.52667	1457.7405
918.57745	1520.0555
918.6283	1403.5499
918.67908	1446.23
918.72992	1386.7063
918.7807	1444.4618
918.83148	1454.9727
918.88232	1509.4712
918.93311	1557.5562
918.98389	1406.6936
919.03473	1592.8594
919.08551	1867.0116
919.13635	1467.4476
919.18713	1363.0785
919.23792	1429.854
919.28876	1588.6135
919.33954	1377.2993
919.39032	1442.307
919.44116	2028.3962
919.49194	2227.9031
919.54279	1361.5328
919.59357	1377.8699
919.64435	1499.3855
919.69519	1427.4127
919.74597	1435.1702
919.79675	1519.3856
919.8476	1383.7338
919.89838	1351.0198
919.94922	1410.0048
920	1431.1349
