560.00000 560.00000
560.09056 560.09056
560.18111 560.18111
560.27167 560.27167
560.36223 560.36223
560.45278 560.45278
560.54334 560.54334
560.63389 560.63389
560.72445 560.72445
560.81501 560.81501
560.90556 560.90556
560.99612 560.99612
561.08668 561.08668
561.17723 561.17723
561.26779 561.26779
561.35834 561.35834
561.44890 561.44890
561.53946 561.53946
561.63001 561.63001
561.72057 561.72057
561.81113 561.81113
561.90168 561.90168
561.99224 561.99224
562.08279 562.08279
562.17335 562.17335
562.26391 562.26391
562.35446 562.35446
562.44502 562.44502
562.53558 562.53558
562.62613 562.62613
562.71669 562.71669
562.80724 562.80724
562.89780 562.89780
562.98836 562.98836
563.07891 563.07891
563.16947 563.16947
563.26003 563.26003
563.35058 563.35058
563.44114 563.44114
563.53169 563.53169
563.62225 563.62225
563.71281 563.71281
563.80336 563.80336
563.89392 563.89392
563.98448 563.98448
564.07503 564.07503
564.16559 564.16559
564.25614 564.25614
564.34670 564.34670
564.43726 564.43726
564.52781 564.52781
564.61837 564.61837
564.70893 564.70893
564.79948 564.79948
564.89004 564.89004
564.98060 564.98060
565.07115 565.07115
565.16171 565.16171
565.25226 565.25226
565.34282 565.34282
565.43338 565.43338
565.52393 565.52393
565.61449 565.61449
565.70505 565.70505
565.79560 565.79560
565.88616 565.88616
565.97671 565.97671
566.06727 566.06727
566.15783 566.15783
566.24838 566.24838
566.33894 566.33894
566.42950 566.42950
566.52005 566.52005
566.61061 566.61061
566.70116 566.70116
566.79172 566.79172
566.88228 566.88228
566.97283 566.97283
567.06339 567.06339
567.15395 567.15395
567.24450 567.24450
567.33506 567.33506
567.42561 567.42561
567.51617 567.51617
567.60673 567.60673
567.69728 567.69728
567.78784 567.78784
567.87840 567.87840
567.96895 567.96895
568.05951 568.05951
568.15006 568.15006
568.24062 568.24062
568.33118 568.33118
568.42173 568.42173
568.51229 568.51229
568.60285 568.60285
568.69340 568.69340
568.78396 568.78396
568.87451 568.87451
568.96507 568.96507
569.05563 569.05563
569.14618 569.14618
569.23674 569.23674
569.32730 569.32730
569.41785 569.41785
569.50841 569.50841
569.59897 569.59897
569.68952 569.68952
569.78008 569.78008
569.87063 569.87063
569.96119 569.96119
570.05175 570.05175
570.14230 570.14230
570.23286 570.23286
570.32342 570.32342
570.41397 570.41397
570.50453 570.50453
570.59508 570.59508
570.68564 570.68564
570.77620 570.77620
570.86675 570.86675
570.95731 570.95731
571.04787 571.04787
571.13842 571.13842
571.22898 571.22898
571.31953 571.31953
571.41009 571.41009
571.50065 571.50065
571.59120 571.59120
571.68176 571.68176
571.77232 571.77232
571.86287 571.86287
571.95343 571.95343
572.04398 572.04398
572.13454 572.13454
572.22510 572.22510
572.31565 572.31565
572.40621 572.40621
572.49677 572.49677
572.58732 572.58732
572.67788 572.67788
572.76843 572.76843
572.85899 572.85899
572.94955 572.94955
573.04010 573.04010
573.13066 573.13066
573.22122 573.22122
573.31177 573.31177
573.40233 573.40233
573.49288 573.49288
573.58344 573.58344
573.67400 573.67400
573.76455 573.76455
573.85511 573.85511
573.94567 573.94567
574.03622 574.03622
574.12678 574.12678
574.21734 574.21734
574.30789 574.30789
574.39845 574.39845
574.48900 574.48900
574.57956 574.57956
574.67012 574.67012
574.76067 574.76067
574.85123 574.85123
574.94179 574.94179
575.03234 575.03234
575.12290 575.12290
575.21345 575.21345
575.30401 575.30401
575.39457 575.39457
575.48512 575.48512
575.57568 575.57568
575.66624 575.66624
575.75679 575.75679
575.84735 575.84735
575.93790 575.93790
576.02846 576.02846
576.11902 576.11902
576.20957 576.20957
576.30013 576.30013
576.39069 576.39069
576.48124 576.48124
576.57180 576.57180
576.66235 576.66235
576.75291 576.75291
576.84347 576.84347
576.93402 576.93402
577.02458 577.02458
577.11514 577.11514
577.20569 577.20569
577.29625 577.29625
577.38680 577.38680
577.47736 577.47736
577.56792 577.56792
577.65847 577.65847
577.74903 577.74903
577.83959 577.83959
577.93014 577.93014
578.02070 578.02070
578.11125 578.11125
578.20181 578.20181
578.29237 578.29237
578.38292 578.38292
578.47348 578.47348
578.56404 578.56404
578.65459 578.65459
578.74515 578.74515
578.83571 578.83571
578.92626 578.92626
579.01682 579.01682
579.10737 579.10737
579.19793 579.19793
579.28849 579.28849
579.37904 579.37904
579.46960 579.46960
579.56016 579.56016
579.65071 579.65071
579.74127 579.74127
579.83182 579.83182
579.92238 579.92238
580.01294 580.01294
580.10349 580.10349
580.19405 580.19405
580.28461 580.28461
580.37516 580.37516
580.46572 580.46572
580.55627 580.55627
580.64683 580.64683
580.73739 580.73739
580.82794 580.82794
580.91850 580.91850
581.00906 581.00906
581.09961 581.09961
581.19017 581.19017
581.28072 581.28072
581.37128 581.37128
581.46184 581.46184
581.55239 581.55239
581.64295 581.64295
581.73351 581.73351
581.82406 581.82406
581.91462 581.91462
582.00517 582.00517
582.09573 582.09573
582.18629 582.18629
582.27684 582.27684
582.36740 582.36740
582.45796 582.45796
582.54851 582.54851
582.63907 582.63907
582.72962 582.72962
582.82018 582.82018
582.91074 582.91074
583.00129 583.00129
583.09185 583.09185
583.18241 583.18241
583.27296 583.27296
583.36352 583.36352
583.45408 583.45408
583.54463 583.54463
583.63519 583.63519
583.72574 583.72574
583.81630 583.81630
583.90686 583.90686
583.99741 583.99741
584.08797 584.08797
584.17853 584.17853
584.26908 584.26908
584.35964 584.35964
584.45019 584.45019
584.54075 584.54075
584.63131 584.63131
584.72186 584.72186
584.81242 584.81242
584.90298 584.90298
584.99353 584.99353
585.08409 585.08409
585.17464 585.17464
585.26520 585.26520
585.35576 585.35576
585.44631 585.44631
585.53687 585.53687
585.62743 585.62743
585.71798 585.71798
585.80854 585.80854
585.89909 585.89909
585.98965 585.98965
586.08021 586.08021
586.17076 586.17076
586.26132 586.26132
586.35188 586.35188
586.44243 586.44243
586.53299 586.53299
586.62354 586.62354
586.71410 586.71410
586.80466 586.80466
586.89521 586.89521
586.98577 586.98577
587.07633 587.07633
587.16688 587.16688
587.25744 587.25744
587.34799 587.34799
587.43855 587.43855
587.52911 587.52911
587.61966 587.61966
587.71022 587.71022
587.80078 587.80078
587.89133 587.89133
587.98189 587.98189
588.07245 588.07245
588.16300 588.16300
588.25356 588.25356
588.34411 588.34411
588.43467 588.43467
588.52523 588.52523
588.61578 588.61578
588.70634 588.70634
588.79690 588.79690
588.88745 588.88745
588.97801 588.97801
589.06856 589.06856
589.15912 589.15912
589.24968 589.24968
589.34023 589.34023
589.43079 589.43079
589.52135 589.52135
589.61190 589.61190
589.70246 589.70246
589.79301 589.79301
589.88357 589.88357
589.97413 589.97413
590.06468 590.06468
590.15524 590.15524
590.24580 590.24580
590.33635 590.33635
590.42691 590.42691
590.51746 590.51746
590.60802 590.60802
590.69858 590.69858
590.78913 590.78913
590.87969 590.87969
590.97025 590.97025
591.06080 591.06080
591.15136 591.15136
591.24191 591.24191
591.33247 591.33247
591.42303 591.42303
591.51358 591.51358
591.60414 591.60414
591.69470 591.69470
591.78525 591.78525
591.87581 591.87581
591.96636 591.96636
592.05692 592.05692
592.14748 592.14748
592.23803 592.23803
592.32859 592.32859
592.41915 592.41915
592.50970 592.50970
592.60026 592.60026
592.69082 592.69082
592.78137 592.78137
592.87193 592.87193
592.96248 592.96248
593.05304 593.05304
593.14360 593.14360
593.23415 593.23415
593.32471 593.32471
593.41527 593.41527
593.50582 593.50582
593.59638 593.59638
593.68693 593.68693
593.77749 593.77749
593.86805 593.86805
593.95860 593.95860
594.04916 594.04916
594.13972 594.13972
594.23027 594.23027
594.32083 594.32083
594.41138 594.41138
594.50194 594.50194
594.59250 594.59250
594.68305 594.68305
594.77361 594.77361
594.86417 594.86417
594.95472 594.95472
595.04528 595.04528
595.13583 595.13583
595.22639 595.22639
595.31695 595.31695
595.40750 595.40750
595.49806 595.49806
595.58862 595.58862
595.67917 595.67917
595.76973 595.76973
595.86028 595.86028
595.95084 595.95084
596.04140 596.04140
596.13195 596.13195
596.22251 596.22251
596.31307 596.31307
596.40362 596.40362
596.49418 596.49418
596.58473 596.58473
596.67529 596.67529
596.76585 596.76585
596.85640 596.85640
596.94696 596.94696
597.03752 597.03752
597.12807 597.12807
597.21863 597.21863
597.30918 597.30918
597.39974 597.39974
597.49030 597.49030
597.58085 597.58085
597.67141 597.67141
597.76197 597.76197
597.85252 597.85252
597.94308 597.94308
598.03364 598.03364
598.12419 598.12419
598.21475 598.21475
598.30530 598.30530
598.39586 598.39586
598.48642 598.48642
598.57697 598.57697
598.66753 598.66753
598.75809 598.75809
598.84864 598.84864
598.93920 598.93920
599.02975 599.02975
599.12031 599.12031
599.21087 599.21087
599.30142 599.30142
599.39198 599.39198
599.48254 599.48254
599.57309 599.57309
599.66365 599.66365
599.75420 599.75420
599.84476 599.84476
599.93532 599.93532
600.02587 600.02587
600.11643 600.11643
600.20699 600.20699
600.29754 600.29754
600.38810 600.38810
600.47865 600.47865
600.56921 600.56921
600.65977 600.65977
600.75032 600.75032
600.84088 600.84088
600.93144 600.93144
601.02199 601.02199
601.11255 601.11255
601.20310 601.20310
601.29366 601.29366
601.38422 601.38422
601.47477 601.47477
601.56533 601.56533
601.65589 601.65589
601.74644 601.74644
601.83700 601.83700
601.92755 601.92755
602.01811 602.01811
602.10867 602.10867
602.19922 602.19922
602.28978 602.28978
602.38034 602.38034
602.47089 602.47089
602.56145 602.56145
602.65201 602.65201
602.74256 602.74256
602.83312 602.83312
602.92367 602.92367
603.01423 603.01423
603.10479 603.10479
603.19534 603.19534
603.28590 603.28590
603.37646 603.37646
603.46701 603.46701
603.55757 603.55757
603.64812 603.64812
603.73868 603.73868
603.82924 603.82924
603.91979 603.91979
604.01035 604.01035
604.10091 604.10091
604.19146 604.19146
604.28202 604.28202
604.37257 604.37257
604.46313 604.46313
604.55369 604.55369
604.64424 604.64424
604.73480 604.73480
604.82536 604.82536
604.91591 604.91591
605.00647 605.00647
605.09702 605.09702
605.18758 605.18758
605.27814 605.27814
605.36869 605.36869
605.45925 605.45925
605.54981 605.54981
605.64036 605.64036
605.73092 605.73092
605.82147 605.82147
605.91203 605.91203
606.00259 606.00259
606.09314 606.09314
606.18370 606.18370
606.27426 606.27426
606.36481 606.36481
606.45537 606.45537
606.54592 606.54592
606.63648 606.63648
606.72704 606.72704
606.81759 606.81759
606.90815 606.90815
606.99871 606.99871
607.08926 607.08926
607.17982 607.17982
607.27038 607.27038
607.36093 607.36093
607.45149 607.45149
607.54204 607.54204
607.63260 607.63260
607.72316 607.72316
607.81371 607.81371
607.90427 607.90427
607.99483 607.99483
608.08538 608.08538
608.17594 608.17594
608.26649 608.26649
608.35705 608.35705
608.44761 608.44761
608.53816 608.53816
608.62872 608.62872
608.71928 608.71928
608.80983 608.80983
608.90039 608.90039
608.99094 608.99094
609.08150 609.08150
609.17206 609.17206
609.26261 609.26261
609.35317 609.35317
609.44373 609.44373
609.53428 609.53428
609.62484 609.62484
609.71539 609.71539
609.80595 609.80595
609.89651 609.89651
609.98706 609.98706
610.07762 610.07762
610.16818 610.16818
610.25873 610.25873
610.34929 610.34929
610.43984 610.43984
610.53040 610.53040
610.62096 610.62096
610.71151 610.71151
610.80207 610.80207
610.89263 610.89263
610.98318 610.98318
611.07374 611.07374
611.16429 611.16429
611.25485 611.25485
611.34541 611.34541
611.43596 611.43596
611.52652 611.52652
611.61708 611.61708
611.70763 611.70763
611.79819 611.79819
611.88875 611.88875
611.97930 611.97930
612.06986 612.06986
612.16041 612.16041
612.25097 612.25097
612.34153 612.34153
612.43208 612.43208
612.52264 612.52264
612.61320 612.61320
612.70375 612.70375
612.79431 612.79431
612.88486 612.88486
612.97542 612.97542
613.06598 613.06598
613.15653 613.15653
613.24709 613.24709
613.33765 613.33765
613.42820 613.42820
613.51876 613.51876
613.60931 613.60931
613.69987 613.69987
613.79043 613.79043
613.88098 613.88098
613.97154 613.97154
614.06210 614.06210
614.15265 614.15265
614.24321 614.24321
614.33376 614.33376
614.42432 614.42432
614.51488 614.51488
614.60543 614.60543
614.69599 614.69599
614.78655 614.78655
614.87710 614.87710
614.96766 614.96766
615.05821 615.05821
615.14877 615.14877
615.23933 615.23933
615.32988 615.32988
615.42044 615.42044
615.51100 615.51100
615.60155 615.60155
615.69211 615.69211
615.78266 615.78266
615.87322 615.87322
615.96378 615.96378
616.05433 616.05433
616.14489 616.14489
616.23545 616.23545
616.32600 616.32600
616.41656 616.41656
616.50712 616.50712
616.59767 616.59767
616.68823 616.68823
616.77878 616.77878
616.86934 616.86934
616.95990 616.95990
617.05045 617.05045
617.14101 617.14101
617.23157 617.23157
617.32212 617.32212
617.41268 617.41268
617.50323 617.50323
617.59379 617.59379
617.68435 617.68435
617.77490 617.77490
617.86546 617.86546
617.95602 617.95602
618.04657 618.04657
618.13713 618.13713
618.22768 618.22768
618.31824 618.31824
618.40880 618.40880
618.49935 618.49935
618.58991 618.58991
618.68047 618.68047
618.77102 618.77102
618.86158 618.86158
618.95213 618.95213
619.04269 619.04269
619.13325 619.13325
619.22380 619.22380
619.31436 619.31436
619.40492 619.40492
619.49547 619.49547
619.58603 619.58603
619.67658 619.67658
619.76714 619.76714
619.85770 619.85770
619.94825 619.94825
620.03881 620.03881
620.12937 620.12937
620.21992 620.21992
620.31048 620.31048
620.40103 620.40103
620.49159 620.49159
620.58215 620.58215
620.67270 620.67270
620.76326 620.76326
620.85382 620.85382
620.94437 620.94437
621.03493 621.03493
621.12549 621.12549
621.21604 621.21604
621.30660 621.30660
621.39715 621.39715
621.48771 621.48771
621.57827 621.57827
621.66882 621.66882
621.75938 621.75938
621.84994 621.84994
621.94049 621.94049
622.03105 622.03105
622.12160 622.12160
622.21216 622.21216
622.30272 622.30272
622.39327 622.39327
622.48383 622.48383
622.57439 622.57439
622.66494 622.66494
622.75550 622.75550
622.84605 622.84605
622.93661 622.93661
623.02717 623.02717
623.11772 623.11772
623.20828 623.20828
623.29884 623.29884
623.38939 623.38939
623.47995 623.47995
623.57050 623.57050
623.66106 623.66106
623.75162 623.75162
623.84217 623.84217
623.93273 623.93273
624.02329 624.02329
624.11384 624.11384
624.20440 624.20440
624.29495 624.29495
624.38551 624.38551
624.47607 624.47607
624.56662 624.56662
624.65718 624.65718
624.74774 624.74774
624.83829 624.83829
624.92885 624.92885
625.01940 625.01940
625.10996 625.10996
625.20052 625.20052
625.29107 625.29107
625.38163 625.38163
625.47219 625.47219
625.56274 625.56274
625.65330 625.65330
625.74386 625.74386
625.83441 625.83441
625.92497 625.92497
626.01552 626.01552
626.10608 626.10608
626.19664 626.19664
626.28719 626.28719
626.37775 626.37775
626.46831 626.46831
626.55886 626.55886
626.64942 626.64942
626.73997 626.73997
626.83053 626.83053
626.92109 626.92109
627.01164 627.01164
627.10220 627.10220
627.19276 627.19276
627.28331 627.28331
627.37387 627.37387
627.46442 627.46442
627.55498 627.55498
627.64554 627.64554
627.73609 627.73609
627.82665 627.82665
627.91721 627.91721
628.00776 628.00776
628.09832 628.09832
628.18887 628.18887
628.27943 628.27943
628.36999 628.36999
628.46054 628.46054
628.55110 628.55110
628.64166 628.64166
628.73221 628.73221
628.82277 628.82277
628.91332 628.91332
629.00388 629.00388
629.09444 629.09444
629.18499 629.18499
629.27555 629.27555
629.36611 629.36611
629.45666 629.45666
629.54722 629.54722
629.63777 629.63777
629.72833 629.72833
629.81889 629.81889
629.90944 629.90944
630.00000 630.00000
630.09056 630.09056
630.18111 630.18111
630.27167 630.27167
630.36223 630.36223
630.45278 630.45278
630.54334 630.54334
630.63389 630.63389
630.72445 630.72445
630.81501 630.81501
630.90556 630.90556
630.99612 630.99612
631.08668 631.08668
631.17723 631.17723
631.26779 631.26779
631.35834 631.35834
631.44890 631.44890
631.53946 631.53946
631.63001 631.63001
631.72057 631.72057
631.81113 631.81113
631.90168 631.90168
631.99224 631.99224
632.08279 632.08279
632.17335 632.17335
632.26391 632.26391
632.35446 632.35446
632.44502 632.44502
632.53558 632.53558
632.62613 632.62613
632.71669 632.71669
632.80724 632.80724
632.89780 632.89780
632.98836 632.98836
633.07891 633.07891
633.16947 633.16947
633.26003 633.26003
633.35058 633.35058
633.44114 633.44114
633.53169 633.53169
633.62225 633.62225
633.71281 633.71281
633.80336 633.80336
633.89392 633.89392
633.98448 633.98448
634.07503 634.07503
634.16559 634.16559
634.25614 634.25614
634.34670 634.34670
634.43726 634.43726
634.52781 634.52781
634.61837 634.61837
634.70893 634.70893
634.79948 634.79948
634.89004 634.89004
634.98060 634.98060
635.07115 635.07115
635.16171 635.16171
635.25226 635.25226
635.34282 635.34282
635.43338 635.43338
635.52393 635.52393
635.61449 635.61449
635.70505 635.70505
635.79560 635.79560
635.88616 635.88616
635.97671 635.97671
636.06727 636.06727
636.15783 636.15783
636.24838 636.24838
636.33894 636.33894
636.42950 636.42950
636.52005 636.52005
636.61061 636.61061
636.70116 636.70116
636.79172 636.79172
636.88228 636.88228
636.97283 636.97283
637.06339 637.06339
637.15395 637.15395
637.24450 637.24450
637.33506 637.33506
637.42561 637.42561
637.51617 637.51617
637.60673 637.60673
637.69728 637.69728
637.78784 637.78784
637.87840 637.87840
637.96895 637.96895
638.05951 638.05951
638.15006 638.15006
638.24062 638.24062
638.33118 638.33118
638.42173 638.42173
638.51229 638.51229
638.60285 638.60285
638.69340 638.69340
638.78396 638.78396
638.87451 638.87451
638.96507 638.96507
639.05563 639.05563
639.14618 639.14618
639.23674 639.23674
639.32730 639.32730
639.41785 639.41785
639.50841 639.50841
639.59897 639.59897
639.68952 639.68952
639.78008 639.78008
639.87063 639.87063
639.96119 639.96119
640.05175 640.05175
640.14230 640.14230
640.23286 640.23286
640.32342 640.32342
640.41397 640.41397
640.50453 640.50453
640.59508 640.59508
640.68564 640.68564
640.77620 640.77620
640.86675 640.86675
640.95731 640.95731
641.04787 641.04787
641.13842 641.13842
641.22898 641.22898
641.31953 641.31953
641.41009 641.41009
641.50065 641.50065
641.59120 641.59120
641.68176 641.68176
641.77232 641.77232
641.86287 641.86287
641.95343 641.95343
642.04398 642.04398
642.13454 642.13454
642.22510 642.22510
642.31565 642.31565
642.40621 642.40621
642.49677 642.49677
642.58732 642.58732
642.67788 642.67788
642.76843 642.76843
642.85899 642.85899
642.94955 642.94955
643.04010 643.04010
643.13066 643.13066
643.22122 643.22122
643.31177 643.31177
643.40233 643.40233
643.49288 643.49288
643.58344 643.58344
643.67400 643.67400
643.76455 643.76455
643.85511 643.85511
643.94567 643.94567
644.03622 644.03622
644.12678 644.12678
644.21734 644.21734
644.30789 644.30789
644.39845 644.39845
644.48900 644.48900
644.57956 644.57956
644.67012 644.67012
644.76067 644.76067
644.85123 644.85123
644.94179 644.94179
645.03234 645.03234
645.12290 645.12290
645.21345 645.21345
645.30401 645.30401
645.39457 645.39457
645.48512 645.48512
645.57568 645.57568
645.66624 645.66624
645.75679 645.75679
645.84735 645.84735
645.93790 645.93790
646.02846 646.02846
646.11902 646.11902
646.20957 646.20957
646.30013 646.30013
646.39069 646.39069
646.48124 646.48124
646.57180 646.57180
646.66235 646.66235
646.75291 646.75291
646.84347 646.84347
646.93402 646.93402
647.02458 647.02458
647.11514 647.11514
647.20569 647.20569
647.29625 647.29625
647.38680 647.38680
647.47736 647.47736
647.56792 647.56792
647.65847 647.65847
647.74903 647.74903
647.83959 647.83959
647.93014 647.93014
648.02070 648.02070
648.11125 648.11125
648.20181 648.20181
648.29237 648.29237
648.38292 648.38292
648.47348 648.47348
648.56404 648.56404
648.65459 648.65459
648.74515 648.74515
648.83571 648.83571
648.92626 648.92626
649.01682 649.01682
649.10737 649.10737
649.19793 649.19793
649.28849 649.28849
649.37904 649.37904
649.46960 649.46960
649.56016 649.56016
649.65071 649.65071
649.74127 649.74127
649.83182 649.83182
649.92238 649.92238
650.01294 650.01294
650.10349 650.10349
650.19405 650.19405
650.28461 650.28461
650.37516 650.37516
650.46572 650.46572
650.55627 650.55627
650.64683 650.64683
650.73739 650.73739
650.82794 650.82794
650.91850 650.91850
651.00906 651.00906
651.09961 651.09961
651.19017 651.19017
651.28072 651.28072
651.37128 651.37128
651.46184 651.46184
651.55239 651.55239
651.64295 651.64295
651.73351 651.73351
651.82406 651.82406
651.91462 651.91462
652.00517 652.00517
652.09573 652.09573
652.18629 652.18629
652.27684 652.27684
652.36740 652.36740
652.45796 652.45796
652.54851 652.54851
652.63907 652.63907
652.72962 652.72962
652.82018 652.82018
652.91074 652.91074
653.00129 653.00129
653.09185 653.09185
653.18241 653.18241
653.27296 653.27296
653.36352 653.36352
653.45408 653.45408
653.54463 653.54463
653.63519 653.63519
653.72574 653.72574
653.81630 653.81630
653.90686 653.90686
653.99741 653.99741
654.08797 654.08797
654.17853 654.17853
654.26908 654.26908
654.35964 654.35964
654.45019 654.45019
654.54075 654.54075
654.63131 654.63131
654.72186 654.72186
654.81242 654.81242
654.90298 654.90298
654.99353 654.99353
655.08409 655.08409
655.17464 655.17464
655.26520 655.26520
655.35576 655.35576
655.44631 655.44631
655.53687 655.53687
655.62743 655.62743
655.71798 655.71798
655.80854 655.80854
655.89909 655.89909
655.98965 655.98965
656.08021 656.08021
656.17076 656.17076
656.26132 656.26132
656.35188 656.35188
656.44243 656.44243
656.53299 656.53299
656.62354 656.62354
656.71410 656.71410
656.80466 656.80466
656.89521 656.89521
656.98577 656.98577
657.07633 657.07633
657.16688 657.16688
657.25744 657.25744
657.34799 657.34799
657.43855 657.43855
657.52911 657.52911
657.61966 657.61966
657.71022 657.71022
657.80078 657.80078
657.89133 657.89133
657.98189 657.98189
658.07245 658.07245
658.16300 658.16300
658.25356 658.25356
658.34411 658.34411
658.43467 658.43467
658.52523 658.52523
658.61578 658.61578
658.70634 658.70634
658.79690 658.79690
658.88745 658.88745
658.97801 658.97801
659.06856 659.06856
659.15912 659.15912
659.24968 659.24968
659.34023 659.34023
659.43079 659.43079
659.52135 659.52135
659.61190 659.61190
659.70246 659.70246
659.79301 659.79301
659.88357 659.88357
659.97413 659.97413
660.06468 660.06468
660.15524 660.15524
660.24580 660.24580
660.33635 660.33635
660.42691 660.42691
660.51746 660.51746
660.60802 660.60802
660.69858 660.69858
660.78913 660.78913
660.87969 660.87969
660.97025 660.97025
661.06080 661.06080
661.15136 661.15136
661.24191 661.24191
661.33247 661.33247
661.42303 661.42303
661.51358 661.51358
661.60414 661.60414
661.69470 661.69470
661.78525 661.78525
661.87581 661.87581
661.96636 661.96636
662.05692 662.05692
662.14748 662.14748
662.23803 662.23803
662.32859 662.32859
662.41915 662.41915
662.50970 662.50970
662.60026 662.60026
662.69082 662.69082
662.78137 662.78137
662.87193 662.87193
662.96248 662.96248
663.05304 663.05304
663.14360 663.14360
663.23415 663.23415
663.32471 663.32471
663.41527 663.41527
663.50582 663.50582
663.59638 663.59638
663.68693 663.68693
663.77749 663.77749
663.86805 663.86805
663.95860 663.95860
664.04916 664.04916
664.13972 664.13972
664.23027 664.23027
664.32083 664.32083
664.41138 664.41138
664.50194 664.50194
664.59250 664.59250
664.68305 664.68305
664.77361 664.77361
664.86417 664.86417
664.95472 664.95472
665.04528 665.04528
665.13583 665.13583
665.22639 665.22639
665.31695 665.31695
665.40750 665.40750
665.49806 665.49806
665.58862 665.58862
665.67917 665.67917
665.76973 665.76973
665.86028 665.86028
665.95084 665.95084
666.04140 666.04140
666.13195 666.13195
666.22251 666.22251
666.31307 666.31307
666.40362 666.40362
666.49418 666.49418
666.58473 666.58473
666.67529 666.67529
666.76585 666.76585
666.85640 666.85640
666.94696 666.94696
667.03752 667.03752
667.12807 667.12807
667.21863 667.21863
667.30918 667.30918
667.39974 667.39974
667.49030 667.49030
667.58085 667.58085
667.67141 667.67141
667.76197 667.76197
667.85252 667.85252
667.94308 667.94308
668.03364 668.03364
668.12419 668.12419
668.21475 668.21475
668.30530 668.30530
668.39586 668.39586
668.48642 668.48642
668.57697 668.57697
668.66753 668.66753
668.75809 668.75809
668.84864 668.84864
668.93920 668.93920
669.02975 669.02975
669.12031 669.12031
669.21087 669.21087
669.30142 669.30142
669.39198 669.39198
669.48254 669.48254
669.57309 669.57309
669.66365 669.66365
669.75420 669.75420
669.84476 669.84476
669.93532 669.93532
670.02587 670.02587
670.11643 670.11643
670.20699 670.20699
670.29754 670.29754
670.38810 670.38810
670.47865 670.47865
670.56921 670.56921
670.65977 670.65977
670.75032 670.75032
670.84088 670.84088
670.93144 670.93144
671.02199 671.02199
671.11255 671.11255
671.20310 671.20310
671.29366 671.29366
671.38422 671.38422
671.47477 671.47477
671.56533 671.56533
671.65589 671.65589
671.74644 671.74644
671.83700 671.83700
671.92755 671.92755
672.01811 672.01811
672.10867 672.10867
672.19922 672.19922
672.28978 672.28978
672.38034 672.38034
672.47089 672.47089
672.56145 672.56145
672.65201 672.65201
672.74256 672.74256
672.83312 672.83312
672.92367 672.92367
673.01423 673.01423
673.10479 673.10479
673.19534 673.19534
673.28590 673.28590
673.37646 673.37646
673.46701 673.46701
673.55757 673.55757
673.64812 673.64812
673.73868 673.73868
673.82924 673.82924
673.91979 673.91979
674.01035 674.01035
674.10091 674.10091
674.19146 674.19146
674.28202 674.28202
674.37257 674.37257
674.46313 674.46313
674.55369 674.55369
674.64424 674.64424
674.73480 674.73480
674.82536 674.82536
674.91591 674.91591
675.00647 675.00647
675.09702 675.09702
675.18758 675.18758
675.27814 675.27814
675.36869 675.36869
675.45925 675.45925
675.54981 675.54981
675.64036 675.64036
675.73092 675.73092
675.82147 675.82147
675.91203 675.91203
676.00259 676.00259
676.09314 676.09314
676.18370 676.18370
676.27426 676.27426
676.36481 676.36481
676.45537 676.45537
676.54592 676.54592
676.63648 676.63648
676.72704 676.72704
676.81759 676.81759
676.90815 676.90815
676.99871 676.99871
677.08926 677.08926
677.17982 677.17982
677.27038 677.27038
677.36093 677.36093
677.45149 677.45149
677.54204 677.54204
677.63260 677.63260
677.72316 677.72316
677.81371 677.81371
677.90427 677.90427
677.99483 677.99483
678.08538 678.08538
678.17594 678.17594
678.26649 678.26649
678.35705 678.35705
678.44761 678.44761
678.53816 678.53816
678.62872 678.62872
678.71928 678.71928
678.80983 678.80983
678.90039 678.90039
678.99094 678.99094
679.08150 679.08150
679.17206 679.17206
679.26261 679.26261
679.35317 679.35317
679.44373 679.44373
679.53428 679.53428
679.62484 679.62484
679.71539 679.71539
679.80595 679.80595
679.89651 679.89651
679.98706 679.98706
680.07762 680.07762
680.16818 680.16818
680.25873 680.25873
680.34929 680.34929
680.43984 680.43984
680.53040 680.53040
680.62096 680.62096
680.71151 680.71151
680.80207 680.80207
680.89263 680.89263
680.98318 680.98318
681.07374 681.07374
681.16429 681.16429
681.25485 681.25485
681.34541 681.34541
681.43596 681.43596
681.52652 681.52652
681.61708 681.61708
681.70763 681.70763
681.79819 681.79819
681.88875 681.88875
681.97930 681.97930
682.06986 682.06986
682.16041 682.16041
682.25097 682.25097
682.34153 682.34153
682.43208 682.43208
682.52264 682.52264
682.61320 682.61320
682.70375 682.70375
682.79431 682.79431
682.88486 682.88486
682.97542 682.97542
683.06598 683.06598
683.15653 683.15653
683.24709 683.24709
683.33765 683.33765
683.42820 683.42820
683.51876 683.51876
683.60931 683.60931
683.69987 683.69987
683.79043 683.79043
683.88098 683.88098
683.97154 683.97154
684.06210 684.06210
684.15265 684.15265
684.24321 684.24321
684.33376 684.33376
684.42432 684.42432
684.51488 684.51488
684.60543 684.60543
684.69599 684.69599
684.78655 684.78655
684.87710 684.87710
684.96766 684.96766
685.05821 685.05821
685.14877 685.14877
685.23933 685.23933
685.32988 685.32988
685.42044 685.42044
685.51100 685.51100
685.60155 685.60155
685.69211 685.69211
685.78266 685.78266
685.87322 685.87322
685.96378 685.96378
686.05433 686.05433
686.14489 686.14489
686.23545 686.23545
686.32600 686.32600
686.41656 686.41656
686.50712 686.50712
686.59767 686.59767
686.68823 686.68823
686.77878 686.77878
686.86934 686.86934
686.95990 686.95990
687.05045 687.05045
687.14101 687.14101
687.23157 687.23157
687.32212 687.32212
687.41268 687.41268
687.50323 687.50323
687.59379 687.59379
687.68435 687.68435
687.77490 687.77490
687.86546 687.86546
687.95602 687.95602
688.04657 688.04657
688.13713 688.13713
688.22768 688.22768
688.31824 688.31824
688.40880 688.40880
688.49935 688.49935
688.58991 688.58991
688.68047 688.68047
688.77102 688.77102
688.86158 688.86158
688.95213 688.95213
689.04269 689.04269
689.13325 689.13325
689.22380 689.22380
689.31436 689.31436
689.40492 689.40492
689.49547 689.49547
689.58603 689.58603
689.67658 689.67658
689.76714 689.76714
689.85770 689.85770
689.94825 689.94825
690.03881 690.03881
690.12937 690.12937
690.21992 690.21992
690.31048 690.31048
690.40103 690.40103
690.49159 690.49159
690.58215 690.58215
690.67270 690.67270
690.76326 690.76326
690.85382 690.85382
690.94437 690.94437
691.03493 691.03493
691.12549 691.12549
691.21604 691.21604
691.30660 691.30660
691.39715 691.39715
691.48771 691.48771
691.57827 691.57827
691.66882 691.66882
691.75938 691.75938
691.84994 691.84994
691.94049 691.94049
692.03105 692.03105
692.12160 692.12160
692.21216 692.21216
692.30272 692.30272
692.39327 692.39327
692.48383 692.48383
692.57439 692.57439
692.66494 692.66494
692.75550 692.75550
692.84605 692.84605
692.93661 692.93661
693.02717 693.02717
693.11772 693.11772
693.20828 693.20828
693.29884 693.29884
693.38939 693.38939
693.47995 693.47995
693.57050 693.57050
693.66106 693.66106
693.75162 693.75162
693.84217 693.84217
693.93273 693.93273
694.02329 694.02329
694.11384 694.11384
694.20440 694.20440
694.29495 694.29495
694.38551 694.38551
694.47607 694.47607
694.56662 694.56662
694.65718 694.65718
694.74774 694.74774
694.83829 694.83829
694.92885 694.92885
695.01940 695.01940
695.10996 695.10996
695.20052 695.20052
695.29107 695.29107
695.38163 695.38163
695.47219 695.47219
695.56274 695.56274
695.65330 695.65330
695.74386 695.74386
695.83441 695.83441
695.92497 695.92497
696.01552 696.01552
696.10608 696.10608
696.19664 696.19664
696.28719 696.28719
696.37775 696.37775
696.46831 696.46831
696.55886 696.55886
696.64942 696.64942
696.73997 696.73997
696.83053 696.83053
696.92109 696.92109
697.01164 697.01164
697.10220 697.10220
697.19276 697.19276
697.28331 697.28331
697.37387 697.37387
697.46442 697.46442
697.55498 697.55498
697.64554 697.64554
697.73609 697.73609
697.82665 697.82665
697.91721 697.91721
698.00776 698.00776
698.09832 698.09832
698.18887 698.18887
698.27943 698.27943
698.36999 698.36999
698.46054 698.46054
698.55110 698.55110
698.64166 698.64166
698.73221 698.73221
698.82277 698.82277
698.91332 698.91332
699.00388 699.00388
699.09444 699.09444
699.18499 699.18499
699.27555 699.27555
699.36611 699.36611
699.45666 699.45666
699.54722 699.54722
699.63777 699.63777
699.72833 699.72833
699.81889 699.81889
699.90944 699.90944
700.00000 700.00000
700.09056 700.09056
700.18111 700.18111
700.27167 700.27167
700.36223 700.36223
700.45278 700.45278
700.54334 700.54334
700.63389 700.63389
700.72445 700.72445
700.81501 700.81501
700.90556 700.90556
700.99612 700.99612
701.08668 701.08668
701.17723 701.17723
701.26779 701.26779
701.35834 701.35834
701.44890 701.44890
701.53946 701.53946
701.63001 701.63001
701.72057 701.72057
701.81113 701.81113
701.90168 701.90168
701.99224 701.99224
702.08279 702.08279
702.17335 702.17335
702.26391 702.26391
702.35446 702.35446
702.44502 702.44502
702.53558 702.53558
702.62613 702.62613
702.71669 702.71669
702.80724 702.80724
702.89780 702.89780
702.98836 702.98836
703.07891 703.07891
703.16947 703.16947
703.26003 703.26003
703.35058 703.35058
703.44114 703.44114
703.53169 703.53169
703.62225 703.62225
703.71281 703.71281
703.80336 703.80336
703.89392 703.89392
703.98448 703.98448
704.07503 704.07503
704.16559 704.16559
704.25614 704.25614
704.34670 704.34670
704.43726 704.43726
704.52781 704.52781
704.61837 704.61837
704.70893 704.70893
704.79948 704.79948
704.89004 704.89004
704.98060 704.98060
705.07115 705.07115
705.16171 705.16171
705.25226 705.25226
705.34282 705.34282
705.43338 705.43338
705.52393 705.52393
705.61449 705.61449
705.70505 705.70505
705.79560 705.79560
705.88616 705.88616
705.97671 705.97671
706.06727 706.06727
706.15783 706.15783
706.24838 706.24838
706.33894 706.33894
706.42950 706.42950
706.52005 706.52005
706.61061 706.61061
706.70116 706.70116
706.79172 706.79172
706.88228 706.88228
706.97283 706.97283
707.06339 707.06339
707.15395 707.15395
707.24450 707.24450
707.33506 707.33506
707.42561 707.42561
707.51617 707.51617
707.60673 707.60673
707.69728 707.69728
707.78784 707.78784
707.87840 707.87840
707.96895 707.96895
708.05951 708.05951
708.15006 708.15006
708.24062 708.24062
708.33118 708.33118
708.42173 708.42173
708.51229 708.51229
708.60285 708.60285
708.69340 708.69340
708.78396 708.78396
708.87451 708.87451
708.96507 708.96507
709.05563 709.05563
709.14618 709.14618
709.23674 709.23674
709.32730 709.32730
709.41785 709.41785
709.50841 709.50841
709.59897 709.59897
709.68952 709.68952
709.78008 709.78008
709.87063 709.87063
709.96119 709.96119
710.05175 710.05175
710.14230 710.14230
710.23286 710.23286
710.32342 710.32342
710.41397 710.41397
710.50453 710.50453
710.59508 710.59508
710.68564 710.68564
710.77620 710.77620
710.86675 710.86675
710.95731 710.95731
711.04787 711.04787
711.13842 711.13842
711.22898 711.22898
711.31953 711.31953
711.41009 711.41009
711.50065 711.50065
711.59120 711.59120
711.68176 711.68176
711.77232 711.77232
711.86287 711.86287
711.95343 711.95343
712.04398 712.04398
712.13454 712.13454
712.22510 712.22510
712.31565 712.31565
712.40621 712.40621
712.49677 712.49677
712.58732 712.58732
712.67788 712.67788
712.76843 712.76843
712.85899 712.85899
712.94955 712.94955
713.04010 713.04010
713.13066 713.13066
713.22122 713.22122
713.31177 713.31177
713.40233 713.40233
713.49288 713.49288
713.58344 713.58344
713.67400 713.67400
713.76455 713.76455
713.85511 713.85511
713.94567 713.94567
714.03622 714.03622
714.12678 714.12678
714.21734 714.21734
714.30789 714.30789
714.39845 714.39845
714.48900 714.48900
714.57956 714.57956
714.67012 714.67012
714.76067 714.76067
714.85123 714.85123
714.94179 714.94179
715.03234 715.03234
715.12290 715.12290
715.21345 715.21345
715.30401 715.30401
715.39457 715.39457
715.48512 715.48512
715.57568 715.57568
715.66624 715.66624
715.75679 715.75679
715.84735 715.84735
715.93790 715.93790
716.02846 716.02846
716.11902 716.11902
716.20957 716.20957
716.30013 716.30013
716.39069 716.39069
716.48124 716.48124
716.57180 716.57180
716.66235 716.66235
716.75291 716.75291
716.84347 716.84347
716.93402 716.93402
717.02458 717.02458
717.11514 717.11514
717.20569 717.20569
717.29625 717.29625
717.38680 717.38680
717.47736 717.47736
717.56792 717.56792
717.65847 717.65847
717.74903 717.74903
717.83959 717.83959
717.93014 717.93014
718.02070 718.02070
718.11125 718.11125
718.20181 718.20181
718.29237 718.29237
718.38292 718.38292
718.47348 718.47348
718.56404 718.56404
718.65459 718.65459
718.74515 718.74515
718.83571 718.83571
718.92626 718.92626
719.01682 719.01682
719.10737 719.10737
719.19793 719.19793
719.28849 719.28849
719.37904 719.37904
719.46960 719.46960
719.56016 719.56016
719.65071 719.65071
719.74127 719.74127
719.83182 719.83182
719.92238 719.92238
720.01294 720.01294
720.10349 720.10349
720.19405 720.19405
720.28461 720.28461
720.37516 720.37516
720.46572 720.46572
720.55627 720.55627
720.64683 720.64683
720.73739 720.73739
720.82794 720.82794
720.91850 720.91850
721.00906 721.00906
721.09961 721.09961
721.19017 721.19017
721.28072 721.28072
721.37128 721.37128
721.46184 721.46184
721.55239 721.55239
721.64295 721.64295
721.73351 721.73351
721.82406 721.82406
721.91462 721.91462
722.00517 722.00517
722.09573 722.09573
722.18629 722.18629
722.27684 722.27684
722.36740 722.36740
722.45796 722.45796
722.54851 722.54851
722.63907 722.63907
722.72962 722.72962
722.82018 722.82018
722.91074 722.91074
723.00129 723.00129
723.09185 723.09185
723.18241 723.18241
723.27296 723.27296
723.36352 723.36352
723.45408 723.45408
723.54463 723.54463
723.63519 723.63519
723.72574 723.72574
723.81630 723.81630
723.90686 723.90686
723.99741 723.99741
724.08797 724.08797
724.17853 724.17853
724.26908 724.26908
724.35964 724.35964
724.45019 724.45019
724.54075 724.54075
724.63131 724.63131
724.72186 724.72186
724.81242 724.81242
724.90298 724.90298
724.99353 724.99353
725.08409 725.08409
725.17464 725.17464
725.26520 725.26520
725.35576 725.35576
725.44631 725.44631
725.53687 725.53687
725.62743 725.62743
725.71798 725.71798
725.80854 725.80854
725.89909 725.89909
725.98965 725.98965
726.08021 726.08021
726.17076 726.17076
726.26132 726.26132
726.35188 726.35188
726.44243 726.44243
726.53299 726.53299
726.62354 726.62354
726.71410 726.71410
726.80466 726.80466
726.89521 726.89521
726.98577 726.98577
727.07633 727.07633
727.16688 727.16688
727.25744 727.25744
727.34799 727.34799
727.43855 727.43855
727.52911 727.52911
727.61966 727.61966
727.71022 727.71022
727.80078 727.80078
727.89133 727.89133
727.98189 727.98189
728.07245 728.07245
728.16300 728.16300
728.25356 728.25356
728.34411 728.34411
728.43467 728.43467
728.52523 728.52523
728.61578 728.61578
728.70634 728.70634
728.79690 728.79690
728.88745 728.88745
728.97801 728.97801
729.06856 729.06856
729.15912 729.15912
729.24968 729.24968
729.34023 729.34023
729.43079 729.43079
729.52135 729.52135
729.61190 729.61190
729.70246 729.70246
729.79301 729.79301
729.88357 729.88357
729.97413 729.97413
730.06468 730.06468
730.15524 730.15524
730.24580 730.24580
730.33635 730.33635
730.42691 730.42691
730.51746 730.51746
730.60802 730.60802
730.69858 730.69858
730.78913 730.78913
730.87969 730.87969
730.97025 730.97025
731.06080 731.06080
731.15136 731.15136
731.24191 731.24191
731.33247 731.33247
731.42303 731.42303
731.51358 731.51358
731.60414 731.60414
731.69470 731.69470
731.78525 731.78525
731.87581 731.87581
731.96636 731.96636
732.05692 732.05692
732.14748 732.14748
732.23803 732.23803
732.32859 732.32859
732.41915 732.41915
732.50970 732.50970
732.60026 732.60026
732.69082 732.69082
732.78137 732.78137
732.87193 732.87193
732.96248 732.96248
733.05304 733.05304
733.14360 733.14360
733.23415 733.23415
733.32471 733.32471
733.41527 733.41527
733.50582 733.50582
733.59638 733.59638
733.68693 733.68693
733.77749 733.77749
733.86805 733.86805
733.95860 733.95860
734.04916 734.04916
734.13972 734.13972
734.23027 734.23027
734.32083 734.32083
734.41138 734.41138
734.50194 734.50194
734.59250 734.59250
734.68305 734.68305
734.77361 734.77361
734.86417 734.86417
734.95472 734.95472
735.04528 735.04528
735.13583 735.13583
735.22639 735.22639
735.31695 735.31695
735.40750 735.40750
735.49806 735.49806
735.58862 735.58862
735.67917 735.67917
735.76973 735.76973
735.86028 735.86028
735.95084 735.95084
736.04140 736.04140
736.13195 736.13195
736.22251 736.22251
736.31307 736.31307
736.40362 736.40362
736.49418 736.49418
736.58473 736.58473
736.67529 736.67529
736.76585 736.76585
736.85640 736.85640
736.94696 736.94696
737.03752 737.03752
737.12807 737.12807
737.21863 737.21863
737.30918 737.30918
737.39974 737.39974
737.49030 737.49030
737.58085 737.58085
737.67141 737.67141
737.76197 737.76197
737.85252 737.85252
737.94308 737.94308
738.03364 738.03364
738.12419 738.12419
738.21475 738.21475
738.30530 738.30530
738.39586 738.39586
738.48642 738.48642
738.57697 738.57697
738.66753 738.66753
738.75809 738.75809
738.84864 738.84864
738.93920 738.93920
739.02975 739.02975
739.12031 739.12031
739.21087 739.21087
739.30142 739.30142
739.39198 739.39198
739.48254 739.48254
739.57309 739.57309
739.66365 739.66365
739.75420 739.75420
739.84476 739.84476
739.93532 739.93532
740.02587 740.02587
740.11643 740.11643
740.20699 740.20699
740.29754 740.29754
740.38810 740.38810
740.47865 740.47865
740.56921 740.56921
740.65977 740.65977
740.75032 740.75032
740.84088 740.84088
740.93144 740.93144
741.02199 741.02199
741.11255 741.11255
741.20310 741.20310
741.29366 741.29366
741.38422 741.38422
741.47477 741.47477
741.56533 741.56533
741.65589 741.65589
741.74644 741.74644
741.83700 741.83700
741.92755 741.92755
742.01811 742.01811
742.10867 742.10867
742.19922 742.19922
742.28978 742.28978
742.38034 742.38034
742.47089 742.47089
742.56145 742.56145
742.65201 742.65201
742.74256 742.74256
742.83312 742.83312
742.92367 742.92367
743.01423 743.01423
743.10479 743.10479
743.19534 743.19534
743.28590 743.28590
743.37646 743.37646
743.46701 743.46701
743.55757 743.55757
743.64812 743.64812
743.73868 743.73868
743.82924 743.82924
743.91979 743.91979
744.01035 744.01035
744.10091 744.10091
744.19146 744.19146
744.28202 744.28202
744.37257 744.37257
744.46313 744.46313
744.55369 744.55369
744.64424 744.64424
744.73480 744.73480
744.82536 744.82536
744.91591 744.91591
745.00647 745.00647
745.09702 745.09702
745.18758 745.18758
745.27814 745.27814
745.36869 745.36869
745.45925 745.45925
745.54981 745.54981
745.64036 745.64036
745.73092 745.73092
745.82147 745.82147
745.91203 745.91203
746.00259 746.00259
746.09314 746.09314
746.18370 746.18370
746.27426 746.27426
746.36481 746.36481
746.45537 746.45537
746.54592 746.54592
746.63648 746.63648
746.72704 746.72704
746.81759 746.81759
746.90815 746.90815
746.99871 746.99871
747.08926 747.08926
747.17982 747.17982
747.27038 747.27038
747.36093 747.36093
747.45149 747.45149
747.54204 747.54204
747.63260 747.63260
747.72316 747.72316
747.81371 747.81371
747.90427 747.90427
747.99483 747.99483
748.08538 748.08538
748.17594 748.17594
748.26649 748.26649
748.35705 748.35705
748.44761 748.44761
748.53816 748.53816
748.62872 748.62872
748.71928 748.71928
748.80983 748.80983
748.90039 748.90039
748.99094 748.99094
749.08150 749.08150
749.17206 749.17206
749.26261 749.26261
749.35317 749.35317
749.44373 749.44373
749.53428 749.53428
749.62484 749.62484
749.71539 749.71539
749.80595 749.80595
749.89651 749.89651
749.98706 749.98706
750.07762 750.07762
750.16818 750.16818
750.25873 750.25873
750.34929 750.34929
750.43984 750.43984
750.53040 750.53040
750.62096 750.62096
750.71151 750.71151
750.80207 750.80207
750.89263 750.89263
750.98318 750.98318
751.07374 751.07374
751.16429 751.16429
751.25485 751.25485
751.34541 751.34541
751.43596 751.43596
751.52652 751.52652
751.61708 751.61708
751.70763 751.70763
751.79819 751.79819
751.88875 751.88875
751.97930 751.97930
752.06986 752.06986
752.16041 752.16041
752.25097 752.25097
752.34153 752.34153
752.43208 752.43208
752.52264 752.52264
752.61320 752.61320
752.70375 752.70375
752.79431 752.79431
752.88486 752.88486
752.97542 752.97542
753.06598 753.06598
753.15653 753.15653
753.24709 753.24709
753.33765 753.33765
753.42820 753.42820
753.51876 753.51876
753.60931 753.60931
753.69987 753.69987
753.79043 753.79043
753.88098 753.88098
753.97154 753.97154
754.06210 754.06210
754.15265 754.15265
754.24321 754.24321
754.33376 754.33376
754.42432 754.42432
754.51488 754.51488
754.60543 754.60543
754.69599 754.69599
754.78655 754.78655
754.87710 754.87710
754.96766 754.96766
755.05821 755.05821
755.14877 755.14877
755.23933 755.23933
755.32988 755.32988
755.42044 755.42044
755.51100 755.51100
755.60155 755.60155
755.69211 755.69211
755.78266 755.78266
755.87322 755.87322
755.96378 755.96378
756.05433 756.05433
756.14489 756.14489
756.23545 756.23545
756.32600 756.32600
756.41656 756.41656
756.50712 756.50712
756.59767 756.59767
756.68823 756.68823
756.77878 756.77878
756.86934 756.86934
756.95990 756.95990
757.05045 757.05045
757.14101 757.14101
757.23157 757.23157
757.32212 757.32212
757.41268 757.41268
757.50323 757.50323
757.59379 757.59379
757.68435 757.68435
757.77490 757.77490
757.86546 757.86546
757.95602 757.95602
758.04657 758.04657
758.13713 758.13713
758.22768 758.22768
758.31824 758.31824
758.40880 758.40880
758.49935 758.49935
758.58991 758.58991
758.68047 758.68047
758.77102 758.77102
758.86158 758.86158
758.95213 758.95213
759.04269 759.04269
759.13325 759.13325
759.22380 759.22380
759.31436 759.31436
759.40492 759.40492
759.49547 759.49547
759.58603 759.58603
759.67658 759.67658
759.76714 759.76714
759.85770 759.85770
759.94825 759.94825
760.03881 760.03881
760.12937 760.12937
760.21992 760.21992
760.31048 760.31048
760.40103 760.40103
760.49159 760.49159
760.58215 760.58215
760.67270 760.67270
760.76326 760.76326
760.85382 760.85382
760.94437 760.94437
761.03493 761.03493
761.12549 761.12549
761.21604 761.21604
761.30660 761.30660
761.39715 761.39715
761.48771 761.48771
761.57827 761.57827
761.66882 761.66882
761.75938 761.75938
761.84994 761.84994
761.94049 761.94049
762.03105 762.03105
762.12160 762.12160
762.21216 762.21216
762.30272 762.30272
762.39327 762.39327
762.48383 762.48383
762.57439 762.57439
762.66494 762.66494
762.75550 762.75550
762.84605 762.84605
762.93661 762.93661
763.02717 763.02717
763.11772 763.11772
763.20828 763.20828
763.29884 763.29884
763.38939 763.38939
763.47995 763.47995
763.57050 763.57050
763.66106 763.66106
763.75162 763.75162
763.84217 763.84217
763.93273 763.93273
764.02329 764.02329
764.11384 764.11384
764.20440 764.20440
764.29495 764.29495
764.38551 764.38551
764.47607 764.47607
764.56662 764.56662
764.65718 764.65718
764.74774 764.74774
764.83829 764.83829
764.92885 764.92885
765.01940 765.01940
765.10996 765.10996
765.20052 765.20052
765.29107 765.29107
765.38163 765.38163
765.47219 765.47219
765.56274 765.56274
765.65330 765.65330
765.74386 765.74386
765.83441 765.83441
765.92497 765.92497
766.01552 766.01552
766.10608 766.10608
766.19664 766.19664
766.28719 766.28719
766.37775 766.37775
766.46831 766.46831
766.55886 766.55886
766.64942 766.64942
766.73997 766.73997
766.83053 766.83053
766.92109 766.92109
767.01164 767.01164
767.10220 767.10220
767.19276 767.19276
767.28331 767.28331
767.37387 767.37387
767.46442 767.46442
767.55498 767.55498
767.64554 767.64554
767.73609 767.73609
767.82665 767.82665
767.91721 767.91721
768.00776 768.00776
768.09832 768.09832
768.18887 768.18887
768.27943 768.27943
768.36999 768.36999
768.46054 768.46054
768.55110 768.55110
768.64166 768.64166
768.73221 768.73221
768.82277 768.82277
768.91332 768.91332
769.00388 769.00388
769.09444 769.09444
769.18499 769.18499
769.27555 769.27555
769.36611 769.36611
769.45666 769.45666
769.54722 769.54722
769.63777 769.63777
769.72833 769.72833
769.81889 769.81889
769.90944 769.90944
770.00000 770.00000
770.09056 770.09056
770.18111 770.18111
770.27167 770.27167
770.36223 770.36223
770.45278 770.45278
770.54334 770.54334
770.63389 770.63389
770.72445 770.72445
770.81501 770.81501
770.90556 770.90556
770.99612 770.99612
771.08668 771.08668
771.17723 771.17723
771.26779 771.26779
771.35834 771.35834
771.44890 771.44890
771.53946 771.53946
771.63001 771.63001
771.72057 771.72057
771.81113 771.81113
771.90168 771.90168
771.99224 771.99224
772.08279 772.08279
772.17335 772.17335
772.26391 772.26391
772.35446 772.35446
772.44502 772.44502
772.53558 772.53558
772.62613 772.62613
772.71669 772.71669
772.80724 772.80724
772.89780 772.89780
772.98836 772.98836
773.07891 773.07891
773.16947 773.16947
773.26003 773.26003
773.35058 773.35058
773.44114 773.44114
773.53169 773.53169
773.62225 773.62225
773.71281 773.71281
773.80336 773.80336
773.89392 773.89392
773.98448 773.98448
774.07503 774.07503
774.16559 774.16559
774.25614 774.25614
774.34670 774.34670
774.43726 774.43726
774.52781 774.52781
774.61837 774.61837
774.70893 774.70893
774.79948 774.79948
774.89004 774.89004
774.98060 774.98060
775.07115 775.07115
775.16171 775.16171
775.25226 775.25226
775.34282 775.34282
775.43338 775.43338
775.52393 775.52393
775.61449 775.61449
775.70505 775.70505
775.79560 775.79560
775.88616 775.88616
775.97671 775.97671
776.06727 776.06727
776.15783 776.15783
776.24838 776.24838
776.33894 776.33894
776.42950 776.42950
776.52005 776.52005
776.61061 776.61061
776.70116 776.70116
776.79172 776.79172
776.88228 776.88228
776.97283 776.97283
777.06339 777.06339
777.15395 777.15395
777.24450 777.24450
777.33506 777.33506
777.42561 777.42561
777.51617 777.51617
777.60673 777.60673
777.69728 777.69728
777.78784 777.78784
777.87840 777.87840
777.96895 777.96895
778.05951 778.05951
778.15006 778.15006
778.24062 778.24062
778.33118 778.33118
778.42173 778.42173
778.51229 778.51229
778.60285 778.60285
778.69340 778.69340
778.78396 778.78396
778.87451 778.87451
778.96507 778.96507
779.05563 779.05563
779.14618 779.14618
779.23674 779.23674
779.32730 779.32730
779.41785 779.41785
779.50841 779.50841
779.59897 779.59897
779.68952 779.68952
779.78008 779.78008
779.87063 779.87063
779.96119 779.96119
780.05175 780.05175
780.14230 780.14230
780.23286 780.23286
780.32342 780.32342
780.41397 780.41397
780.50453 780.50453
780.59508 780.59508
780.68564 780.68564
780.77620 780.77620
780.86675 780.86675
780.95731 780.95731
781.04787 781.04787
781.13842 781.13842
781.22898 781.22898
781.31953 781.31953
781.41009 781.41009
781.50065 781.50065
781.59120 781.59120
781.68176 781.68176
781.77232 781.77232
781.86287 781.86287
781.95343 781.95343
782.04398 782.04398
782.13454 782.13454
782.22510 782.22510
782.31565 782.31565
782.40621 782.40621
782.49677 782.49677
782.58732 782.58732
782.67788 782.67788
782.76843 782.76843
782.85899 782.85899
782.94955 782.94955
783.04010 783.04010
783.13066 783.13066
783.22122 783.22122
783.31177 783.31177
783.40233 783.40233
783.49288 783.49288
783.58344 783.58344
783.67400 783.67400
783.76455 783.76455
783.85511 783.85511
783.94567 783.94567
784.03622 784.03622
784.12678 784.12678
784.21734 784.21734
784.30789 784.30789
784.39845 784.39845
784.48900 784.48900
784.57956 784.57956
784.67012 784.67012
784.76067 784.76067
784.85123 784.85123
784.94179 784.94179
785.03234 785.03234
785.12290 785.12290
785.21345 785.21345
785.30401 785.30401
785.39457 785.39457
785.48512 785.48512
785.57568 785.57568
785.66624 785.66624
785.75679 785.75679
785.84735 785.84735
785.93790 785.93790
786.02846 786.02846
786.11902 786.11902
786.20957 786.20957
786.30013 786.30013
786.39069 786.39069
786.48124 786.48124
786.57180 786.57180
786.66235 786.66235
786.75291 786.75291
786.84347 786.84347
786.93402 786.93402
787.02458 787.02458
787.11514 787.11514
787.20569 787.20569
787.29625 787.29625
787.38680 787.38680
787.47736 787.47736
787.56792 787.56792
787.65847 787.65847
787.74903 787.74903
787.83959 787.83959
787.93014 787.93014
788.02070 788.02070
788.11125 788.11125
788.20181 788.20181
788.29237 788.29237
788.38292 788.38292
788.47348 788.47348
788.56404 788.56404
788.65459 788.65459
788.74515 788.74515
788.83571 788.83571
788.92626 788.92626
789.01682 789.01682
789.10737 789.10737
789.19793 789.19793
789.28849 789.28849
789.37904 789.37904
789.46960 789.46960
789.56016 789.56016
789.65071 789.65071
789.74127 789.74127
789.83182 789.83182
789.92238 789.92238
790.01294 790.01294
790.10349 790.10349
790.19405 790.19405
790.28461 790.28461
790.37516 790.37516
790.46572 790.46572
790.55627 790.55627
790.64683 790.64683
790.73739 790.73739
790.82794 790.82794
790.91850 790.91850
791.00906 791.00906
791.09961 791.09961
791.19017 791.19017
791.28072 791.28072
791.37128 791.37128
791.46184 791.46184
791.55239 791.55239
791.64295 791.64295
791.73351 791.73351
791.82406 791.82406
791.91462 791.91462
792.00517 792.00517
792.09573 792.09573
792.18629 792.18629
792.27684 792.27684
792.36740 792.36740
792.45796 792.45796
792.54851 792.54851
792.63907 792.63907
792.72962 792.72962
792.82018 792.82018
792.91074 792.91074
793.00129 793.00129
793.09185 793.09185
793.18241 793.18241
793.27296 793.27296
793.36352 793.36352
793.45408 793.45408
793.54463 793.54463
793.63519 793.63519
793.72574 793.72574
793.81630 793.81630
793.90686 793.90686
793.99741 793.99741
794.08797 794.08797
794.17853 794.17853
794.26908 794.26908
794.35964 794.35964
794.45019 794.45019
794.54075 794.54075
794.63131 794.63131
794.72186 794.72186
794.81242 794.81242
794.90298 794.90298
794.99353 794.99353
795.08409 795.08409
795.17464 795.17464
795.26520 795.26520
795.35576 795.35576
795.44631 795.44631
795.53687 795.53687
795.62743 795.62743
795.71798 795.71798
795.80854 795.80854
795.89909 795.89909
795.98965 795.98965
796.08021 796.08021
796.17076 796.17076
796.26132 796.26132
796.35188 796.35188
796.44243 796.44243
796.53299 796.53299
796.62354 796.62354
796.71410 796.71410
796.80466 796.80466
796.89521 796.89521
796.98577 796.98577
797.07633 797.07633
797.16688 797.16688
797.25744 797.25744
797.34799 797.34799
797.43855 797.43855
797.52911 797.52911
797.61966 797.61966
797.71022 797.71022
797.80078 797.80078
797.89133 797.89133
797.98189 797.98189
798.07245 798.07245
798.16300 798.16300
798.25356 798.25356
798.34411 798.34411
798.43467 798.43467
798.52523 798.52523
798.61578 798.61578
798.70634 798.70634
798.79690 798.79690
798.88745 798.88745
798.97801 798.97801
799.06856 799.06856
799.15912 799.15912
799.24968 799.24968
799.34023 799.34023
799.43079 799.43079
799.52135 799.52135
799.61190 799.61190
799.70246 799.70246
799.79301 799.79301
799.88357 799.88357
799.97413 799.97413
800.06468 800.06468
800.15524 800.15524
800.24580 800.24580
800.33635 800.33635
800.42691 800.42691
800.51746 800.51746
800.60802 800.60802
800.69858 800.69858
800.78913 800.78913
800.87969 800.87969
800.97025 800.97025
801.06080 801.06080
801.15136 801.15136
801.24191 801.24191
801.33247 801.33247
801.42303 801.42303
801.51358 801.51358
801.60414 801.60414
801.69470 801.69470
801.78525 801.78525
801.87581 801.87581
801.96636 801.96636
802.05692 802.05692
802.14748 802.14748
802.23803 802.23803
802.32859 802.32859
802.41915 802.41915
802.50970 802.50970
802.60026 802.60026
802.69082 802.69082
802.78137 802.78137
802.87193 802.87193
802.96248 802.96248
803.05304 803.05304
803.14360 803.14360
803.23415 803.23415
803.32471 803.32471
803.41527 803.41527
803.50582 803.50582
803.59638 803.59638
803.68693 803.68693
803.77749 803.77749
803.86805 803.86805
803.95860 803.95860
804.04916 804.04916
804.13972 804.13972
804.23027 804.23027
804.32083 804.32083
804.41138 804.41138
804.50194 804.50194
804.59250 804.59250
804.68305 804.68305
804.77361 804.77361
804.86417 804.86417
804.95472 804.95472
805.04528 805.04528
805.13583 805.13583
805.22639 805.22639
805.31695 805.31695
805.40750 805.40750
805.49806 805.49806
805.58862 805.58862
805.67917 805.67917
805.76973 805.76973
805.86028 805.86028
805.95084 805.95084
806.04140 806.04140
806.13195 806.13195
806.22251 806.22251
806.31307 806.31307
806.40362 806.40362
806.49418 806.49418
806.58473 806.58473
806.67529 806.67529
806.76585 806.76585
806.85640 806.85640
806.94696 806.94696
807.03752 807.03752
807.12807 807.12807
807.21863 807.21863
807.30918 807.30918
807.39974 807.39974
807.49030 807.49030
807.58085 807.58085
807.67141 807.67141
807.76197 807.76197
807.85252 807.85252
807.94308 807.94308
808.03364 808.03364
808.12419 808.12419
808.21475 808.21475
808.30530 808.30530
808.39586 808.39586
808.48642 808.48642
808.57697 808.57697
808.66753 808.66753
808.75809 808.75809
808.84864 808.84864
808.93920 808.93920
809.02975 809.02975
809.12031 809.12031
809.21087 809.21087
809.30142 809.30142
809.39198 809.39198
809.48254 809.48254
809.57309 809.57309
809.66365 809.66365
809.75420 809.75420
809.84476 809.84476
809.93532 809.93532
810.02587 810.02587
810.11643 810.11643
810.20699 810.20699
810.29754 810.29754
810.38810 810.38810
810.47865 810.47865
810.56921 810.56921
810.65977 810.65977
810.75032 810.75032
810.84088 810.84088
810.93144 810.93144
811.02199 811.02199
811.11255 811.11255
811.20310 811.20310
811.29366 811.29366
811.38422 811.38422
811.47477 811.47477
811.56533 811.56533
811.65589 811.65589
811.74644 811.74644
811.83700 811.83700
811.92755 811.92755
812.01811 812.01811
812.10867 812.10867
812.19922 812.19922
812.28978 812.28978
812.38034 812.38034
812.47089 812.47089
812.56145 812.56145
812.65201 812.65201
812.74256 812.74256
812.83312 812.83312
812.92367 812.92367
813.01423 813.01423
813.10479 813.10479
813.19534 813.19534
813.28590 813.28590
813.37646 813.37646
813.46701 813.46701
813.55757 813.55757
813.64812 813.64812
813.73868 813.73868
813.82924 813.82924
813.91979 813.91979
814.01035 814.01035
814.10091 814.10091
814.19146 814.19146
814.28202 814.28202
814.37257 814.37257
814.46313 814.46313
814.55369 814.55369
814.64424 814.64424
814.73480 814.73480
814.82536 814.82536
814.91591 814.91591
815.00647 815.00647
815.09702 815.09702
815.18758 815.18758
815.27814 815.27814
815.36869 815.36869
815.45925 815.45925
815.54981 815.54981
815.64036 815.64036
815.73092 815.73092
815.82147 815.82147
815.91203 815.91203
816.00259 816.00259
816.09314 816.09314
816.18370 816.18370
816.27426 816.27426
816.36481 816.36481
816.45537 816.45537
816.54592 816.54592
816.63648 816.63648
816.72704 816.72704
816.81759 816.81759
816.90815 816.90815
816.99871 816.99871
817.08926 817.08926
817.17982 817.17982
817.27038 817.27038
817.36093 817.36093
817.45149 817.45149
817.54204 817.54204
817.63260 817.63260
817.72316 817.72316
817.81371 817.81371
817.90427 817.90427
817.99483 817.99483
818.08538 818.08538
818.17594 818.17594
818.26649 818.26649
818.35705 818.35705
818.44761 818.44761
818.53816 818.53816
818.62872 818.62872
818.71928 818.71928
818.80983 818.80983
818.90039 818.90039
818.99094 818.99094
819.08150 819.08150
819.17206 819.17206
819.26261 819.26261
819.35317 819.35317
819.44373 819.44373
819.53428 819.53428
819.62484 819.62484
819.71539 819.71539
819.80595 819.80595
819.89651 819.89651
819.98706 819.98706
820.07762 820.07762
820.16818 820.16818
820.25873 820.25873
820.34929 820.34929
820.43984 820.43984
820.53040 820.53040
820.62096 820.62096
820.71151 820.71151
820.80207 820.80207
820.89263 820.89263
820.98318 820.98318
821.07374 821.07374
821.16429 821.16429
821.25485 821.25485
821.34541 821.34541
821.43596 821.43596
821.52652 821.52652
821.61708 821.61708
821.70763 821.70763
821.79819 821.79819
821.88875 821.88875
821.97930 821.97930
822.06986 822.06986
822.16041 822.16041
822.25097 822.25097
822.34153 822.34153
822.43208 822.43208
822.52264 822.52264
822.61320 822.61320
822.70375 822.70375
822.79431 822.79431
822.88486 822.88486
822.97542 822.97542
823.06598 823.06598
823.15653 823.15653
823.24709 823.24709
823.33765 823.33765
823.42820 823.42820
823.51876 823.51876
823.60931 823.60931
823.69987 823.69987
823.79043 823.79043
823.88098 823.88098
823.97154 823.97154
824.06210 824.06210
824.15265 824.15265
824.24321 824.24321
824.33376 824.33376
824.42432 824.42432
824.51488 824.51488
824.60543 824.60543
824.69599 824.69599
824.78655 824.78655
824.87710 824.87710
824.96766 824.96766
825.05821 825.05821
825.14877 825.14877
825.23933 825.23933
825.32988 825.32988
825.42044 825.42044
825.51100 825.51100
825.60155 825.60155
825.69211 825.69211
825.78266 825.78266
825.87322 825.87322
825.96378 825.96378
826.05433 826.05433
826.14489 826.14489
826.23545 826.23545
826.32600 826.32600
826.41656 826.41656
826.50712 826.50712
826.59767 826.59767
826.68823 826.68823
826.77878 826.77878
826.86934 826.86934
826.95990 826.95990
827.05045 827.05045
827.14101 827.14101
827.23157 827.23157
827.32212 827.32212
827.41268 827.41268
827.50323 827.50323
827.59379 827.59379
827.68435 827.68435
827.77490 827.77490
827.86546 827.86546
827.95602 827.95602
828.04657 828.04657
828.13713 828.13713
828.22768 828.22768
828.31824 828.31824
828.40880 828.40880
828.49935 828.49935
828.58991 828.58991
828.68047 828.68047
828.77102 828.77102
828.86158 828.86158
828.95213 828.95213
829.04269 829.04269
829.13325 829.13325
829.22380 829.22380
829.31436 829.31436
829.40492 829.40492
829.49547 829.49547
829.58603 829.58603
829.67658 829.67658
829.76714 829.76714
829.85770 829.85770
829.94825 829.94825
830.03881 830.03881
830.12937 830.12937
830.21992 830.21992
830.31048 830.31048
830.40103 830.40103
830.49159 830.49159
830.58215 830.58215
830.67270 830.67270
830.76326 830.76326
830.85382 830.85382
830.94437 830.94437
831.03493 831.03493
831.12549 831.12549
831.21604 831.21604
831.30660 831.30660
831.39715 831.39715
831.48771 831.48771
831.57827 831.57827
831.66882 831.66882
831.75938 831.75938
831.84994 831.84994
831.94049 831.94049
832.03105 832.03105
832.12160 832.12160
832.21216 832.21216
832.30272 832.30272
832.39327 832.39327
832.48383 832.48383
832.57439 832.57439
832.66494 832.66494
832.75550 832.75550
832.84605 832.84605
832.93661 832.93661
833.02717 833.02717
833.11772 833.11772
833.20828 833.20828
833.29884 833.29884
833.38939 833.38939
833.47995 833.47995
833.57050 833.57050
833.66106 833.66106
833.75162 833.75162
833.84217 833.84217
833.93273 833.93273
834.02329 834.02329
834.11384 834.11384
834.20440 834.20440
834.29495 834.29495
834.38551 834.38551
834.47607 834.47607
834.56662 834.56662
834.65718 834.65718
834.74774 834.74774
834.83829 834.83829
834.92885 834.92885
835.01940 835.01940
835.10996 835.10996
835.20052 835.20052
835.29107 835.29107
835.38163 835.38163
835.47219 835.47219
835.56274 835.56274
835.65330 835.65330
835.74386 835.74386
835.83441 835.83441
835.92497 835.92497
836.01552 836.01552
836.10608 836.10608
836.19664 836.19664
836.28719 836.28719
836.37775 836.37775
836.46831 836.46831
836.55886 836.55886
836.64942 836.64942
836.73997 836.73997
836.83053 836.83053
836.92109 836.92109
837.01164 837.01164
837.10220 837.10220
837.19276 837.19276
837.28331 837.28331
837.37387 837.37387
837.46442 837.46442
837.55498 837.55498
837.64554 837.64554
837.73609 837.73609
837.82665 837.82665
837.91721 837.91721
838.00776 838.00776
838.09832 838.09832
838.18887 838.18887
838.27943 838.27943
838.36999 838.36999
838.46054 838.46054
838.55110 838.55110
838.64166 838.64166
838.73221 838.73221
838.82277 838.82277
838.91332 838.91332
839.00388 839.00388
839.09444 839.09444
839.18499 839.18499
839.27555 839.27555
839.36611 839.36611
839.45666 839.45666
839.54722 839.54722
839.63777 839.63777
839.72833 839.72833
839.81889 839.81889
839.90944 839.90944
840.00000 840.00000
