700	50.171867
700.05084	50.427662
700.10168	46.474045
700.15253	49.504227
700.20331	45.449718
700.25415	49.008205
700.30499	49.220592
700.35583	51.186802
700.40668	53.023411
700.45752	47.00536
700.50836	49.946503
700.55914	47.104183
700.60999	48.896751
700.66083	56.555725
700.71167	48.900452
700.76251	44.426495
700.81335	51.916527
700.8642	53.104469
700.91498	49.737801
700.96582	45.705006
701.01666	51.496258
701.0675	49.915737
701.11835	49.121094
701.16919	50.643787
701.22003	49.542049
701.27081	44.722771
701.32166	47.298996
701.3725	47.612473
701.42334	50.384346
701.47418	50.020084
701.52502	47.14864
701.57587	47.999641
701.62665	47.902519
701.67749	46.456966
701.72833	48.877483
701.77917	52.117203
701.83002	51.440479
701.88086	48.483112
701.9317	48.523743
701.98248	53.987614
702.03333	52.374195
702.08417	47.884281
702.13501	49.626854
702.18585	47.726147
702.23669	46
702.28754	46.390827
702.33838	48.869659
702.38916	50.214817
702.44	48.360565
702.49084	50.676373
702.54169	49.692471
702.59253	48.709366
702.64337	48.273743
702.69421	49.031101
702.745	48.160164
702.79584	45.318176
702.84668	47.269146
702.89752	51.907589
702.94836	50.304989
702.99921	47.176945
703.05005	49.372467
703.10083	56.89098
703.15167	55.477451
703.20251	50.39539
703.25336	53.037533
703.3042	51.603493
703.35504	45.447445
703.40588	52.970909
703.45667	47.121094
703.50751	47.121094
703.55835	47.978462
703.60919	43.322933
703.66003	54.307869
703.71088	49.55653
703.76172	50.939342
703.8125	49.336636
703.86334	49.014973
703.91418	54.261806
703.96503	51.746216
704.01587	50.193939
704.06671	53.240456
704.11755	51.713703
704.16833	51.804447
704.21918	52.761505
704.27002	55.324879
704.32086	53.117405
704.3717	52
704.42255	47.216499
704.47339	49.196854
704.52417	49.052505
704.57501	47.431656
704.62585	50.902096
704.6767	49.976765
704.72754	46.877247
704.77838	45.469349
704.82922	50.084515
704.88	52.420349
704.93085	49.990627
704.98169	49.579182
705.03253	49.059875
705.08337	49.936043
705.13422	51.532333
705.18506	49.700459
705.23584	48.991131
705.28668	52.586037
705.33752	53.178471
705.38837	50.933182
705.43921	51.451603
705.49005	47.43222
705.54089	51.044289
705.59167	53.134315
705.64252	48.056057
705.69336	53.585739
705.7442	51.183197
705.79504	52.971107
705.84589	51.961166
705.89673	56.542664
705.94751	51.722328
705.99835	52.671627
706.04919	47.652588
706.10004	50.442013
706.15088	51.814117
706.20172	49.757637
706.25256	47.442341
706.30341	42.494801
706.35419	46.493423
706.40503	52.3806
706.45587	56.072006
706.50671	54.891594
706.55756	48.03299
706.6084	50
706.65924	50
706.71002	47.209492
706.76086	53.680553
706.81171	52.12656
706.86255	52.920914
706.91339	49.379284
706.96423	52.557785
707.01508	50.484665
707.06586	50.017197
707.1167	50
707.16754	50.099941
707.21838	51.64225
707.26923	51.206135
707.32007	52.650486
707.37091	53.121094
707.42169	48.641113
707.47253	47.763512
707.52338	50.145592
707.57422	48.986309
707.62506	51.456947
707.6759	48.324024
707.72675	49.913582
707.77753	52.713612
707.82837	53.666718
707.87921	50.369621
707.93005	51.018013
707.9809	46.811531
708.03174	47.074306
708.08258	48.289352
708.13336	46.590141
708.1842	49.612572
708.23505	51.070072
708.28589	51.558681
708.33673	53.064972
708.38757	52.606487
708.43842	52.553089
708.4892	52.238163
708.54004	51.449032
708.59088	51.73584
708.64172	53.712807
708.69257	55.242077
708.74341	51.016331
708.79425	51.707821
708.84503	48.385372
708.89587	49.624203
708.94672	54.895317
708.99756	50.43224
709.0484	47.748657
709.09924	51.714306
709.15009	47
709.20087	47.397186
709.25171	49.573685
709.30255	51.764591
709.35339	49.085945
709.40424	45.229473
709.45508	53.726109
709.50592	57.949638
709.5567	49.744255
709.60754	55.934132
709.65839	54.932873
709.70923	51.732567
709.76007	46.090012
709.81091	49.107971
709.86176	48.122814
709.91254	48.121098
709.96338	47.154011
710.01422	48.910713
710.06506	47.239834
710.11591	50.69384
710.16675	49.187187
710.21759	54.344707
710.26837	52.371738
710.31921	54.685699
710.37006	48.260666
710.4209	51.15007
710.47174	47.927586
710.52258	51.798161
710.57343	49.079014
710.62427	48.861519
710.67505	47.522591
710.72589	47.08939
710.77673	46.397789
710.82758	48.866951
710.87842	52.078941
710.92926	52.404446
710.9801	50.795773
711.03088	48.179119
711.08173	47.676861
711.13257	52.319283
711.18341	54.397976
711.23425	51.724033
711.2851	50.121094
711.33594	47.338741
711.38672	46.20385
711.43756	50.744961
711.4884	55.085224
711.53925	54.075016
711.59009	46.763435
711.64093	47.590992
711.69177	52.799294
711.74255	50.556942
711.7934	52.38493
711.84424	51.228298
711.89508	45.87447
711.94592	49.344971
711.99677	56.915821
712.04761	52.577518
712.09839	48
712.14923	50.254234
712.20007	54.518734
712.25092	52.547871
712.30176	52.175079
712.3526	53.974838
712.40344	50.516556
712.45422	49.227154
712.50507	51.274002
712.55591	54.819
712.60675	50.182266
712.65759	50.329216
712.70844	48.529465
712.75928	56.055008
712.81006	50.2439
712.8609	50.904617
712.91174	49.016083
712.96259	48.562622
713.01343	54.931046
713.06427	52.023533
713.11511	50.116951
713.16589	50.019642
713.21674	51.035526
713.26758	57.934921
713.31842	51.168434
713.36926	53.996979
713.4201	50.224117
713.47095	47.206852
713.52173	52.498882
713.57257	47.588528
713.62341	55.873432
713.67426	49.250717
713.7251	50.591789
713.77594	52.789433
713.82678	45.559078
713.87756	48.985634
713.92841	50.121094
713.97925	50.811356
714.03009	52.541588
714.08093	51.579121
714.13177	51.772942
714.18262	49.90678
714.2334	47.696053
714.28424	51.922241
714.33508	47.849548
714.38593	44.331184
714.43677	49.233971
714.48761	52
714.53845	51.374889
714.58929	49.168377
714.64008	48
714.69092	52.069824
714.74176	53.299496
714.7926	50.895466
714.84344	49.526855
714.89429	50.694031
714.94513	53.650326
714.99591	49.119022
715.04675	45.461235
715.0976	44.392784
715.14844	43.230392
715.19928	50.066593
715.25012	55.27055
715.30096	53.368992
715.35175	48.909851
715.40259	49.694786
715.45343	49
715.50427	51.814857
715.55511	53.964405
715.60596	48.32272
715.6568	49.308517
715.70758	50.625225
715.75842	51.806965
715.80927	51.797832
715.86011	52.517082
715.91095	47.645744
715.96179	46.986504
716.01263	49.607712
716.06342	48.097462
716.11426	49.466545
716.1651	55.290028
716.21594	50.797348
716.26678	49.552902
716.31763	53.498711
716.36847	56.22924
716.41925	50.107235
716.47009	51.275455
716.52094	53.067585
716.57178	53.575359
716.62262	46.356697
716.67346	55.00304
716.7243	55.084641
716.77509	52.009476
716.82593	51.135414
716.87677	49.065422
716.92761	50.911438
716.97845	54.764816
717.0293	48.513557
717.08014	47.086853
717.13092	48.797363
717.18176	49.885159
717.2326	49.233807
717.28345	50.73196
717.33429	55.321037
717.38513	49.485981
717.43597	46.489525
717.48676	50.128269
717.5376	45.606503
717.58844	50.988762
717.63928	48.441128
717.69012	52.315262
717.74097	51.83601
717.79181	51.80542
717.84259	50.712711
717.89343	48.049778
717.94427	49.070221
717.99512	47.348602
718.04596	49.245247
718.0968	47.821758
718.14764	49.182816
718.19843	54.085823
718.24927	52.506397
718.30011	50.12109
718.35095	49.486248
718.40179	49.552876
718.45264	50.539471
718.50348	50.474556
718.55426	49.488514
718.6051	51.490421
718.65594	54
718.70679	54.941448
718.75763	51.889732
718.80847	47
718.85931	46.622162
718.91016	46.53709
718.96094	49.885777
719.01178	54.777012
719.06262	53.749363
719.11346	50.767212
719.16431	51.382309
719.21515	50.040508
719.26599	50.44141
719.31677	52.004673
719.36761	53.448513
719.41846	50.720524
719.4693	48.454662
719.52014	51.583797
719.57098	50.029053
719.62183	50.999706
719.67261	53.360672
719.72345	51.199707
719.77429	52.744347
719.82513	54.969673
719.87598	50.652454
719.92682	53.234032
719.97766	48.657593
720.02844	52.645649
720.07928	49.907963
720.13013	48.390572
720.18097	41.588581
720.23181	47.056583
720.28265	46.376656
720.3335	50.97007
720.38428	47.299561
720.43512	54.072716
720.48596	50.125343
720.5368	47.045902
720.58765	45.173908
720.63849	48.955059
720.68933	48.061562
720.74011	53.702953
720.79095	51.255028
720.8418	47.490032
720.89264	51.578522
720.94348	52.014637
720.99432	51.238983
721.04517	54.427734
721.09595	52.482796
721.14679	50.44865
721.19763	48.496567
721.24847	49.720715
721.29932	53.267685
721.35016	54.121094
721.401	52.601402
721.45178	52.777931
721.50262	47.94931
721.55347	51.079597
721.60431	51.585148
721.65515	48.304749
721.70599	46.439285
721.75684	50.719009
721.80762	50.45929
721.85846	49.685673
721.9093	51.258781
721.96014	47.072086
722.01099	48.899479
722.06183	53.230347
722.11267	50.538177
722.16345	49.692715
722.21429	50.448647
722.26514	47.372265
722.31598	46.63464
722.36682	49.599049
722.41766	52.059658
722.46851	51.598782
722.51929	50.121094
722.57013	51.909664
722.62097	50.418396
722.67181	48.174072
722.72266	49.311668
722.7735	49.913712
722.82434	50.901356
722.87512	46.76704
722.92596	46.14576
722.97681	42.685459
723.02765	45.22818
723.07849	51.080864
723.12933	49.721539
723.18018	47.65028
723.23102	49.709084
723.2818	51.087074
723.33264	49.958977
723.38348	48.397503
723.43433	50.176682
723.48517	46.629196
723.53601	54.565189
723.58685	52.795071
723.63763	51.639709
723.68848	49.91983
723.73932	48.686039
723.79016	46.179192
723.841	43.425159
723.89185	57.329861
723.94269	51.666046
723.99347	49.108528
724.04431	49.285362
724.09515	52.111633
724.146	52.263565
724.19684	56
724.24768	55.637806
724.29852	47.112053
724.3493	50.954563
724.40015	48.14238
724.45099	54.060646
724.50183	46.179443
724.55267	50.945305
724.60352	56.841751
724.65436	47.606281
724.70514	49.783386
724.75598	50
724.80682	55.420006
724.85767	55.108894
724.90851	47.969017
724.95935	49.596848
725.01019	48.293549
725.06097	52.306812
725.11182	47.319744
725.16266	51.020294
725.2135	49.61079
725.26434	48.207928
725.31519	48
725.36603	46.466599
725.41681	46
725.46765	49.057701
725.51849	47.931896
725.56934	50.708603
725.62018	48.509335
725.67102	47.776962
725.72186	47.357841
725.77264	52.429596
725.82349	51.103519
725.87433	46.423527
725.92517	47.604069
725.97601	50.28537
726.02686	48.643848
726.0777	48.23941
726.12848	47.834068
726.17932	48.210583
726.23016	51.35511
726.28101	49.29718
726.33185	48.195053
726.38269	52.091991
726.43353	52.978466
726.48431	52
726.53516	47.195827
726.586	45.856289
726.63684	48.670391
726.68768	47.570709
726.73853	46.316456
726.78937	47.410713
726.84015	53.242325
726.89099	53.392487
726.94183	49.831059
726.99268	46.536037
727.04352	46.314812
727.09436	51.140633
727.1452	50.989937
727.19604	47.780453
727.24683	48.764782
727.29767	49.262726
727.34851	52.415268
727.39935	52.241119
727.4502	50
727.50104	50.807331
727.55188	52.351936
727.60266	51.172428
727.6535	56.142841
727.70435	57.353428
727.75519	46.801064
727.80603	47.523987
727.85687	53.419384
727.90771	50.754868
727.9585	52.782784
728.00934	45.597179
728.06018	44.143833
728.11102	50.887802
728.16187	48.912014
728.21271	47.763386
728.26355	53.847363
728.31433	51.770615
728.36517	47.461281
728.41602	52.817245
728.46686	49.004189
728.5177	49.121094
728.56854	49.244194
728.61938	59.990574
728.67017	46.287277
728.72101	51.857788
728.77185	52.116821
728.82269	49.263489
728.87354	50.889935
728.92438	52.973389
728.97522	54.03931
729.026	54.121094
729.07684	49.646393
729.12769	47.353577
729.17853	49.736088
729.22937	47.435532
729.28021	50.500446
729.33105	47.771713
729.38184	48.673248
729.43268	44.929646
729.48352	46.505589
729.53436	47.816956
729.58521	50.433681
729.63605	51.88953
729.68689	46.819469
729.73767	50.339115
729.78851	53.500347
729.83936	50.472481
729.8902	48.322922
729.94104	49.400135
729.99188	43.885502
730.04272	45.864277
730.09351	46.121475
730.14435	47.660629
730.19519	45.218472
730.24603	43.67672
730.29688	49.044186
730.34772	49.680836
730.39856	47.522797
730.44934	47.636803
730.50018	48.575703
730.55103	48.503727
730.60187	48.607647
730.65271	48.523167
730.70355	48.651936
730.75439	44.967266
730.80518	43.600418
730.85602	46.557312
730.90686	50.950684
730.9577	50.725014
731.00854	48.839825
731.05939	52.972019
731.11023	51.844372
731.16101	49.068932
731.21185	49.890244
731.2627	48.260521
731.31354	44.518688
731.36438	45.460823
731.41522	46.420948
731.46606	47.805817
731.51691	48.646633
731.56769	47.356834
731.61853	44.46484
731.66937	43.643864
731.72021	48.110027
731.77106	46.681156
731.8219	49.182838
731.87274	50.983822
731.92352	48.56189
731.97437	49.35955
732.02521	47.849464
732.07605	48.725758
732.12689	44.122391
732.17773	44.737976
732.22858	47.686287
732.27936	49.549824
732.3302	47.750542
732.38104	47.514946
732.43188	49.501198
732.48273	48.250229
732.53357	54.182335
732.58441	44.410198
732.63519	46.984554
732.68604	46.878174
732.73688	46.352356
732.78772	47.715225
732.83856	44.099194
732.8894	46.348759
732.94025	54.817139
732.99103	56.194771
733.04187	48.750183
733.09271	47.857277
733.14355	48.820328
733.1944	42.321468
733.24524	46.951424
733.29608	54.394894
733.34686	50.577755
733.39771	52.20631
733.44855	47.586533
733.49939	45.45771
733.55023	49.183372
733.60107	51.613361
733.65192	53.588089
733.7027	54.763134
733.75354	46.724789
733.80438	48.714787
733.85522	46.03157
733.90607	50.057312
733.95691	50.620419
734.00775	52.945957
734.05853	50.071087
734.10938	50.500874
734.16022	51.178528
734.21106	48.372768
734.2619	45.319073
734.31274	47.582233
734.36359	48.882542
734.41437	48.073082
734.46521	45.929691
734.51605	46.37727
734.56689	43.91851
734.61774	43.972427
734.66858	44.797634
734.71942	46.341785
734.7702	49.403393
734.82104	46.371811
734.87189	50.307571
734.92273	49.083889
734.97357	45.450668
735.02441	48.00568
735.07526	45.869026
735.12604	48.757339
735.17688	51.177876
735.22772	50.665283
735.27856	49.152344
735.32941	49.23418
735.38025	50.086174
735.43109	49.986244
735.48193	47.23838
735.53271	46.01532
735.58356	47.710762
735.6344	47.858131
735.68524	46.696426
735.73608	47.467205
735.78693	48.427162
735.83777	48.918293
735.88855	46.928516
735.93939	44.881126
735.99023	46.718739
736.04108	47.704094
736.09192	45.273891
736.14276	44.015717
736.1936	43.027088
736.24438	46.143757
736.29523	49.349022
736.34607	49.032101
736.39691	46.184292
736.44775	47.273472
736.4986	47.957306
736.54944	48.990681
736.60022	49.464146
736.65106	47.739902
736.7019	48.746746
736.75275	47.498871
736.80359	48.478348
736.85443	43.841339
736.90527	45.392406
736.95605	52.590042
737.0069	50.039757
737.05774	51.23402
737.10858	48.104656
737.15942	45.814671
737.21027	44.978905
737.26111	50.548706
737.31189	50.815155
737.36273	49.347336
737.41357	47.722351
737.46442	52.129005
737.51526	47.058113
737.5661	45.244778
737.61694	47.842312
737.66772	46.904675
737.71857	44.574463
737.76941	46.913986
737.82025	48.586304
737.87109	47.638332
737.92194	46.873722
737.97278	45.506954
738.02356	44.546238
738.0744	45.472858
738.12524	45.325993
738.17609	47.782593
738.22693	48.048073
738.27777	49.116978
738.32861	51.56641
738.37939	47.359066
738.43024	46.57206
738.48108	48.099136
738.53192	45.416195
738.58276	47.367081
738.63361	47.860168
738.68445	49.933056
738.73523	46.789268
738.78607	46.232552
738.83691	46.787621
738.88776	50.371586
738.9386	49.471737
738.98944	46.755852
739.04028	49.323421
739.09106	46.341999
739.14191	49.570396
739.19275	48.753483
739.24359	47.057106
739.29443	45.113895
739.34528	49.339199
739.39612	47.484856
739.4469	47.015484
739.49774	46.38081
739.54858	48.173782
739.59943	48.364685
739.65027	45.481785
739.70111	44.983662
739.75195	47.909992
739.8028	47.771843
739.85358	46.4431
739.90442	46.051064
739.95526	47.816795
740.0061	46.814133
740.05695	47.043194
740.10779	47.245312
740.15863	43.387901
740.20941	42.710316
740.26025	46.23476
740.3111	45.617451
740.36194	46.176247
740.41278	46.539883
740.46362	46.135494
740.51447	47.78627
740.56525	48.160786
740.61609	46.995918
740.66693	46.544571
740.71777	45.537354
740.76862	45.730331
740.81946	48.349724
740.8703	50.331009
740.92108	47.533821
740.97192	46.572056
741.02277	49.937462
741.07361	46.837769
741.12445	46.777985
741.17529	47.787647
741.22614	48.239601
741.27692	46.111919
741.32776	45.491196
741.3786	43.348808
741.42944	46.823116
741.48029	46.975178
741.53113	49.042229
741.58197	47.315136
741.63275	48.16843
741.68359	46.299992
741.73444	44.837704
741.78528	48.157211
741.83612	47.949814
741.88696	48.142403
741.93781	47.485386
741.98859	46.574459
742.03943	47.601784
742.09027	44.168549
742.14111	44.577747
742.19196	45.016029
742.2428	45.897976
742.29364	49.290535
742.34442	45.938423
742.39526	42.197895
742.44611	43.571316
742.49695	43.472485
742.54779	48.176529
742.59863	51.366199
742.64948	49.580753
742.70026	48.427879
742.7511	45.524593
742.80194	45.878204
742.85278	47.597088
742.90363	44.787411
742.95447	45.196362
743.00531	46.468208
743.05609	46.076763
743.10693	47.839474
743.15778	48.256565
743.20862	43.98764
743.25946	40.774761
743.3103	45.987888
743.36115	48.570049
743.41193	49.177124
743.46277	51.165184
743.51361	48.016689
743.56445	47.160305
743.6153	46.135361
743.66614	43.181385
743.71698	45.317204
743.76782	45.642944
743.8186	46.316227
743.86945	47.560177
743.92029	46.873577
743.97113	47.677361
744.02197	45.148598
744.07281	44.579479
744.12366	47.666443
744.17444	47.610397
744.22528	47.587936
744.27612	47.820999
744.32697	46.341099
744.37781	46.570492
744.42865	48.912304
744.47949	44.771637
744.53027	44.137135
744.58112	47.75766
744.63196	49.550816
744.6828	47.944122
744.73364	46.814087
744.78448	49.690372
744.83533	49.062088
744.88611	49.147079
744.93695	47.320419
744.98779	47.402565
745.03864	45.13726
745.08948	44.484268
745.14032	47.278221
745.19116	45.261753
745.24194	44.260979
745.29279	45.246025
745.34363	47.187141
745.39447	46.902447
745.44531	47.933014
745.49615	46.865509
745.547	46.869335
745.59778	46.961166
745.64862	47.452652
745.69946	44.540432
745.75031	46.331959
745.80115	47.104721
745.85199	44.30891
745.90283	45.629112
745.95361	44.758163
746.00446	43.96862
746.0553	45.163177
746.10614	48.763428
746.15698	40.997265
746.20782	43.16745
746.25867	48.937248
746.30945	47.179165
746.36029	42.600555
746.41113	50.980576
746.46198	42.489353
746.51282	49.258236
746.56366	50.422382
746.6145	45.802898
746.66528	50.629959
746.71613	46.439877
746.76697	46.337643
746.81781	46.754593
746.86865	43.746616
746.91949	49.581764
746.97034	47.020866
747.02112	41.60635
747.07196	48.759335
747.1228	47.931034
747.17365	45.073658
747.22449	45.220268
747.27533	46.854126
747.32617	44.121117
747.37695	46.330574
747.4278	44.689129
747.47864	45.758141
747.52948	47.281811
747.58032	45.681145
747.63116	45.929943
747.68201	44.634228
747.73279	45.584011
747.78363	46.042267
747.83447	47.072319
747.88531	46.974907
747.93616	45.750362
747.987	43.682819
748.03784	46.589966
748.08868	45.225544
748.13947	43.935078
748.19031	45.570927
748.24115	46.02739
748.29199	46.217499
748.34283	45.57478
748.39368	47.374805
748.44452	46.446007
748.4953	44.91288
748.54614	44.424675
748.59698	43.726624
748.64783	45.147911
748.69867	45.56768
748.74951	42.99609
748.80035	44.716476
748.85114	46.13578
748.90198	44.62093
748.95282	46.659573
749.00366	48.215111
749.0545	48.234379
749.10535	48.189293
749.15619	46.931782
749.20697	47.449879
749.25781	46.353016
749.30865	47.992916
749.3595	48.890705
749.41034	45.854263
749.46118	42.924809
749.51202	47.07938
749.56281	45.707756
749.61365	43.798298
749.66449	44.75996
749.71533	46.57048
749.76617	43.842743
749.81702	44.585209
749.86786	49.446457
749.91864	46.675617
749.96948	42.327568
750.02032	47.180668
750.07117	47.132839
750.12201	49.15427
750.17285	44.359856
750.22369	42.844929
750.27448	43.374153
750.32532	43.049194
750.37616	44.29546
750.427	45.153629
750.47784	39.494438
750.52869	46.462002
750.57953	43.803173
750.63031	43.786991
750.68115	45.365627
750.73199	43.52177
750.78284	46.603306
750.83368	46.934105
750.88452	46.021103
750.93536	51.640434
750.98615	42.608425
751.03699	41.580509
751.08783	47.63855
751.13867	42.67804
751.18951	41.281017
751.24036	41.57576
751.2912	46.041626
751.34198	45.11245
751.39282	40.837112
751.44366	45.570694
751.49451	44.270691
751.54535	43.982643
751.59619	46.862827
751.64703	41.838455
751.69781	46.205982
751.74866	46.104435
751.7995	46.165466
751.85034	46.221825
751.90118	46.040039
751.95203	46.463398
752.00287	44.5326
752.05365	46.489876
752.10449	44.613674
752.15533	51.07954
752.20618	48.79924
752.25702	41.893257
752.30786	43.074108
752.3587	46.295353
752.40955	49.960609
752.46033	45.926945
752.51117	43.209003
752.56201	45.686787
752.61285	43.461121
752.6637	41.185722
752.71454	45.731716
752.76538	47.882996
752.81616	45.174732
752.867	45.245632
752.91785	46.643097
752.96869	43.723858
753.01953	46.297852
753.07037	47.053013
753.12122	48.240448
753.172	45.076675
753.22284	43.67907
753.27368	44.426075
753.32452	45.030041
753.37537	44.71785
753.42621	45.009338
753.47705	43.235115
753.52783	44.064445
753.57867	48.02927
753.62952	46.388493
753.68036	43.331303
753.7312	43.395466
753.78204	42.492092
753.83289	42.767948
753.88367	43.097202
753.93451	40.826172
753.98535	41.699715
754.03619	46.315498
754.08704	46.412914
754.13788	41.964863
754.18872	45.292469
754.2395	47.482117
754.29034	48.692379
754.34119	45.719807
754.39203	43.529652
754.44287	44.68446
754.49371	45.17197
754.54456	43.239243
754.59534	49.185032
754.64618	46.948112
754.69702	45.850128
754.74786	46.952358
754.79871	44.310768
754.84955	42.72765
754.90039	40.687653
754.95117	39.023109
755.00201	45.933186
755.05286	48.398823
755.1037	46.736599
755.15454	44.533535
755.20538	41.881752
755.25623	49.272499
755.30701	47.902416
755.35785	49.523846
755.40869	39.830688
755.45953	44.695202
755.51038	43.676868
755.56122	41.826172
755.61206	42.369072
755.66284	45.277996
755.71368	40.649609
755.76453	45.436905
755.81537	42.557545
755.86621	47.252621
755.91705	39.646496
755.9679	47.128227
756.01868	37.437214
756.06952	45.045895
756.12036	45.891834
756.1712	43.054638
756.22205	44.996964
756.27289	44.8699
756.32373	49.821281
756.37457	43.885212
756.42535	44.978233
756.4762	45.802708
756.52704	45.826172
756.57788	42.01408
756.62872	42.770435
756.67957	43.923054
756.73041	44.764763
756.78119	39.324379
756.83203	44.269268
756.88287	41.388859
756.93372	48.117329
756.98456	49.726963
757.0354	46.341892
757.08624	43.388973
757.13702	38.736755
757.18787	41.228413
757.23871	46.981739
757.28955	48.825382
757.34039	47.367058
757.39124	44.576694
757.44208	42.40377
757.49286	47.387028
757.5437	48.045704
757.59454	41.786194
757.64539	34.658554
757.69623	45.808887
757.74707	46.148254
757.79791	45.689835
757.84869	41.63763
757.89954	42.02779
757.95038	46.49165
758.00122	43.101662
758.05206	47.910599
758.10291	51
758.15375	46.840977
758.20453	44.161221
758.25537	47.872917
758.30621	47.414581
758.35706	42.811741
758.4079	42.148567
758.45874	45.414974
758.50958	45.059067
758.56036	43.223331
758.61121	41.147038
758.66205	41.170868
758.71289	43.053211
758.76373	42.220825
758.81458	45.936707
758.86542	49.371262
758.9162	44.664639
758.96704	46.772701
759.01788	50.252628
759.06873	44.183868
759.11957	44.478298
759.17041	45.922928
759.22125	45.764389
759.27203	46.50478
759.32288	43.9179
759.37372	46.68832
759.42456	49.920929
759.4754	49.903824
759.52625	47.367947
759.57709	46.93507
759.62787	51.24744
759.67871	49.422485
759.72955	46.807728
759.7804	48
759.83124	47.158905
759.88208	46.584064
759.93292	46.409557
759.9837	46.892323
760.03455	49.882977
760.08539	45.251019
760.13623	44.55793
760.18707	47.910515
760.23792	48.63401
760.28876	41.826172
760.33954	42.484844
760.39038	44.2943
760.44122	46.14238
760.49207	47.565701
760.54291	44.364933
760.59375	45.565495
760.64459	43.312527
760.69543	40.537403
760.74622	46.533447
760.79706	47.689541
760.8479	44.265259
760.89874	44.561127
760.94958	41.445202
761.00043	46.692253
761.05127	41.967644
761.10205	41.647762
761.15289	41.844414
761.20374	46.342583
761.25458	44.44014
761.30542	47.706409
761.35626	46.152477
761.4071	41.855988
761.45789	48.726154
761.50873	47.662521
761.55957	45.419384
761.61041	48.711227
761.66125	46.339115
761.7121	49.826168
761.76294	49.681343
761.81372	47.634808
761.86456	45.060741
761.91541	48.904896
761.96625	47.193199
762.01709	51.604507
762.06793	44.80962
762.11877	37.241028
762.16956	51.750542
762.2204	41.82655
762.27124	50.929119
762.32208	43.942204
762.37292	46.755028
762.42377	49.729004
762.47461	47.112904
762.52539	48.739483
762.57623	48.826172
762.62708	46.180042
762.67792	45.838554
762.72876	49.671318
762.7796	44.365498
762.83044	44.888508
762.88123	48.433971
762.93207	38.159187
762.98291	42.26693
763.03375	48.964302
763.08459	46.361298
763.13544	46.684868
763.18628	43.425522
763.23706	45.500004
763.2879	42.515102
763.33875	45.279678
763.38959	44.360207
763.44043	45.622822
763.49127	41.981678
763.54211	44.842323
763.5929	48.980659
763.64374	46.837547
763.69458	46.639111
763.74542	48.358288
763.79626	45.79203
763.84711	44.826168
763.89795	44.08268
763.94873	44.689049
763.99957	46.345268
764.05042	48.395802
764.10126	46.01067
764.1521	51.219078
764.20294	49.103477
764.25378	42.128471
764.30457	42.774162
764.35541	46.003849
764.40625	46.244286
764.45709	47.855461
764.50793	44.397556
764.55878	42.087242
764.60962	45.144043
764.66046	46.048859
764.71124	44.046059
764.76208	48.519306
764.81293	48.921913
764.86377	45.945644
764.91461	44.050327
764.96545	46.50993
765.0163	44.840668
765.06708	44.448666
765.11792	46.708347
765.16876	43.424316
765.2196	41.335392
765.27045	44.429276
765.32129	46.866909
765.37213	46.442032
765.42291	43.92482
765.47375	43.284229
765.5246	46.623482
765.57544	48.52906
765.62628	44.909485
765.67712	42.850929
765.72797	44.034435
765.77875	46.15984
765.82959	51.354721
765.88043	48.304985
765.93127	43.522091
765.98212	44.600842
766.03296	45.029282
766.0838	46.995823
766.13458	45.300282
766.18542	45.520302
766.23627	47.648205
766.28711	45.154995
766.33795	46.035942
766.38879	43.792389
766.43964	38.092476
766.49042	40.793629
766.54126	46.671558
766.5921	48.045238
766.64294	47.056118
766.69379	45.228706
766.74463	42.062321
766.79547	42.057518
766.84625	44.405144
766.89709	46.833443
766.94794	45.976875
766.99878	43.066532
767.04962	42.195282
767.10046	44.212601
767.15131	48.088657
767.20209	45.775139
767.25293	45.538944
767.30377	46.297325
767.35461	48.434414
767.40546	48.334232
767.4563	45.952759
767.50714	48.449978
767.55792	48.276344
767.60876	47.858921
767.65961	47.637562
767.71045	46.722164
767.76129	48.386372
767.81213	44.771484
767.86298	44.809929
767.91376	48.498882
767.9646	51.246849
768.01544	51.5205
768.06628	46.70713
768.11713	45.94825
768.16797	48.329731
768.21881	43.590958
768.26959	42.667927
768.32043	43.140263
768.37128	45.22176
768.42212	47.72023
768.47296	44.942211
768.5238	44.274475
768.57465	44.523808
768.62543	46.704407
768.67627	46.158421
768.72711	49.714222
768.77795	45.472031
768.8288	46.722919
768.87964	47.971859
768.93048	46.331684
768.98132	50.794216
769.0321	47.34354
769.08295	46.167938
769.13379	47.181396
769.18463	48.283493
769.23547	50.330177
769.28632	49.283848
769.33716	40.893806
769.38794	45.738083
769.43878	52.941658
769.48962	46.633507
769.54047	45.798744
769.59131	46.2686
769.64215	47.137989
769.69299	48.399506
769.74377	45.17527
769.79462	45.356693
769.84546	45.043545
769.8963	44.322395
769.94714	47.8055
769.99799	48.795753
770.04883	46.594761
770.09961	47.918087
770.15045	47.370907
770.20129	47.594219
770.25214	47.580105
770.30298	48.340199
770.35382	48.478889
770.40466	47.644459
770.45544	47.617184
770.50629	43.413727
770.55713	47.302547
770.60797	45.265572
770.65881	45.558777
770.70966	46.563648
770.7605	49.201515
770.81128	45.937393
770.86212	47.871078
770.91296	54.757
770.96381	47.415588
771.01465	48.898518
771.06549	45.054867
771.11633	47.573284
771.16711	49.757702
771.21796	43.270836
771.2688	48.938568
771.31964	47.986347
771.37048	47.532368
771.42133	46.655964
771.47217	43.975227
771.52295	43.601646
771.57379	50.176449
771.62463	47.523712
771.67548	44.351894
771.72632	47.246044
771.77716	46.888466
771.828	49.447044
771.87878	49.795353
771.92963	45.286793
771.98047	41.986279
772.03131	46.257927
772.08215	50.041615
772.133	50.208698
772.18384	50.870136
772.23462	50.239624
772.28546	49.927589
772.3363	48.915157
772.38715	50.279209
772.43799	48.689289
772.48883	45.76947
772.53967	48.547092
772.59045	50.405769
772.6413	48.536232
772.69214	48.406116
772.74298	48.929535
772.79382	49.319038
772.84467	48.747921
772.89551	47.329617
772.94635	47.939255
772.99713	49.488972
773.04797	50.224476
773.09882	48.775249
773.14966	50.163303
773.2005	49.835777
773.25134	49.757561
773.30219	49.578068
773.35297	48.269073
773.40381	47.962093
773.45465	46.723011
773.50549	46.927853
773.55634	48.487686
773.60718	49.470276
773.65802	49.482483
773.7088	51.415592
773.75964	49.301826
773.81049	47.222183
773.86133	47.744274
773.91217	51.166267
773.96301	48.301731
774.01385	48.54034
774.06464	49.769417
774.11548	46.945763
774.16632	47.10384
774.21716	46.334667
774.26801	49.720638
774.31885	49.74601
774.36969	50.912224
774.42047	48.094982
774.47131	47.322929
774.52216	49.18433
774.573	50.669674
774.62384	47.404297
774.67468	49.304676
774.72552	49.681473
774.77631	49.541645
774.82715	49.717323
774.87799	49.984322
774.92883	46.738533
774.97968	49.656639
775.03052	46.878559
775.08136	50.143654
775.13214	50.281261
775.18298	46.499985
775.23383	48.88578
775.28467	48.922565
775.33551	48.552769
775.38635	48.739838
775.43719	51.441132
775.48798	48.873829
775.53882	50.751499
775.58966	48.71722
775.6405	48.936115
775.69135	53.84853
775.74219	48.348141
775.79303	51.698463
775.84381	49.477196
775.89465	50.635834
775.9455	49.719322
775.99634	47.955601
776.04718	51.498131
776.09802	50.731949
776.14886	50.902344
776.19965	49.953693
776.25049	47.428577
776.30133	50.966629
776.35217	52.552116
776.40302	45.810955
776.45386	47.893955
776.5047	48.239552
776.55548	47.910553
776.60632	46.752243
776.65717	44.364952
776.70801	50.546864
776.75885	53.213989
776.80969	50.186428
776.86053	50.753109
776.91132	51.550701
776.96216	50.874023
777.013	49.392857
777.06384	50.955391
777.11469	46.401028
777.16553	51.725025
777.21637	49.321533
777.26721	49.91214
777.31799	46.937618
777.36884	51.517399
777.41968	47.392078
777.47052	47.732536
777.52136	48.936462
777.5722	47.22723
777.62305	48.013214
777.67383	49.18465
777.72467	48.994194
777.77551	49.249706
777.82635	50.060879
777.8772	53.147255
777.92804	49.615768
777.97888	46.759686
778.02966	48.590721
778.08051	49.071011
778.13135	47.979176
778.18219	48.106564
778.23303	49.05788
778.28387	53.322197
778.33472	51.850479
778.3855	49.296642
778.43634	52.57185
778.48718	51.629059
778.53802	50.04142
778.58887	54.160137
778.63971	50.399204
778.69055	48.888638
778.74133	52.82922
778.79218	53.852764
778.84302	51.803207
778.89386	53.259712
778.9447	52.32312
778.99554	52.84
779.04639	50.641861
779.09717	48.067043
779.14801	51.668655
779.19885	52.630947
779.24969	53.19976
779.30054	53.438881
779.35138	51.770462
779.40222	47.028584
779.453	46.123234
779.50385	48.056072
779.55469	48.953896
779.60553	53.384262
779.65637	51.981339
779.70721	51.21846
779.75806	50.000828
779.80884	51.655312
779.85968	49.342663
779.91052	51.55019
779.96136	54.337406
780.01221	50.067513
780.06305	50.949722
780.11389	50.864597
780.16467	48.994953
780.21552	50.406517
780.26636	52.745346
780.3172	50.073708
780.36804	52.672661
780.41888	52.65123
780.46973	52.220695
780.52051	56.340359
780.57135	55.416203
780.62219	55.266357
780.67303	52.385757
780.72388	53.277172
780.77472	51.148315
780.82556	51.397915
780.87634	47.112728
780.92719	49.755718
780.97803	49.643879
781.02887	49.246826
781.07971	48.79192
781.13055	51.743191
781.1814	47.274574
781.23218	47.041286
781.28302	55.151539
781.33386	52.118324
781.3847	47.144176
781.43555	53.150097
781.48639	54.72496
781.53723	50.149212
781.58807	46.644749
781.63885	50.840031
781.6897	53.177769
781.74054	50.989243
781.79138	52.48106
781.84222	48.56963
781.89307	50.032379
781.94391	54.644119
781.99469	51.724674
782.04553	52.677349
782.09637	55.175705
782.14722	47.833313
782.19806	50.042625
782.2489	53.291805
782.29974	51.684231
782.35052	54.037533
782.40137	49.772575
782.45221	48.906605
782.50305	48.493019
782.55389	50.417202
782.60474	53.382938
782.65558	52.075123
782.70636	51.982117
782.7572	54.310734
782.80804	57.819435
782.85889	53.877316
782.90973	60.457542
782.96057	54.328232
783.01141	51.685001
783.06219	49.255623
783.11304	53.192429
783.16388	50.430885
783.21472	48.976315
783.26556	51.391705
783.31641	50.975719
783.36725	48.42374
783.41803	50.479599
783.46887	53.149185
783.51971	52.91769
783.57056	56.682152
783.6214	55.935001
783.67224	57.262672
783.72308	47.617783
783.77386	53.379444
783.82471	53.461403
783.87555	50.470966
783.92639	52.122612
783.97723	49.843658
784.02808	51.136219
784.07892	51.935123
784.1297	54.098095
784.18054	54.838036
784.23138	51.27224
784.28223	52.11731
784.33307	51.581047
784.38391	50.29591
784.43475	50.681099
784.48553	49.596645
784.53638	50.3773
784.58722	51.682144
784.63806	53.351299
784.6889	51.311237
784.73975	55.975952
784.79059	54.393326
784.84137	57.206947
784.89221	51.611431
784.94305	45.086033
784.9939	50.939106
785.04474	52.493629
785.09558	52.230255
785.14642	55.442001
785.1972	53.963802
785.24805	52.592701
785.29889	54.770641
785.34973	54.825832
785.40057	51.682674
785.45142	53.437965
785.50226	54.862812
785.5531	52.312202
785.60388	50.996952
785.65472	52.642937
785.70557	52.913681
785.75641	53.063107
785.80725	52.410873
785.85809	55.174812
785.90894	54.869007
785.95972	56.092754
786.01056	56.966869
786.0614	50.511814
786.11224	52.415512
786.16309	57.480965
786.21393	56.562614
786.26477	54.528397
786.31555	53.066292
786.36639	52.914158
786.41724	53.091724
786.46808	50.654404
786.51892	49.436089
786.56976	46.964943
786.62061	48.123989
786.67139	53.728939
786.72223	54.487732
786.77307	55.946041
786.82391	52.189743
786.87476	50.203785
786.9256	50.945232
786.97644	55.149399
787.02722	56.618477
787.07806	54.875378
787.12891	52.62941
787.17975	51.99754
787.23059	51.285145
787.28143	50.690044
787.33228	53.021816
787.38306	54.326172
787.4339	53.652809
787.48474	54.995377
787.53558	55.317947
787.58643	57.247932
787.63727	58.467659
787.68811	55
787.73889	54.705856
787.78973	54.865952
787.84058	56.99807
787.89142	54.784603
787.94226	47.643986
787.9931	47.167114
788.04395	55.734695
788.09473	54.235847
788.14557	53.480068
788.19641	57.999996
788.24725	57.764801
788.2981	56.770866
788.34894	56
788.39978	55.999996
788.45056	53.87764
788.5014	47.855305
788.55225	54.598492
788.60309	53.973251
788.65393	57.242901
788.70477	53.998749
788.75562	55.061138
788.8064	58.11055
788.85724	49.32579
788.90808	50.832996
788.95892	50.768383
789.00977	54.405312
789.06061	51.572426
789.11145	54.718807
789.16223	54.181419
789.21307	61.612984
789.26392	59.235054
789.31476	59.846748
789.3656	51.102203
789.41644	53.032059
789.46729	61.204189
789.51807	53.993164
789.56891	54.517231
789.61975	60
789.67059	60.075752
789.72144	60.50531
789.77228	53.600929
789.82312	48.407314
789.87396	54.89172
789.92474	53.188393
789.97559	57.123978
790.02643	59.657352
790.07727	51.186138
790.12811	56.831089
790.17896	51.102478
790.2298	55.926506
790.28058	52.06221
790.33142	57.973873
790.38226	52.993782
790.43311	61.951885
790.48395	56.061386
790.53479	57.966888
790.58563	60.928135
790.63641	54.181293
790.68726	58.833038
790.7381	55.148445
790.78894	56.915348
790.83978	59.851063
790.89063	57.157516
790.94147	56.051334
790.99225	54.119015
791.04309	60.515221
791.09393	54.514606
791.14478	57.681179
791.19562	58.915283
791.24646	55.353252
791.2973	58.613091
791.34808	55.39999
791.39893	54.993885
791.44977	55.888779
791.50061	56
791.55145	57.752453
791.60229	57.999138
791.65314	57.124081
791.70392	59.588097
791.75476	59.999043
791.8056	60.854679
791.85645	45.70269
791.90729	52.281322
791.95813	54.832394
792.00897	60.003338
792.05975	57.678619
792.1106	56.998798
792.16144	55.360355
792.21228	54.179756
792.26312	59.665363
792.31396	57.782505
792.36481	52.199192
792.41559	50.993164
792.46643	56.523998
792.51727	55.643623
792.56812	58.119278
792.61896	56.67321
792.6698	56.770714
792.72064	57.76033
792.77142	54.956703
792.82227	50.970158
792.87311	56.008778
792.92395	58
792.97479	58
793.02563	58.731705
793.07648	56.797451
793.12726	59.626942
793.1781	59.548225
793.22894	53.974518
793.27979	54.853409
793.33063	57.417091
793.38147	55.186417
793.43231	56.796322
793.48309	57.300964
793.53394	55.61795
793.58478	50.203701
793.63562	50.720142
793.68646	60.103699
793.7373	56.617512
793.78815	56.994911
793.83899	60.321339
793.88977	65.602226
793.94061	62.778229
793.99146	58.703308
794.0423	61.21368
794.09314	61.719074
794.14398	59.092129
794.19482	56.732937
794.24561	57.249748
794.29645	56.75285
794.34729	57.848492
794.39813	59.608158
794.44897	59.993164
794.49982	59.997288
794.55066	61.197613
794.60144	61.405159
794.65228	58.045063
794.70313	58.336086
794.75397	57.670059
794.80481	52.537277
794.85565	54.004669
794.90649	54.149689
794.95728	56.50565
795.00812	67.827271
795.05896	64.54763
795.1098	60.306892
795.16064	61.90591
795.21149	60.996292
795.26233	56.688175
795.31311	57.276989
795.36395	63.65015
795.41479	59.690304
795.46564	56.079357
795.51648	60.063519
795.56732	60.970642
795.61816	54.911793
795.66895	52.519176
795.71979	53.995472
795.77063	54.979538
795.82147	56.996532
795.87231	60.424297
795.92316	58.642944
795.974	54.931934
796.02478	56.962597
796.07562	55.566616
796.12646	56.311249
796.17731	56.206039
796.22815	50.699944
796.27899	51.782249
796.32983	58.632706
796.38062	56.637707
796.43146	53.532604
796.4823	61.906616
796.53314	60.818199
796.58398	55.680676
796.63483	59.584629
796.68567	56.652412
796.73645	59.630508
796.78729	63.070637
796.83813	55.346184
796.88898	58.875389
796.93982	59.02301
796.99066	59.353825
797.0415	59.251572
797.09229	60.159447
797.14313	62.390282
797.19397	62.774818
797.24481	61.347176
797.29565	56.169079
797.3465	58.730843
797.39734	58.576187
797.44812	56.479877
797.49896	51.5909
797.5498	57.661972
797.60065	60.669033
797.65149	58.054222
797.70233	55.85482
797.75317	59.362377
797.80396	56.440311
797.8548	56.867722
797.90564	55.528461
797.95648	58.221027
798.00732	61.534557
798.05817	59.643818
798.10901	59.703857
798.15985	65.80246
798.21063	64.614273
798.26147	57.460148
798.31232	59.886856
798.36316	60.178852
798.414	61.402229
798.46484	59.993824
798.51569	60.071777
798.56647	58.659294
798.61731	59.928955
798.66815	62.030746
798.71899	61.798485
798.76984	63.485973
798.82068	60.765129
798.87152	58.382652
798.9223	55.430187
798.97314	58.688469
799.02399	62.361683
799.07483	66.460693
799.12567	65.81749
799.17651	61.012527
799.22736	63.632435
799.27814	62.735603
799.32898	60.878265
799.37982	61.627007
799.43066	60.428932
799.48151	64.088257
799.53235	63.360462
799.58319	59.76115
799.63397	57.726692
799.68481	55.274422
799.73566	63.785152
799.7865	56.435978
799.83734	61.383026
799.88818	61.834778
799.93903	54.648937
799.98981	58.625111
800.04065	60.713272
800.09149	57.974918
800.14233	59.457794
800.19318	58.690178
800.24402	64.739388
800.29486	54.7537
800.34564	61.613731
800.39648	65.267822
800.44733	61.493423
800.49817	61.99477
800.54901	64.847687
800.59985	63.206142
800.6507	65.709526
800.70148	60.093323
800.75232	66.114487
800.80316	63.731724
800.854	68.683685
800.90485	65.307007
800.95569	63.880123
801.00653	66.501663
801.05731	69.980545
801.10815	64.843445
801.159	63.398113
801.20984	59.433315
801.26068	61.087925
801.31152	59.20295
801.36237	66.755356
801.41315	64.007874
801.46399	61.259403
801.51483	61.285294
801.56567	65.804626
801.61652	67.023026
801.66736	63.225502
801.7182	63.330173
801.76898	65.492798
801.81982	60.659355
801.87067	58.293774
801.92151	63.450626
801.97235	64.533112
802.02319	65.156319
802.07404	63.598652
802.12488	59.43277
802.17566	65.463425
802.2265	63.917862
802.27734	61.624329
802.32819	63.665276
802.37903	54.763943
802.42987	57.880219
802.48071	60.188046
802.53149	67.253174
802.58234	62.96772
802.63318	59.423485
802.68402	62.817287
802.73486	69.116379
802.78571	62.78783
802.83655	62.187584
802.88733	57.698517
802.93817	54.821663
802.98901	59.756008
803.03986	61.773827
803.0907	68.335907
803.14154	67.36264
803.19238	66.073555
803.24316	61.503468
803.29401	62.079906
803.34485	61.882679
803.39569	63.424591
803.44653	58.80125
803.49738	64.013596
803.54822	59.249832
803.599	67.467316
803.64984	62.576542
803.70068	69.645142
803.75153	66.121933
803.80237	64.878342
803.85321	64.337059
803.90405	61.574581
803.95483	64.181282
804.00568	63.37117
804.05652	64.204681
804.10736	63.55175
804.1582	64.764961
804.20905	66.508713
804.25989	67.173592
804.31067	72.706734
804.36151	68.525208
804.41235	64.290199
804.4632	63.333363
804.51404	65.238091
804.56488	65.352386
804.61572	61.879093
804.6665	68.736877
804.71735	61.628929
804.76819	65.610748
804.81903	69.834198
804.86987	64.547668
804.92072	63.615898
804.97156	67.31131
805.02234	66.767517
805.07318	66.106064
805.12402	70.556076
805.17487	67.481255
805.22571	67.18325
805.27655	68.856903
805.32739	67.673088
805.37817	60.774635
805.42902	65.503601
805.47986	65.780701
805.5307	59.821869
805.58154	64.833
805.63239	64.269112
805.68323	65.528343
805.73401	62.013279
805.78485	68.113449
805.83569	70.268295
805.88654	70.48407
805.93738	64.31311
805.98822	63.032429
806.03906	59.738094
806.08984	60.466125
806.14069	66.775581
806.19153	68.854698
806.24237	66.009148
806.29321	70.09153
806.34406	73.611702
806.3949	71.793633
806.44574	65.015282
806.49652	68.159607
806.54736	63.242607
806.59821	69.441811
806.64905	68.068596
806.69989	64.743347
806.75073	66.799896
806.80157	65.645218
806.85236	64.453484
806.9032	69.843048
806.95404	70.345932
807.00488	66.534187
807.05573	62.510223
807.10657	71.523361
807.15741	77.420723
807.20819	68.107529
807.25903	68.962776
807.30988	72.606583
807.36072	68.620399
807.41156	68.032982
807.4624	67.367157
807.51324	68.453827
807.56403	67.360229
807.61487	68.301544
807.66571	66.755119
807.71655	64.647194
807.7674	69.100319
807.81824	60.709248
807.86908	66.810699
807.91986	71.694656
807.9707	72.514412
808.02155	70.568398
808.07239	68.606354
808.12323	70.614037
808.17407	69.618462
808.22491	69.556213
808.2757	65.497238
808.32654	65.255966
808.37738	68.644119
808.42822	68.763702
808.47906	70.195099
808.52991	71.093895
808.58075	69.993179
808.63153	66.965736
808.68237	68.264526
808.73322	71.150826
808.78406	70.034111
808.8349	70.131096
808.88574	69.737144
808.93658	69.769768
808.98737	67.390099
809.03821	66.327133
809.08905	68.757057
809.13989	67.917694
809.19073	69.900581
809.24158	71.740349
809.29242	70.426407
809.3432	70.828362
809.39404	69.443298
809.44489	67.160759
809.49573	72.090149
809.54657	70.314224
809.59741	65.329788
809.64825	66.669197
809.69904	69.986572
809.74988	72.655632
809.80072	71.821808
809.85156	68.262672
809.9024	70.897133
809.95325	73.904129
810.00409	66.116554
810.05487	65.982407
810.10571	69.938171
810.15656	65.474586
810.2074	71.180107
810.25824	69.625389
810.30908	72.322693
810.35992	70.889534
810.41071	69.969971
810.46155	68.45269
810.51239	71.138496
810.56323	67.920708
810.61407	69.390862
810.66492	74.581551
810.71576	71.547539
810.7666	71.055977
810.81738	68.586121
810.86823	72.616142
810.91907	70.143715
810.96991	76.906616
811.02075	70.425751
811.07159	72.731232
811.12244	69.950218
811.17322	67.095833
811.22406	75.2565
811.2749	78.840157
811.32574	75.716408
811.37659	77.734695
811.42743	74.747375
811.47827	73.157951
811.52905	71.527138
811.5799	71.199547
811.63074	73.989754
811.68158	74.217186
811.73242	71.825439
811.78326	67.631432
811.83411	76.098892
811.88489	72.698837
811.93573	75.844238
811.98657	74.429176
812.03741	70.112488
812.08826	70.386383
812.1391	69.791656
812.18994	67.108345
812.24072	63.546638
812.29156	77.525902
812.34241	72.507118
812.39325	75.478836
812.44409	72.359825
812.49493	68.778877
812.54578	73.601151
812.59656	75.174309
812.6474	74.848511
812.69824	76.331093
812.74908	73.083031
812.79993	68.571281
812.85077	72.985374
812.90161	66.052094
812.95239	64.101204
813.00323	67.382217
813.05408	68.752983
813.10492	70.399719
813.15576	77.416954
813.2066	73.907028
813.25745	70.063698
813.30823	75.700546
813.35907	75.408005
813.40991	76.364532
813.46075	69.46209
813.5116	71.707146
813.56244	70.432259
813.61328	75.128822
813.66406	68.368706
813.7149	73.094048
813.76575	74.85556
813.81659	75.090324
813.86743	71.991524
813.91827	65.933586
813.96912	71.715385
814.0199	73.936165
814.07074	74.563499
814.12158	77.333138
814.17242	80.927803
814.22327	70.992989
814.27411	80.630737
814.32495	79.547859
814.37573	72.661446
814.42657	81.014069
814.47742	73.485497
814.52826	79.02874
814.5791	74.700043
814.62994	74.14547
814.68079	79.607643
814.73163	76.507881
814.78241	72.872742
814.83325	81.877632
814.88409	83.828896
814.93494	69.950172
814.98578	78.130112
815.03662	71.851875
815.08746	67.215843
815.13824	78.587494
815.18909	81.772079
815.23993	75.318588
815.29077	66.658089
815.34161	77.51873
815.39246	74.568909
815.4433	73.577339
815.49408	73.835426
815.54492	74.973106
815.59576	75.50457
815.64661	72.863708
815.69745	72.606812
815.74829	77.889038
815.79913	69.53212
815.84991	71.36821
815.90076	79.864906
815.9516	75.854599
816.00244	72.832886
816.05328	71.164383
816.10413	74.631439
816.15497	72.566872
816.20575	81.81488
816.25659	73.569984
816.30743	80.438377
816.35828	82.073036
816.40912	79.065353
816.45996	73.524689
816.5108	75.313591
816.56158	73.099525
816.61243	76.89975
816.66327	69.524849
816.71411	80.625908
816.76495	73.998146
816.8158	73.775879
816.86664	81.960197
816.91742	77.724419
816.96826	79.908394
817.0191	86.765785
817.06995	88.866211
817.12079	79.719452
817.17163	79.618752
817.22247	74.727356
817.27325	78.654503
817.3241	78.119003
817.37494	79.677383
817.42578	80.098343
817.47662	88.280937
817.52747	79.315041
817.57831	84.055138
817.62909	82.095871
817.67993	71.217819
817.73077	76.853363
817.78162	77.79496
817.83246	70.704399
817.8833	76.133118
817.93414	84.379372
817.98492	75.251884
818.03577	83.260033
818.08661	79.379066
818.13745	78.862579
818.18829	84.277267
818.23914	79.609009
818.28998	73.46328
818.34076	76.510941
818.3916	75.312737
818.44244	78.47551
818.49329	75.248276
818.54413	76.746574
818.59497	78.815666
818.64581	80.655632
818.69659	82.775146
818.74744	86.545479
818.79828	84.595642
818.84912	86.390518
818.89996	78.54528
818.95081	74
819.00165	79.368011
819.05249	86.278267
819.10327	79.085815
819.15411	78.77462
819.20496	84.569458
819.2558	85.085617
819.30664	79.813164
819.35748	77.139679
819.40833	82.206741
819.45911	89.151878
819.50995	91.788261
819.56079	90.071121
819.61163	91.563843
819.66248	85.593468
819.71332	83.054077
819.76416	82.098457
819.81494	83.780167
819.86578	83.516083
819.91663	84.657127
819.96747	85.002396
820.01831	80.672447
820.06915	80.261215
820.12	80.785042
820.17078	84.709328
820.22162	87.768692
820.27246	89.832825
820.3233	85.76712
820.37415	86.399689
820.42499	84.773193
820.47583	80.796928
820.52661	80.000008
820.57745	83.583206
820.6283	79.692841
820.67914	81.092453
820.72998	84.646904
820.78082	82.399971
820.83167	78.06768
820.88245	77.403427
820.93329	89.462654
820.98413	99.143997
821.03497	81.897194
821.08582	78.542267
821.13666	80.834457
821.1875	78.373825
821.23828	89.438217
821.28912	85.867676
821.33997	80.570366
821.39081	79.054047
821.44165	82.177742
821.49249	89.800209
821.54333	85.530807
821.59412	79.290947
821.64496	81.172989
821.6958	90.025093
821.74664	88.255112
821.79749	82.729988
821.84833	84.313232
821.89917	86.272141
821.94995	81.03466
822.00079	85.192444
822.05164	85.451752
822.10248	84.585495
822.15332	89.187164
822.20416	87.400253
822.255	84.618889
822.30579	87.429901
822.35663	90.155586
822.40747	85.718018
822.45831	85.336594
822.50916	89.567863
822.56	89.436852
822.61084	88
822.66162	85.928368
822.71246	94.326729
822.76331	93.189934
822.81415	83.718811
822.86499	85.217827
822.91583	84.678177
822.96667	88.778336
823.01752	88.640663
823.0683	92.274002
823.11914	96.679108
823.16998	94.204758
823.22083	92.504028
823.27167	90.693871
823.32251	91.906059
823.37335	86.949944
823.42413	87.628471
823.47498	88.773666
823.52582	85.382339
823.57666	83.471786
823.6275	82.352097
823.67834	80.996964
823.72919	81.766548
823.77997	92.68576
823.83081	92.175812
823.88165	89.971512
823.9325	84.226929
823.98334	78.843285
824.03418	88.904221
824.08502	89.099556
824.1358	94.576645
824.18665	99.69622
824.23749	92.896477
824.28833	90.152267
824.33917	91
824.39001	87.452782
824.44086	87.402931
824.49164	94.318703
824.54248	97.462723
824.59332	91.720642
824.64417	89.464828
824.69501	91.728706
824.74585	87.676239
824.79669	94.120995
824.84747	98.484886
824.89832	95
824.94916	92.009964
825	92.471848
825.05084	91.805756
825.10168	79.603821
825.15253	86.459442
825.20331	96.731667
825.25415	92.302681
825.30499	99.07312
825.35583	98.404343
825.40668	95.883133
825.45752	99.177948
825.50836	97.459869
825.55914	94.119324
825.60999	92.560707
825.66083	91.299599
825.71167	87.164955
825.76251	83.436447
825.81335	88.093781
825.8642	92.358513
825.91498	91.1744
825.96582	88.200371
826.01666	87.194176
826.0675	93.812798
826.11835	96.140877
826.16919	96.714699
826.22003	94.895882
826.27081	90.256836
826.32166	92.936241
826.3725	93.044617
826.42334	94.905571
826.47418	94.639336
826.52502	86.845963
826.57587	86.48143
826.62665	88.191643
826.67749	95.084991
826.72833	98.073822
826.77917	96.902939
826.83002	92.076599
826.88086	87.730461
826.9317	87.487831
826.98248	92.73111
827.03333	93.257675
827.08417	88.987068
827.13501	89.893242
827.18585	94.232971
827.23669	96.163467
827.28754	97.290459
827.33838	102.06092
827.38916	99.459114
827.44	95.469917
827.49084	96.180206
827.54169	92.952385
827.59253	93.860497
827.64337	98.572289
827.69421	99.226463
827.745	94.7099
827.79584	86.232414
827.84668	93.238503
827.89752	96.387901
827.94836	92.88826
827.99921	97.937973
828.05005	96.485374
828.10083	85.709061
828.15167	92.542496
828.20251	97.358437
828.25336	90.480354
828.3042	93.47657
828.35504	93.191536
828.40588	91.653137
828.45667	99.834183
828.50751	97.994202
828.55835	100.3478
828.60919	102.27307
828.66003	95.628181
828.71088	90.612381
828.76172	88.489464
828.8125	93.619095
828.86334	96.227661
828.91418	96.413086
828.96503	97.725037
829.01587	93.844955
829.06671	99.490372
829.11755	97.856636
829.16833	90.532928
829.21918	90.618134
829.27002	93.703651
829.32086	95.337212
829.3717	92.390343
829.42255	89.72171
829.47339	90.800934
829.52417	93.421814
829.57501	106.27316
829.62585	107.31628
829.6767	99.854584
829.72754	99.414459
829.77838	100.46065
829.82922	99.99855
829.88	98.54866
829.93085	98.080574
829.98169	95.071243
830.03253	101.23315
830.08337	103.9604
830.13422	103.42228
830.18506	105.4194
830.23584	102.73555
830.28668	106.94279
830.33752	107.5125
830.38837	102.11497
830.43921	99.428001
830.49005	95.471573
830.54089	100.10995
830.59167	104.22344
830.64252	95.974884
830.69336	93.370522
830.7442	101.62958
830.79504	109.70853
830.84589	97.808937
830.89673	95.7677
830.94751	103.0226
830.99835	101.19894
831.04919	96.89756
831.10004	96.801201
831.15088	96.171356
831.20172	100.70648
831.25256	103.21165
831.30341	99.13118
831.35419	103.61421
831.40503	106.01884
831.45587	100.92393
831.50671	94.962967
831.55756	96.664085
831.6084	99.642509
831.65924	98.698418
831.71002	104.53291
831.76086	108.05853
831.81171	104.85813
831.86255	101.41976
831.91339	97.832985
831.96423	99.692421
832.01508	101.90865
832.06586	98.631325
832.1167	105.51804
832.16754	103.75935
832.21838	100.89613
832.26923	99.513809
832.32007	101.94164
832.37091	102.078
832.42169	106.50082
832.47253	109.62471
832.52338	108.08199
832.57422	110.6677
832.62506	109.40882
832.6759	104.54914
832.72675	104.21814
832.77753	102.72923
832.82837	97.973587
832.87921	104.69074
832.93005	105.69934
832.9809	104.26405
833.03174	106.11843
833.08258	105.98096
833.13336	100.6903
833.1842	101.76756
833.23505	104.76502
833.28589	102.42351
833.33673	103.89553
833.38757	104.53115
833.43842	101.20026
833.4892	98.605156
833.54004	110.35483
833.59088	108.99232
833.64172	106.65463
833.69257	107.30329
833.74341	110.6027
833.79425	115.89462
833.84503	107.28238
833.89587	102.14445
833.94672	107.90127
833.99756	110.15377
834.0484	108.2626
834.09924	105.35783
834.15009	97.539108
834.20087	99.061996
834.25171	107.13599
834.30255	115.15924
834.35339	119.51927
834.40424	115.51339
834.45508	105.55577
834.50592	96.34745
834.5567	93.822418
834.60754	97.958107
834.65839	110.33388
834.70923	120.66827
834.76007	117.84367
834.81091	109.64975
834.86176	108.60819
834.91254	108.30726
834.96338	108.825
835.01422	103.53608
835.06506	105.90952
835.11591	113.08402
835.16675	112.53074
835.21759	109.17294
835.26837	102.31256
835.31921	106.64134
835.37006	118.54577
835.4209	117.44731
835.47174	112.43561
835.52258	111.10561
835.57343	113.11813
835.62427	112.43241
835.67505	107.81091
835.72589	111.61617
835.77673	114.18404
835.82758	111.20019
835.87842	114.81009
835.92926	113.33101
835.9801	115.16304
836.03088	115.41302
836.08173	115.15918
836.13257	112.94689
836.18341	112.49081
836.23425	112.83685
836.2851	112.60578
836.33594	106.86176
836.38672	100.69846
836.43756	104.95264
836.4884	112.34129
836.53925	123.66379
836.59009	123.92205
836.64093	117.63758
836.69177	118.55682
836.74255	116.99198
836.7934	118.3138
836.84424	111.77486
836.89508	110.04229
836.94592	116.12167
836.99677	118.22639
837.04761	111.68655
837.09839	105.92175
837.14923	107.92888
837.20007	117.63105
837.25092	117.24286
837.30176	118.6802
837.3526	117.45071
837.40344	120.39295
837.45422	114.79526
837.50507	111.22515
837.55591	109.99274
837.60675	115.29536
837.65759	120.60819
837.70844	124.06023
837.75928	122.5067
837.81006	118.39896
837.8609	118.56625
837.91174	123.7255
837.96259	112.53027
838.01343	112.97793
838.06427	119.07579
838.11511	120.80589
838.16589	118.20855
838.21674	119.25267
838.26758	117.05003
838.31842	125.27802
838.36926	128.5634
838.4201	123.90089
838.47095	120.53999
838.52173	122.00819
838.57257	119.15485
838.62341	125.54797
838.67426	120.22504
838.7251	118.3381
838.77594	121.69804
838.82678	124.5182
838.87756	126.64537
838.92841	122.52979
838.97925	115.5192
839.03009	127.88225
839.08093	128.45697
839.13177	135.91112
839.18262	134.06783
839.2334	122.97987
839.28424	117.7456
839.33508	118.39355
839.38593	119.9158
839.43677	121.0552
839.48761	124.68146
839.53845	120.38464
839.58929	123.72773
839.64008	120.11435
839.69092	120.19334
839.74176	122.66416
839.7926	122.19776
839.84344	113.13714
839.89429	118.20955
839.94513	126.23474
839.99591	119.54203
840.04675	116.22013
840.0976	126.94592
840.14844	129.17686
840.19928	128.97145
840.25012	125.64096
840.30096	124.55724
840.35175	122.63264
840.40259	118.73938
840.45343	116.11403
840.50427	116.23621
840.55511	112.87749
840.60596	134.43488
840.6568	131.51492
840.70758	129.52672
840.75842	133.58133
840.80927	131.105
840.86011	129.8965
840.91095	127.78154
840.96179	121.55773
841.01263	117.85479
841.06342	121.81991
841.11426	130.45757
841.1651	128.78017
841.21594	130.76634
841.26678	135.76297
841.31763	129.17291
841.36847	127.43822
841.41925	133.42978
841.47009	136.23497
841.52094	133.56946
841.57178	134.14227
841.62262	130.82275
841.67346	124.07973
841.7243	122.50455
841.77509	125.57944
841.82593	131.4787
841.87677	129.7003
841.92761	129.38614
841.97845	127.3774
842.0293	125.26163
842.08014	132.78011
842.13092	133.04135
842.18176	132.21867
842.2326	126.04298
842.28345	122.77759
842.33429	119.06893
842.38513	125.79829
842.43597	134.9469
842.48676	136.37862
842.5376	132.35336
842.58844	139.36516
842.63928	127.09278
842.69012	129.31943
842.74097	127.72015
842.79181	119.2374
842.84259	121.17504
842.89343	123.52943
842.94427	127.73493
842.99512	120.90141
843.04596	128.55956
843.0968	138.7478
843.14764	135.52507
843.19843	127.79597
843.24927	125.90904
843.30011	133.5274
843.35095	133.79797
843.40179	131.56496
843.45264	130.5433
843.50348	130.97697
843.55426	130.89259
843.6051	135.75188
843.65594	136.94696
843.70679	141.65324
843.75763	147.43355
843.80847	153.57884
843.85931	141.22479
843.91016	136.82657
843.96094	137.64807
844.01178	135.4657
844.06262	132.01933
844.11346	134.81419
844.16431	141.4574
844.21515	125.0741
844.26599	127.8806
844.31677	147.20592
844.36761	148.89938
844.41846	136.11673
844.4693	144.0724
844.52014	140.08174
844.57098	146.6432
844.62183	138.51245
844.67261	132.71735
844.72345	135.98886
844.77429	131.8273
844.82513	143.04445
844.87598	145.31128
844.92682	137.50328
844.97766	147.8326
845.02844	136.99529
845.07928	141.12483
845.13013	148.28873
845.18097	142.15791
845.23181	128.18398
845.28265	134.03522
845.3335	135.01074
845.38428	122.77538
845.43512	121.7712
845.48596	129.38727
845.5368	150.57645
845.58765	157.5892
845.63849	152.47551
845.68933	146.69676
845.74011	153.21552
845.79095	126.57659
845.8418	127.71686
845.89264	130.4066
845.94348	130.92767
845.99432	144.98645
846.04517	139.50832
846.09595	147.25273
846.14679	142.14394
846.19763	148.73187
846.24847	139.36177
846.29932	127.8996
846.35016	136.73798
846.401	134.3949
846.45178	138.25923
846.50262	143.43539
846.55347	130.39183
846.60431	133.15727
846.65515	146.72551
846.70599	149.00899
846.75684	146.04132
846.80762	146.59592
846.85846	139.19849
846.9093	137.83478
846.96014	144.49689
847.01099	139.66655
847.06183	143.93335
847.11267	152.72414
847.16345	143.25635
847.21429	138.58673
847.26514	143.11377
847.31598	139.96323
847.36682	147.59708
847.41766	155.17133
847.46851	156.36502
847.51929	151.27536
847.57013	139.55756
847.62097	143.53224
847.67181	137.41327
847.72266	136.84842
847.7735	141.91513
847.82434	134.73502
847.87512	138.90796
847.92596	156.18828
847.97681	149.58621
848.02765	150.89474
848.07849	156.18729
848.12933	137.08034
848.18018	146.30025
848.23102	137.88371
848.2818	142.58653
848.33264	143.11459
848.38348	138.94122
848.43433	144.46806
848.48517	138.34615
848.53601	150.15892
848.58685	148.05341
848.63763	154.3277
848.68848	168.43765
848.73932	147.95638
848.79016	146.11591
848.841	140.21643
848.89185	140.13203
848.94269	142.42197
848.99347	158.73439
849.04431	149.84097
849.09515	162.80719
849.146	173.0618
849.19684	170.24261
849.24768	155.40196
849.29852	151.57832
849.3493	153.5502
849.40015	144.89957
849.45099	163.92776
849.50183	156.57088
849.55267	155.11639
849.60352	152.38782
849.65436	153.74179
849.70514	159.56033
849.75598	150.99182
849.80682	158.18146
849.85767	153.43283
849.90851	169.0295
849.95935	165.12778
850.01019	150.54732
850.06097	157.8896
850.11182	170.77757
850.16266	158.86905
850.2135	153.90308
850.26434	155.68666
850.31519	147.24124
850.36603	163.84589
850.41681	162.78941
850.46765	159.43654
850.51849	159.87018
850.56934	163.34099
850.62018	180.62727
850.67102	173.50508
850.72186	165.24573
850.77264	143.30035
850.82349	136.78767
850.87433	137.39952
850.92517	155.73595
850.97601	154.48784
851.02686	165.6319
851.0777	174.7449
851.12848	170.08505
851.17932	168.40308
851.23016	154.04074
851.28101	158.30664
851.33185	163.84131
851.38269	163.19479
851.43353	147.79506
851.48431	156.61414
851.53516	172.97829
851.586	168.80614
851.63684	169.10706
851.68768	166.6606
851.73853	171.88391
851.78937	167.34575
851.84015	167.69231
851.89099	162.91435
851.94183	155.16219
851.99268	150.59517
852.04352	159.25893
852.09436	164.13075
852.1452	169.27086
852.19604	170.14569
852.24683	159.14688
852.29767	165.4064
852.34851	171.76381
852.39935	165.1064
852.4502	159.76723
852.50104	160.33064
852.55188	168.50072
852.60266	169.64133
852.6535	170.70686
852.70435	160.83151
852.75519	158.27618
852.80603	169.71938
852.85687	185.24437
852.90771	185.02368
852.9585	167.98564
853.00934	161.72702
853.06018	171.91667
853.11102	180.62216
853.16187	175.75667
853.21271	168.26772
853.26355	163.28014
853.31433	154.23599
853.36517	168.64734
853.41602	164.17758
853.46686	158.84154
853.5177	166.66873
853.56854	189.94438
853.61938	179.858
853.67017	166.85986
853.72101	175.00912
853.77185	180.01067
853.82269	167.7825
853.87354	143.39749
853.92438	151.63948
853.97522	156.58578
854.026	171.34276
854.07684	187.57864
854.12769	183.81651
854.17853	191.05708
854.22937	183.79688
854.28021	169.20027
854.33105	146.80815
854.38184	158.24272
854.43268	167.24052
854.48352	166.96704
854.53436	156.16037
854.58521	153.63266
854.63605	177.94315
854.68689	193.66031
854.73767	181.20824
854.78851	175.79916
854.83936	183.23016
854.8902	176.25984
854.94104	172.94421
854.99188	174.02792
855.04272	169.31827
855.09351	162.71016
855.14435	172.32678
855.19519	191.57045
855.24603	193.21071
855.29688	187.55597
855.34772	179.68039
855.39856	187.64674
855.44934	197.07018
855.50018	185.00717
855.55103	181.18149
855.60187	184.23798
855.65271	185.71985
855.70355	187.17749
855.75439	176.45567
855.80518	174.45242
855.85602	180.31216
855.90686	179.27406
855.9577	189.10767
856.00854	196.56584
856.05939	189.84006
856.11023	189.95
856.16101	189.43633
856.21185	181.60379
856.2627	177.56255
856.31354	178.2168
856.36438	187.59834
856.41522	184.22365
856.46606	167.65233
856.51691	168.88196
856.56769	177.44431
856.61853	184.54797
856.66937	188.7193
856.72021	186.08653
856.77106	187.39452
856.8219	193.32779
856.87274	192.8927
856.92352	178.31302
856.97437	165.33466
857.02521	168.52095
857.07605	172.81656
857.12689	180.9059
857.17773	189.25734
857.22858	189.50455
857.27936	193.36357
857.3302	188.63199
857.38104	176.49045
857.43188	169.88524
857.48273	171.3674
857.53357	186.35088
857.58441	185.29866
857.63519	184.60678
857.68604	194.55519
857.73688	207.1418
857.78772	198.8204
857.83856	194.31772
857.8894	206.15384
857.94025	201.60368
857.99103	199.67598
858.04187	204.97366
858.09271	195.15442
858.14355	192.92744
858.1944	191.28336
858.24524	196.26057
858.29608	201.95679
858.34686	202.21991
858.39771	197.2291
858.44855	188.21184
858.49939	202.81021
858.55023	210.3642
858.60107	209.96774
858.65192	200.9129
858.7027	201.54303
858.75354	203.15535
858.80438	187.42844
858.85522	187.14546
858.90607	179.54364
858.95691	180.58939
859.00775	192.14078
859.05853	189.64696
859.10938	199.15646
859.16022	207.35457
859.21106	208.67924
859.2619	198.85391
859.31274	193.12195
859.36359	179.23143
859.41437	179.67326
859.46521	182.79868
859.51605	192.90784
859.56689	193.38567
859.61774	191.6353
859.66858	190.26389
859.71942	193.31834
859.7702	208.24803
859.82104	196.43773
859.87189	205.63206
859.92273	205.15753
859.97357	196.86783
860.02441	188.84612
860.07526	176.15361
860.12604	164.58888
860.17688	183.02675
860.22772	205.2735
860.27856	197.26166
860.32941	213.59419
860.38025	221.97736
860.43109	201.94724
860.48193	204.32462
860.53271	188.03912
860.58356	182.28236
860.6344	188.23344
860.68524	189.96559
860.73608	204.94803
860.78693	210.6219
860.83777	214.72162
860.88855	216.79868
860.93939	220.63428
860.99023	218.72348
861.04108	198.16348
861.09192	203.06195
861.14276	207.96936
861.1936	221.22858
861.24438	199.63635
861.29523	203.10352
861.34607	196.99812
861.39691	190.45825
861.44775	226.17206
861.4986	218.40443
861.54944	208.19827
861.60022	209.0294
861.65106	220.18074
861.7019	216.23521
861.75275	217.81389
861.80359	212.42212
861.85443	217.16418
861.90527	218.40146
861.95605	216.63339
862.0069	185.61554
862.05774	180.909
862.10858	192.57245
862.15942	205.95259
862.21027	212.14589
862.26111	220.80438
862.31189	210.67624
862.36273	217.25261
862.41357	212.5692
862.46442	189.29742
862.51526	183.13005
862.5661	181.50076
862.61694	195.56085
862.66772	195.76439
862.71857	214.4435
862.76941	206.07578
862.82025	213.36426
862.87109	205.40063
862.92194	219.64142
862.97278	202.36133
863.02356	195.18446
863.0744	197.74893
863.12524	201.95219
863.17609	202.69464
863.22693	185.30602
863.27777	185.82567
863.32861	205.73811
863.37939	216.08791
863.43024	221.45973
863.48108	228.38847
863.53192	233.32655
863.58276	237.72652
863.63361	226.26805
863.68445	214.85289
863.73523	191.79991
863.78607	211.96771
863.83691	203.48384
863.88776	224.35553
863.9386	227.81407
863.98944	218.90242
864.04028	232.11903
864.09106	236.57892
864.14191	232.50142
864.19275	219.83925
864.24359	228.61606
864.29443	243.12488
864.34528	230.09035
864.39612	233.05101
864.4469	214.76939
864.49774	216.77122
864.54858	211.79883
864.59943	225.25215
864.65027	228.14244
864.70111	211.08319
864.75195	209.96582
864.8028	217.31029
864.85358	220.15572
864.90442	230.68617
864.95526	217.4801
865.0061	229.81871
865.05695	229.71793
865.10779	227.6329
865.15863	214.04514
865.20941	199.10411
865.26025	205.57892
865.3111	204.0305
865.36194	224.77002
865.41278	226.93803
865.46362	246.1404
865.51447	249.29927
865.56525	229.35216
865.61609	215.99211
865.66693	183.75505
865.71777	195.42699
865.76862	183.79469
865.81946	211.14006
865.8703	217.04791
865.92108	222.28487
865.97192	233.80473
866.02277	233.1805
866.07361	233.51912
866.12445	227.93423
866.17529	214.4922
866.22614	205.79277
866.27692	230.80096
866.32776	229.97177
866.3786	224.04652
866.42944	213.43365
866.48029	216.40506
866.53113	229.70103
866.58197	244.02377
866.63275	249.12593
866.68359	253.18979
866.73444	234.73717
866.78528	239.18202
866.83612	242.30844
866.88696	226.25354
866.93781	235.22989
866.98859	234.55159
867.03943	238.42996
867.09027	240.68596
867.14111	250.24823
867.19196	239.79251
867.2428	233.81349
867.29364	252.14185
867.34442	249.07719
867.39526	256.54031
867.44611	248.49094
867.49695	250.23203
867.54779	240.71951
867.59863	232.73341
867.64948	221.59972
867.70026	219.59207
867.7511	228.43846
867.80194	235.28372
867.85278	248.42424
867.90363	244.89279
867.95447	237.6107
868.00531	241.09779
868.05609	241.65079
868.10693	243.76979
868.15778	224.9055
868.20862	227.31343
868.25946	230.80357
868.3103	227.88875
868.36115	217.57632
868.41193	209.85599
868.46277	211.79684
868.51361	219.18996
868.56445	235.72382
868.6153	250.52875
868.66614	256.99744
868.71698	257.06381
868.76782	248.81235
868.8186	238.57735
868.86945	204.92531
868.92029	197.39622
868.97113	216.29489
869.02197	235.68468
869.07281	253.03902
869.12366	249.84877
869.17444	258.74637
869.22528	268.54565
869.27612	254.13924
869.32697	242.6824
869.37781	234.92984
869.42865	232.16814
869.47949	241.15927
869.53027	253.31702
869.58112	251.02512
869.63196	247.34004
869.6828	246.28517
869.73364	252.4752
869.78448	258.75662
869.83533	257.17429
869.88611	262.52158
869.93695	263.02155
869.98779	256.76157
870.03864	258.80392
870.08948	250.02296
870.14032	243.84306
870.19116	248.2924
870.24194	262.0463
870.29279	269.03748
870.34363	256.13632
870.39447	243.18996
870.44531	238.05058
870.49615	259.87219
870.547	268.12424
870.59778	261.50333
870.64862	260.44879
870.69946	266.08246
870.75031	268.3942
870.80115	247.41333
870.85199	227.87514
870.90283	218.73544
870.95361	221.30496
871.00446	242.25896
871.0553	258.18271
871.10614	261.33887
871.15698	265.33173
871.20782	263.33679
871.25867	261.37146
871.30945	246.38512
871.36029	235.71169
871.41113	223.94858
871.46198	235.67851
871.51282	237.06256
871.56366	240.83383
871.6145	244.00012
871.66528	231.69272
871.71613	236.65645
871.76697	248.49158
871.81781	255.91541
871.86865	263.12854
871.91949	262.58496
871.97034	256.69583
872.02112	250.41528
872.07196	227.79593
872.1228	212.53496
872.17365	218.30922
872.22449	233.40096
872.27533	253.8035
872.32617	264.19199
872.37695	255.14513
872.4278	268.71988
872.47864	265.42313
872.52948	262.62234
872.58032	249.47273
872.63116	239.96513
872.68201	255.04149
872.73279	258.16333
872.78363	258.02084
872.83447	244.23045
872.88531	236.46693
872.93616	257.95621
872.987	260.36636
873.03784	263.17258
873.08868	262.04623
873.13947	243.64375
873.19031	241.56528
873.24115	260.04153
873.29199	255.14139
873.34283	247.93088
873.39368	238.96335
873.44452	242.54062
873.4953	237.89453
873.54614	242.92374
873.59698	221.83472
873.64783	222.02647
873.69867	216.90781
873.74951	234.00928
873.80035	246.73378
873.85114	243.34807
873.90198	235.40274
873.95282	235.92221
874.00366	234.76146
874.0545	217.9438
874.10535	192.51683
874.15619	198.7345
874.20697	206.02847
874.25781	219.59247
874.30865	231.45583
874.3595	236.29182
874.41034	226.55562
874.46118	223.55695
874.51202	220.39479
874.56281	211.82324
874.61365	191.175
874.66449	181.55701
874.71533	196.87279
874.76617	206.20929
874.81702	195.96335
874.86786	187.53915
874.91864	195.24274
874.96948	204.86487
875.02032	205.94171
875.07117	202.05711
875.12201	210.12245
875.17285	219.64232
875.22369	216.1523
875.27448	207.70226
875.32532	176.87802
875.37616	179.45996
875.427	189.00487
875.47784	204.14609
875.52869	212.95535
875.57953	209.27626
875.63031	207.30037
875.68115	197.987
875.73199	208.22276
875.78284	206.32845
875.83368	182.85944
875.88452	178.50441
875.93536	181.78929
875.98615	193.35886
876.03699	178.70493
876.08783	170.11526
876.13867	167.22086
876.18951	181.85512
876.24036	178.66277
876.2912	171.79645
876.34198	187.70433
876.39282	178.52065
876.44366	166.51382
876.49451	167.74094
876.54535	171.84528
876.59619	144.83765
876.64703	150.30838
876.69781	152.96648
876.74866	170.84503
876.7995	161.14996
876.85034	148.19421
876.90118	146.24603
876.95203	155.79666
877.00287	164.62009
877.05365	163.59436
877.10449	154.27936
877.15533	149.28708
877.20618	145.37625
877.25702	151.114
877.30786	125.08437
877.3587	117.36756
877.40955	109.76883
877.46033	123.50526
877.51117	128.81709
877.56201	142.59691
877.61285	149.6855
877.6637	146.29024
877.71454	142.36142
877.76538	149.59282
877.81616	137.12193
877.867	105.68926
877.91785	113.79482
877.96869	114.86298
878.01953	115.62051
878.07037	130.5993
878.12122	110.10436
878.172	123.72431
878.22284	129.56789
878.27368	133.58514
878.32452	127.19674
878.37537	116.59299
878.42621	115.39097
878.47705	125.53425
878.52783	126.07317
878.57867	113.79269
878.62952	110.29428
878.68036	112.67165
878.7312	119.67798
878.78204	132.39328
878.83289	124.93992
878.88367	120.20726
878.93451	116.38644
878.98535	120.32736
879.03619	122.45457
879.08704	106.24847
879.13788	124.72144
879.18872	111.87636
879.2395	113.50085
879.29034	106.04142
879.34119	103.16334
879.39203	105.44063
879.44287	106.87799
879.49371	114.70928
879.54456	109.73022
879.59534	110.52921
879.64618	108.06178
879.69702	107.01974
879.74786	108.53284
879.79871	107.56748
879.84955	100.60136
879.90039	99.003021
879.95117	87.014351
880.00201	98.060753
880.05286	108.48972
880.1037	101.75084
880.15454	85.05732
880.20538	88.447594
880.25623	106.73551
880.30701	97.343819
880.35785	91.073814
880.40869	92.898941
880.45953	90.210464
880.51038	83.480331
880.56122	91.571823
880.61206	74.997009
880.66284	82.254456
880.71368	85.45549
880.76453	78.870178
880.81537	89.692139
880.86621	86.814156
880.91705	95.790199
880.9679	94.098541
881.01868	98.419426
881.06952	86.663673
881.12036	78.038292
881.1712	74.097237
881.22205	78.043701
881.27289	74.351486
881.32373	78.663101
881.37457	90.613014
881.42535	89.815796
881.4762	82.136032
881.52704	83.218674
881.57788	83.895447
881.62872	79.849411
881.67957	77.449623
881.73041	72.030296
881.78119	88.255501
881.83203	88.030273
881.88287	79.686401
881.93372	75.556641
881.98456	77.388344
882.0354	84.047798
882.08624	77.835289
882.13702	78.714935
882.18787	76.545631
882.23871	74.009941
882.28955	78.708382
882.34039	76.953415
882.39124	80.790634
882.44208	74.968361
882.49286	72.344002
882.5437	78.952606
882.59454	70.422226
882.64539	69.890564
882.69623	70.422966
882.74707	72.486107
882.79791	71
882.84869	72.863174
882.89954	78
882.95038	75.390915
883.00122	71.935974
883.05206	77.81955
883.10291	69.703789
883.15375	64.612419
883.20453	62.716438
883.25537	65.797577
883.30621	62.442833
883.35706	71.176781
883.4079	69.299629
883.45874	66.195129
883.50958	70.554291
883.56036	71.692993
883.61121	64.517281
883.66205	60.61834
883.71289	70.525009
883.76373	64.765717
883.81458	66.197815
883.86542	70.34063
883.9162	63.728668
883.96704	60.139702
884.01788	64.524956
884.06873	65.99942
884.11957	61.82457
884.17041	65.966141
884.22125	70.121819
884.27203	66.556641
884.32288	60.901741
884.37372	54.68914
884.42456	55.290997
884.4754	52.134171
884.52625	57.822807
884.57709	63.446945
884.62787	62.002686
884.67871	61.365105
884.72955	57
884.7804	56.327843
884.83124	58.593739
884.88208	63.219559
884.93292	61.391876
884.9837	60.710281
885.03455	63.063839
885.08539	60.562786
885.13623	55.755383
885.18707	53.793564
885.23792	52.207897
885.28876	51.853432
885.33954	52.503075
885.39038	56.052277
885.44122	58.923779
885.49207	59.93401
885.54291	57.710579
885.59375	57.023155
885.64459	59.872906
885.69543	58.857353
885.74622	56.6661
885.79706	56.577755
885.8479	53.824234
885.89874	54.763237
885.94958	53.167828
886.00043	52.626572
886.05127	52.51619
886.10205	53.395481
886.15289	51.737858
886.20374	50.347496
886.25458	52.725742
886.30542	54
886.35626	55.926121
886.4071	50.518635
886.45789	50.269001
886.50873	53.686012
886.55957	53.521275
886.61041	49.641987
886.66125	53.120853
886.7121	53.126293
886.76294	51.69453
886.81372	51.169498
886.86456	50.688972
886.91541	48.748611
886.96625	55.128532
887.01709	52.645355
887.06793	50.87825
887.11877	52.462105
887.16956	51.197762
887.2204	48.655556
887.27124	55.919136
887.32208	50.239296
887.37292	48.65617
887.42377	51.305134
887.47461	56.645931
887.52539	52.533504
887.57623	46.278862
887.62708	53.717724
887.67792	50.051647
887.72876	54.192024
887.7796	46.98782
887.83044	47.45277
887.88123	52.580059
887.93207	50.236137
887.98291	51.601246
888.03375	51.6264
888.08459	53.255341
888.13544	54.790997
888.18628	57.585701
888.23706	52.793613
888.2879	52.486755
888.33875	48.540733
888.38959	52.929508
888.44043	49.483543
888.49127	53.999165
888.54211	48.21162
888.5929	45.22163
888.64374	45
888.69458	51.481033
888.74542	50.134521
888.79626	54.276344
888.84711	52.666058
888.89795	56.365326
888.94873	50.268486
888.99957	53.43132
889.05042	47.186195
889.10126	51.892406
889.1521	50.579487
889.20294	44.610447
889.25378	45.554554
889.30457	51.50872
889.35541	41.631752
889.40625	48.026997
889.45709	49.567375
889.50793	49.7374
889.55878	41.82251
889.60962	48.377197
889.66046	44.52784
889.71124	44.1171
889.76208	46.257164
889.81293	49.683762
889.86377	45.634693
889.91461	46.556641
889.96545	46.740261
890.0163	48.655331
890.06708	49.497875
890.11792	47.987949
890.16876	41.140385
890.2196	49.051804
890.27045	46.222084
890.32129	50.136734
890.37213	47.556641
890.42291	47.009884
890.47375	45.284863
890.5246	51.330051
890.57544	48.097061
890.62628	47.730762
890.67712	44.308563
890.72797	45.191986
890.77875	44.018494
890.82959	45.436687
890.88043	46.093483
890.93127	49.55677
890.98212	48.086269
891.03296	47.343319
891.0838	43.023983
891.13458	40.747696
891.18542	41.341431
891.23627	48.382557
891.28711	48.873486
891.33795	46.104023
891.38879	47.89661
891.43964	49.559792
891.49042	44.068604
891.54126	45.534252
891.5921	45.584755
891.64294	47.98769
891.69379	45.29702
891.74463	48.156307
891.79547	49.803185
891.84625	45.764359
891.89709	44.602737
891.94794	46.064358
891.99878	44.579765
892.04962	43.778549
892.10046	45.293255
892.15131	44.379181
892.20209	45.132355
892.25293	45.213081
892.30377	46.019741
892.35461	45.60181
892.40546	46.549755
892.4563	45.750862
892.50714	45.226501
892.55792	43.473862
892.60876	42.879215
892.65961	45.464973
892.71045	44.266022
892.76129	43.908848
892.81213	43.934216
892.86298	45.685627
892.91376	49.880909
892.9646	47.887089
893.01544	45.066177
893.06628	45.068806
893.11713	40.52179
893.16797	39.848896
893.21881	41.74868
893.26959	41.541431
893.32043	42.182529
893.37128	43.807751
893.42212	47.516586
893.47296	49.382942
893.5238	45.882866
893.57465	45.28849
893.62543	45.675545
893.67627	46.899647
893.72711	42.623119
893.77795	42.785069
893.8288	40.730576
893.87964	43.675682
893.93048	47.337162
893.98132	46.47757
894.0321	43.537773
894.08295	44.489838
894.13379	44.933693
894.18463	46.8311
894.23547	45.935783
894.28632	43.834862
894.33716	48.26524
894.38794	40.094803
894.43878	40.209862
894.48962	46.421791
894.54047	41.095127
894.59131	42.958061
894.64215	46.078671
894.69299	43.012527
894.74377	44.6446
894.79462	43.271767
894.84546	43.867775
894.8963	44.233467
894.94714	42.889626
894.99799	45.679352
895.04883	42.344761
895.09961	43.060978
895.15045	42.971649
895.20129	41.057991
895.25214	44.465508
895.30298	38.621017
895.35382	41.815319
895.40466	40.143677
895.45544	39.475319
895.50629	43.750393
895.55713	44.033825
895.60797	42.061512
895.65881	40.166759
895.70966	39.017773
895.7605	41.673302
895.81128	44.848228
895.86212	42.273056
895.91296	42.88834
895.96381	43.25285
896.01465	43.00124
896.06549	40.947643
896.11633	41.881588
896.16711	43.993568
896.21796	41.616249
896.2688	40.613564
896.31964	41.072079
896.37048	41.985184
896.42133	45.955093
896.47217	38.090359
896.52295	38.854362
896.57379	41.313862
896.62463	41.809471
896.67548	42.531731
896.72632	42.609371
896.77716	39.281586
896.828	42.098232
896.87878	43.611546
896.92963	39.580856
896.98047	43.409359
897.03131	43.08358
897.08215	41.644978
897.133	40.628662
897.18384	43.04121
897.23462	40.58812
897.28546	41.589058
897.3363	43.037315
897.38715	39.367741
897.43799	39.579613
897.48883	41.440418
897.53967	41.60516
897.59045	42.278599
897.6413	40.993118
897.69214	41.92522
897.74298	42.061302
897.79382	42.655666
897.84467	42.496773
897.89551	40.676411
897.94635	41.732716
897.99713	43.917114
898.04797	43.307705
898.09882	39.552116
898.14966	38.868835
898.2005	41.136608
898.25134	42.720791
898.30219	42.22422
898.35297	40.578636
898.40381	40.824112
898.45465	40.820171
898.50549	41.549904
898.55634	41.536652
898.60718	40.822571
898.65802	40.658184
898.7088	39.877678
898.75964	40.491215
898.81049	41.084835
898.86133	39.778095
898.91217	39.881226
898.96301	40.558807
899.01385	39.196335
899.06464	40.173592
899.11548	39.393223
899.16632	40.07975
899.21716	43.093304
899.26801	40.686707
899.31885	39.455799
899.36969	39.635498
899.42047	40.139645
899.47131	40.596298
899.52216	40.821903
899.573	40.983036
899.62384	41.81179
899.67468	42.632092
899.72552	40.952339
899.77631	37.588413
899.82715	39.007607
899.87799	41.392792
899.92883	41.155262
899.97968	43.353168
900.03052	42.846394
900.08136	41.557327
900.13214	41.659077
900.18298	40.705837
900.23383	43.044559
900.28467	39.958359
900.33551	40.938324
900.38635	40.034138
900.43719	40.204895
900.48798	39.77005
900.53882	40.295574
900.58966	40.0387
900.6405	43.072433
900.69135	40.188488
900.74219	40.164776
900.79303	40.790363
900.84381	36.768051
900.89465	36.554062
900.9455	42.366417
900.99634	41.271404
901.04718	42.240025
901.09802	37.498875
901.14886	39.832481
901.19965	41.331188
901.25049	42.14082
901.30133	41.954617
901.35217	40.29847
901.40302	40.028961
901.45386	39.618156
901.5047	42.240704
901.55548	40.355801
901.60632	37.747833
901.65717	42.254154
901.70801	39.44117
901.75885	43.039341
901.80969	42.131611
901.86053	42.345337
901.91132	38.950249
901.96216	41.876179
902.013	42.03088
902.06384	37.862095
902.11469	40.616726
902.16553	43.761211
902.21637	41.278831
902.26721	42.021385
902.31799	42.357971
902.36884	40.941227
902.41968	41.360401
902.47052	41.769009
902.52136	38.780434
902.5722	44.926956
902.62305	41.735397
902.67383	40.291161
902.72467	38.044724
902.77551	39.23082
902.82635	40.028172
902.8772	38.853786
902.92804	38.703209
902.97888	43.541199
903.02966	42.328495
903.08051	42.330391
903.13135	36.55595
903.18219	39.102684
903.23303	38.300247
903.28387	43.350674
903.33472	37.393913
903.3855	42.033318
903.43634	40.497387
903.48718	38.310234
903.53802	38.369621
903.58887	40.186787
903.63971	39.4809
903.69055	38.911533
903.74133	40.10434
903.79218	39.357941
903.84302	41.135212
903.89386	39.714825
903.9447	44.45528
903.99554	40.222504
904.04639	42.418694
904.09717	40.923786
904.14801	41.119762
904.19885	40.834911
904.24969	40.470966
904.30054	41.155975
904.35138	42.035
904.40222	40.355667
904.453	39.804199
904.50385	41.649414
904.55469	42.415104
904.60553	40.444515
904.65637	38.793594
904.70721	40.888477
904.75806	39.697094
904.80884	39.302349
904.85968	41.348053
904.91052	42.916424
904.96136	41.284454
905.01221	40.434673
905.06305	40.53072
905.11389	39.977592
905.16467	37.484814
905.21552	39.58704
905.26636	38.898232
905.3172	40.240902
905.36804	39.096111
905.41888	40.074654
905.46973	40.762417
905.52051	42.47575
905.57135	40.68441
905.62219	37.993267
905.67303	39.370007
905.72388	42.409496
905.77472	41.409561
905.82556	44.157871
905.87634	42.915821
905.92719	42.898094
905.97803	43.473587
906.02887	40.434071
906.07971	41.405918
906.13055	38.456425
906.1814	38.197166
906.23218	41.975399
906.28302	42.390182
906.33386	41.006355
906.3847	40.676586
906.43555	39.347816
906.48639	38.218929
906.53723	39.175018
906.58807	36.984497
906.63885	37.925846
906.6897	40.234783
906.74054	40.51123
906.79138	38.05431
906.84222	37.776108
906.89307	41.879082
906.94391	40.249744
906.99469	40.080761
907.04553	40.062031
907.09637	40.401798
907.14722	42.246376
907.19806	39.703659
907.2489	39.827236
907.29974	41.577404
907.35052	43.776524
907.40137	44.043812
907.45221	39.998798
907.50305	37.70293
907.55389	38.772102
907.60474	39.805218
907.65558	40.29208
907.70636	43.459126
907.7572	41.263317
907.80804	40.680172
907.85889	38.838627
907.90973	38.485588
907.96057	39.676468
908.01141	41.735184
908.06219	40.537262
908.11304	41.876545
908.16388	42.114994
908.21472	40.985538
908.26556	45.148472
908.31641	44.323875
908.36725	39.679802
908.41803	40.23312
908.46887	40.109501
908.51971	39.191036
908.57056	40.285904
908.6214	40.968052
908.67224	42.894318
908.72308	44.004841
908.77386	37.990097
908.82471	37.890759
908.87555	42.55315
908.92639	41.450119
908.97723	40.011795
909.02808	41.527008
909.07892	44.302364
909.1297	42.138935
909.18054	43.030041
909.23138	40.690483
909.28223	41.44973
909.33307	38.729343
909.38391	42.481686
909.43475	43.020451
909.48553	39.005272
909.53638	38.684334
909.58722	41.438553
909.63806	42.662308
909.6889	37.791237
909.73975	39.795956
909.79059	37.344112
909.84137	44.305874
909.89221	37.829136
909.94305	41.433281
909.9939	41.990574
910.04474	38.467163
910.09558	40.917351
910.14642	37.061726
910.1972	42.777725
910.24805	39.071449
910.29889	41.803349
910.34973	44.658909
910.40057	42.967182
910.45142	41.76321
910.50226	40.953526
910.5531	37.468552
910.60388	43.642311
910.65472	41.045494
910.70557	39.342762
910.75641	40.901852
910.80725	40.918827
910.85809	40.123951
910.90894	41.200863
910.95972	43.486267
911.01056	40.475548
911.0614	43.864788
911.11224	43.554493
911.16309	42.264103
911.21393	43.35471
911.26477	40.566841
911.31555	42.685284
911.36639	42.108315
911.41724	42.392124
911.46808	39.939976
911.51892	39.758553
911.56976	40.051731
911.62061	42.408318
911.67139	39.272114
911.72223	36.962563
911.77307	38.98838
911.82391	37.714523
911.87476	37.856915
911.9256	41.225262
911.97644	40.549465
912.02722	42.257835
912.07806	41.0354
912.12891	39.44273
912.17975	35.586681
912.23059	36.689838
912.28143	40.636723
912.33228	39.897625
912.38306	38.987812
912.4339	39.994762
912.48474	41.155384
912.53558	40.251392
912.58643	39.366207
912.63727	39.896664
912.68811	41.166916
912.73889	41.40284
912.78973	38.43972
912.84058	39.510635
912.89142	40.774944
912.94226	39.63118
912.9931	40.735691
913.04395	41.158478
913.09473	37.930553
913.14557	37.062294
913.19641	38.321369
913.24725	40.228504
913.2981	39.497177
913.34894	39.673401
913.39978	40.234093
913.45056	39.087845
913.5014	38.666737
913.55225	39.90424
913.60309	40.2719
913.65393	39.373123
913.70477	37.829742
913.75562	37.795692
913.8064	39.161926
913.85724	39.058323
913.90808	40.152348
913.95892	41.735207
914.00977	41.068363
914.06061	38.905281
914.11145	41.145489
914.16223	40.917332
914.21307	38.807594
914.26392	37.94347
914.31476	39.65303
914.3656	41.006241
914.41644	40.976418
914.46729	41.381382
914.51807	41.738754
914.56891	39.493107
914.61975	36.671085
914.67059	41.183037
914.72144	41.336567
914.77228	40.230217
914.82312	39.426285
914.87396	39.894859
914.92474	42.392189
914.97559	41.218266
915.02643	39.917862
915.07727	39.952255
915.12811	36.59874
915.17896	38.77047
915.2298	41.637024
915.28058	43.006542
915.33142	40.117088
915.38226	42.749161
915.43311	36.594482
915.48395	39.730766
915.53479	40.59647
915.58563	37.463818
915.63641	43.879158
915.68726	41.943153
915.7381	40.458477
915.78894	42.460892
915.83978	39.210045
915.89063	41.651012
915.94147	44.19112
915.99225	36.981766
916.04309	39.949192
916.09393	40.637062
916.14478	44.165085
916.19562	41.583462
916.24646	41.763969
916.2973	39.588524
916.34808	38.225677
916.39893	40.886349
916.44977	43.314789
916.50061	43.186832
916.55145	38.708267
916.60229	38.609249
916.65314	39.462406
916.70392	38.815662
916.75476	37.590061
916.8056	40.985664
916.85645	39.290947
916.90729	38.808411
916.95813	42.749142
917.00897	42.839527
917.05975	39.79493
917.1106	41.562801
917.16144	40.385937
917.21228	39.582027
917.26312	40.214909
917.31396	40.749275
917.36481	39.578384
917.41559	40.101749
917.46643	42.025734
917.51727	42.185146
917.56812	41.585304
917.61896	37.744007
917.6698	41.735386
917.72064	41.091965
917.77142	37.77953
917.82227	37.090023
917.87311	39.159073
917.92395	38.148441
917.97479	37.725014
918.02563	40.779015
918.07648	39.969494
918.12726	39.426815
918.1781	39.428772
918.22894	39.630924
918.27979	41.844269
918.33063	40.270149
918.38147	36.052639
918.43231	36.989861
918.48309	38.878922
918.53394	36.627846
918.58478	38.035065
918.63562	39.604351
918.68646	38.620804
918.7373	38.203667
918.78815	41.033699
918.83899	42.440254
918.88977	40.963558
918.94061	40.235489
918.99146	39.481884
919.0423	38.253246
919.09314	37.820847
919.14398	40.54755
919.19482	40.309864
919.24561	39.558884
919.29645	40.776928
919.34729	41.750164
919.39813	42.908035
919.44897	42.495644
919.49982	40.012196
919.55066	40.376644
919.60144	40.663925
919.65228	39.218906
919.70313	38.527645
919.75397	36.577816
919.80481	39.3993
919.85565	39.78994
919.90649	41.29216
919.95728	36.867451
920.00812	38.638248
920.05896	39.208607
920.1098	40.761322
920.16064	40.919907
920.21149	40.966408
920.26233	40.797489
920.31311	40.889954
920.36395	39.142879
920.41479	39.665936
920.46564	39.955482
920.51648	38.431057
920.56732	37.641502
920.61816	36.712341
920.66895	40.018131
920.71979	39.86731
920.77063	36.971703
920.82147	40.178764
920.87231	39.924435
920.92316	40.707912
920.974	38.489044
921.02478	40.872612
921.07562	40.653976
921.12646	37.021477
921.17731	39.054489
921.22815	44.68074
921.27899	37.384106
921.32983	40.392899
921.38062	42.782551
921.43146	37.290283
921.4823	36.837807
921.53314	42.444496
921.58398	40.69709
921.63483	38.449009
921.68567	40.270271
921.73645	39.407036
921.78729	43.739315
921.83813	39.748573
921.88898	39.706245
921.93982	37.329109
921.99066	40.414639
922.0415	37.303497
922.09229	38.287331
922.14313	40.783466
922.19397	42.876812
922.24481	40.642033
922.29565	39.507164
922.3465	39.913906
922.39734	38.690887
922.44812	40.572914
922.49896	39.186539
922.5498	38.661972
922.60065	42.297691
922.65149	43.502888
922.70233	42.792942
922.75317	38.410191
922.80396	39.529701
922.8548	40.336967
922.90564	39.544895
922.95648	39.341316
923.00732	39.915966
923.05817	40.474335
923.10901	40.814838
923.15985	38.912365
923.21063	39.752949
923.26147	38.009762
923.31232	39.161385
923.36316	40.465302
923.414	39.360794
923.46484	40.31641
923.51569	40.032799
923.56647	40
923.61731	38.954643
923.66815	38.850662
923.71899	40.335308
923.76984	40.618683
923.82068	38.422077
923.87152	39.034424
923.9223	39.534058
923.97314	40.916161
924.02399	41.920544
924.07483	41.128822
924.12567	39.852016
924.17651	37.868355
924.22736	40.127888
924.27814	41.391766
924.32898	40.619896
924.37982	40.035358
924.43066	39.411442
924.48151	42.077927
924.53235	42.222054
924.58319	41.098534
924.63397	39.400291
924.68481	40.462563
924.73566	41.331684
924.7865	39.820122
924.83734	39.40889
924.88818	38.952248
924.93903	40.130104
924.98981	43.236355
925.04065	41.345047
925.09149	39.095154
925.14233	41.307476
925.19318	40.320683
925.24402	39.573776
925.29486	38.988625
925.34564	39.0466
925.39648	37.515339
925.44733	36.586857
925.49817	38.765991
925.54901	42.771629
925.59985	41.345394
925.6507	37.431664
925.70148	37.681431
925.75232	39.556267
925.80316	42.447105
925.854	38.686909
925.90485	40.538364
925.95569	40.560158
926.00653	39.572468
926.05731	41.331341
926.10815	40.074387
926.159	38.208607
926.20984	39.964291
926.26068	39.544506
926.31152	39.703094
926.36237	35.795841
926.41315	41.08128
926.46399	38.042961
926.51483	39.901592
926.56567	41.39513
926.61652	39.890953
926.66736	42.107071
926.7182	41.686539
926.76898	42.500057
926.81982	42.370232
926.87067	41.923405
926.92151	40.398277
926.97235	39.725281
927.02319	37.8521
927.07404	39.921539
927.12488	39.774097
927.17566	37.307007
927.2265	38.988853
927.27734	38.846439
927.32819	40.9305
927.37903	42.430019
927.42987	39.981777
927.48071	41.075813
927.53149	40.965805
927.58234	39.375092
927.63318	39.13356
927.68402	40.403725
927.73486	39.168884
927.78571	39.015209
927.83655	39.324451
927.88733	38.780045
927.93817	36.401932
927.98901	34.922054
928.03986	37.355991
928.0907	37.532196
928.14154	37.848465
928.19238	39.760532
928.24316	39.928371
928.29401	40.956108
928.34485	41.364113
928.39569	39.217243
928.44653	39.63348
928.49738	40.178677
928.54822	40.698948
928.599	41.313114
928.64984	38.918537
928.70068	40.269558
928.75153	39.440819
928.80237	35.750641
928.85321	39.21283
928.90405	38.978195
928.95483	40.9114
929.00568	39.970695
929.05652	37.973282
929.10736	37.054493
929.1582	40.107773
929.20905	40.729637
929.25989	40.873886
929.31067	41.029247
929.36151	42.212193
929.41235	41.285469
929.4632	40.740658
929.51404	40.264523
929.56488	40.405296
929.61572	39.423851
929.6665	37.714127
929.71735	37.784546
929.76819	41.734692
929.81903	39.677525
929.86987	39.740715
929.92072	35.796181
929.97156	39.648754
930.02234	39.298222
930.07318	39.835793
930.12402	38.245045
930.17487	37.748394
930.22571	39.570843
930.27655	39.967365
930.32739	38.141075
930.37817	38.328236
930.42902	40.543079
930.47986	38.318031
930.5307	35.978554
930.58154	38.304428
930.63239	40.593719
930.68323	39.296421
930.73401	39.189678
930.78485	40.963737
930.83569	40.39151
930.88654	39.366489
930.93738	39.844818
930.98822	41.741871
931.03906	42.149757
931.08984	39.646667
931.14069	40.065117
931.19153	37.315117
931.24237	40.849464
931.29321	38.567055
931.34406	38.985439
931.3949	38.177574
931.44574	39.832111
931.49652	38.780128
931.54736	40.63427
931.59821	39.933567
931.64905	36.904221
931.69989	40.425514
931.75073	43.23893
931.80157	41.5746
931.85236	38.460987
931.9032	39.953045
931.95404	38.857918
932.00488	39.012592
932.05573	37.158775
932.10657	39.504284
932.15741	39.669197
932.20819	40.570145
932.25903	41.33041
932.30988	39.18367
932.36072	39.127422
932.41156	37.954502
932.4624	37.813663
932.51324	41.951733
932.56403	41.106915
932.61487	39.09417
932.66571	39.391876
932.71655	41.78426
932.7674	40.804375
932.81824	41.535061
932.86908	39.9659
932.91986	39.761501
932.9707	41.713577
933.02155	39.657333
933.07239	42.624168
933.12323	42.515934
933.17407	41.61673
933.22491	41.3745
933.2757	41.970871
933.32654	41.146473
933.37738	39.142109
933.42822	39.443611
933.47906	37.539722
933.52991	40.538788
933.58075	38.911823
933.63153	41.094387
933.68237	40.587742
933.73322	38.953541
933.78406	38.585949
933.8349	38.53754
933.88574	39.415985
933.93658	41.359249
933.98737	42.608387
934.03821	41.58213
934.08905	40.024372
934.13989	39.001419
934.19073	40.438976
934.24158	39.169727
934.29242	40.186901
934.3432	44.329239
934.39404	43.862366
934.44489	40.597092
934.49573	36.678574
934.54657	36.616398
934.59741	40.379848
934.64825	41.852779
934.69904	41.345852
934.74988	41.352989
934.80072	40.700855
934.85156	40.157867
934.9024	41.24295
934.95325	42.674332
935.00409	39.979958
935.05487	40.067642
935.10571	39.928738
935.15656	40.401657
935.2074	39.980228
935.25824	41.300873
935.30908	40.739948
935.35992	40.270691
935.41071	43.152149
935.46155	39.25526
935.51239	36.370174
935.56323	37.297806
935.61407	39.913662
935.66492	41.58252
935.71576	37.970406
935.7666	40.224625
935.81738	41.906765
935.86823	39.591633
935.91907	37.60339
935.96991	37.443253
936.02075	37.168827
936.07159	38.782768
936.12244	40.493286
936.17322	35.949787
936.22406	39.489605
936.2749	39.407665
936.32574	42.390747
936.37659	40.683598
936.42743	41.477257
936.47827	40.781147
936.52905	35.714443
936.5799	42.550125
936.63074	38.689976
936.68158	38.494576
936.73242	41.042122
936.78326	39.584785
936.83411	36.016987
936.88489	40.654236
936.93573	39.745396
936.98657	37.173687
937.03741	39.321354
937.08826	42.069725
937.1391	34.447788
937.18994	38.31572
937.24072	39.723064
937.29156	41.501041
937.34241	40.539368
937.39325	40.765533
937.44409	41.715904
937.49493	40.678959
937.54578	36.029755
937.59656	40.312447
937.6474	42.297695
937.69824	41.759319
937.74908	39.620377
937.79993	38.213253
937.85077	38.302483
937.90161	36.956409
937.95239	39.92791
938.00323	40.921013
938.05408	41.857666
938.10492	41.115749
938.15576	40.061409
938.2066	40.077358
938.25745	40.181446
938.30823	41.640278
938.35907	38.854004
938.40991	36.871548
938.46075	40.819103
938.5116	41.743019
938.56244	40.062943
938.61328	38.932831
938.66406	40.294502
938.7149	40.142235
938.76575	38.868366
938.81659	39.374279
938.86743	40.887222
938.91827	40.624954
938.96912	38.759544
939.0199	37.834988
939.07074	38.841202
939.12158	39.79953
939.17242	39.843956
939.22327	41.633247
939.27411	38.545135
939.32495	41.63298
939.37573	39.561806
939.42657	39.954662
939.47742	40.62484
939.52826	41.719299
939.5791	38.603195
939.62994	39.871349
939.68079	40.59359
939.73163	38.269875
939.78241	38.506081
939.83325	41.652729
939.88409	40.030792
939.93494	41.881264
939.98578	41.607258
940.03662	37.035263
940.08746	38.526764
940.13824	42.536236
940.18909	39.498737
940.23993	36.977367
940.29077	40.649433
940.34161	35.20715
940.39246	31.499331
940.4433	38.781528
940.49408	39.818478
940.54492	40.554996
940.59576	45.136082
940.64661	39.762554
940.69745	38.01738
940.74829	35.153645
940.79913	42.167088
940.84991	38.335991
940.90076	40.489235
940.9516	39.218803
941.00244	39.434761
941.05328	37.866528
941.10413	39.144238
941.15497	41.876408
941.20575	38.886192
941.25659	37.832722
941.30743	37.741432
941.35828	41.004097
941.40912	38.910271
941.45996	39.649628
941.5108	42.134495
941.56158	41.563053
941.61243	42.809834
941.66327	39.206474
941.71411	39.982971
941.76495	37.8526
941.8158	38.017605
941.86664	41.427811
941.91742	40.066185
941.96826	39.410973
942.0191	41.07251
942.06995	41.843872
942.12079	40.647526
942.17163	42.530109
942.22247	41.876347
942.27325	36.918304
942.3241	37.067844
942.37494	39.134518
942.42578	40.148758
942.47662	40.132553
942.52747	40.36235
942.57831	39.724613
942.62909	42.538155
942.67993	39.95388
942.73077	36.230534
942.78162	38.052654
942.83246	35.335175
942.8833	36.527225
942.93414	38.008656
942.98492	39.181904
943.03577	43.095509
943.08661	41.92625
943.13745	39.260067
943.18829	38.647461
943.23914	41.789124
943.28998	40.791885
943.34076	38.501274
943.3916	40.020798
943.44244	37.033901
943.49329	36.791771
943.54413	40.741348
943.59497	40.009399
943.64581	41.313999
943.69659	37.409924
943.74744	39.232697
943.79828	36.45623
943.84912	40.445019
943.89996	40.096756
943.95081	36.330078
944.00165	39.398407
944.05249	40.926903
944.10327	41.960194
944.15411	37.758739
944.20496	37.647461
944.2558	40.997089
944.30664	39.993954
944.35748	39.689911
944.40833	41.091248
944.45911	42.679585
944.50995	37.721561
944.56079	38.824139
944.61163	40.375893
944.66248	38.192448
944.71332	39.516407
944.76416	38.989265
944.81494	41.262821
944.86578	42.126156
944.91663	39.901749
944.96747	40.321968
945.01831	37.290813
945.06915	36.922886
945.12	40
945.17078	39.647778
945.22162	39.293594
945.27246	40.609261
945.3233	40.253723
945.37415	40.488461
945.42499	37.882668
945.47583	39.158066
945.52661	40.427422
945.57745	41.031437
945.6283	43.519497
945.67914	40.268394
945.72998	41.389046
945.78082	39.366306
945.83167	35.697487
945.88245	35.981472
945.93329	41
945.98413	41
946.03497	41
946.08582	37.160419
946.13666	37.596008
946.1875	41.908195
946.23828	40.582275
946.28912	42.280975
946.33997	41.281979
946.39081	42.053295
946.44165	41.497364
946.49249	40
946.54333	41.309181
946.59412	39.75499
946.64496	40.700317
946.6958	41.89402
946.74664	41.748295
946.79749	38.001926
946.84833	39.888283
946.89917	38.454983
946.94995	37.647461
947.00079	36.858635
947.05164	39.059589
947.10248	39.647461
947.15332	40.775173
947.20416	40.700607
947.255	36.633587
947.30579	36.569103
947.35663	38.436371
947.40747	38.647461
947.45831	38.647461
947.50916	32.401104
947.56	39.295464
947.61084	37.081036
947.66162	33.698196
947.71246	34.646584
947.76331	41.618267
947.81415	39.797821
947.86499	44.37418
947.91583	38.708408
947.96667	39.572182
948.01752	38.738213
948.0683	39.753689
948.11914	40.325256
948.16998	38.274021
948.22083	40.757168
948.27167	43.43898
948.32251	35.894142
948.37335	37.395718
948.42413	38.359997
948.47498	36.834572
948.52582	40.624596
948.57666	42.868183
948.6275	40.372227
948.67834	40.519588
948.72919	42.755402
948.77997	42.564941
948.83081	40.080643
948.88165	37.228302
948.9325	36.543205
948.98334	36.700481
949.03418	40.258358
949.08502	39.135551
949.1358	39.57991
949.18665	38.833817
949.23749	36.575569
949.28833	40.95282
949.33917	39.540573
949.39001	40.372658
949.44086	41.740437
949.49164	40.887928
949.54248	38.872437
949.59332	36.076981
949.64417	40.541676
949.69501	42.58511
949.74585	42.264366
949.79669	40.748001
949.84747	39.647461
949.89832	39.881741
949.94916	41.120316
950	38.862061
