700	53.169415
700.05084	49.665287
700.10168	56.582031
700.15253	56.116425
700.20331	51.710426
700.25415	48.407108
700.30499	46.199001
700.35583	50.051975
700.40668	51.572742
700.45752	51.000507
700.50836	49.607319
700.55914	48.61676
700.60999	53.323917
700.66083	57.303566
700.71167	51.569973
700.76251	53.314816
700.81335	55.341259
700.8642	47.315434
700.91498	46.492294
700.96582	54.388844
701.01666	50.788403
701.0675	51.967442
701.11835	51.35083
701.16919	49.920437
701.22003	51.382092
701.27081	51.695904
701.32166	51.168404
701.3725	51.693764
701.42334	53.7477
701.47418	56.177826
701.52502	51.212296
701.57587	47.999996
701.62665	48.963913
701.67749	51.359207
701.72833	49.369591
701.77917	47
701.83002	49.708527
701.88086	53.879887
701.9317	57.825985
701.98248	53.902534
702.03333	49.478527
702.08417	51.773144
702.13501	53.763412
702.18585	55.150764
702.23669	53.014141
702.28754	50.182076
702.33838	50.991455
702.38916	53.85778
702.44	50.878254
702.49084	52.070042
702.54169	51.178993
702.59253	51.122238
702.64337	51.91618
702.69421	56.486313
702.745	55.240234
702.79584	54.336636
702.84668	49.826065
702.89752	53.328526
702.94836	49.664909
702.99921	56.0037
703.05005	48.004845
703.10083	51.326286
703.15167	56.367485
703.20251	54.620247
703.25336	55.074535
703.3042	55.918266
703.35504	54.174091
703.40588	44.732216
703.45667	50.64238
703.50751	57.933838
703.55835	43.935322
703.60919	51.651749
703.66003	57.650406
703.71088	56.148136
703.76172	55.090878
703.8125	55.519306
703.86334	57.701061
703.91418	52.482994
703.96503	50.247242
704.01587	50.481346
704.06671	51.392143
704.11755	48.405411
704.16833	47.907001
704.21918	46.476986
704.27002	50.158012
704.32086	43.140381
704.3717	49.259666
704.42255	51.609226
704.47339	48.96212
704.52417	45.73465
704.57501	49.755188
704.62585	49.064423
704.6767	51.29797
704.72754	50.762459
704.77838	50.907421
704.82922	52.253216
704.88	52.319363
704.93085	54.713886
704.98169	55.2481
705.03253	52.790257
705.08337	50.61401
705.13422	52.115837
705.18506	52.554325
705.23584	50.198875
705.28668	52.677143
705.33752	55
705.38837	50.972031
705.43921	48.65715
705.49005	55.022015
705.54089	53.32349
705.59167	55.221401
705.64252	57.11031
705.69336	47.328205
705.7442	50.308216
705.79504	49.067585
705.84589	49.030975
705.89673	52.774319
705.94751	50.956917
705.99835	55.628284
706.04919	57.874016
706.10004	48.320919
706.15088	50.952591
706.20172	56.506954
706.25256	56.065842
706.30341	56.196655
706.35419	52.823864
706.40503	55.025253
706.45587	47.147259
706.50671	50.257828
706.55756	57.745682
706.6084	42.590725
706.65924	53.828892
706.71002	50.122822
706.76086	49.60144
706.81171	55.202354
706.86255	52.283295
706.91339	56.14756
706.96423	54.285454
707.01508	51.88739
707.06586	53.297989
707.1167	56.947037
707.16754	52.630051
707.21838	48.343643
707.26923	49.501568
707.32007	54.343548
707.37091	56.344429
707.42169	53.595379
707.47253	49.65831
707.52338	53.172142
707.57422	56.806038
707.62506	54.16338
707.6759	52.582031
707.72675	53.50692
707.77753	55.27306
707.82837	54.758411
707.87921	53.14204
707.93005	53.17136
707.9809	53.821781
708.03174	54.324696
708.08258	51.871384
708.13336	50.634823
708.1842	49.028717
708.23505	50.046539
708.28589	50.907143
708.33673	48.463463
708.38757	48.365135
708.43842	51.469997
708.4892	52.593391
708.54004	48.201588
708.59088	51.926258
708.64172	54.104759
708.69257	51.518501
708.74341	49.384853
708.79425	49.969139
708.84503	54.458492
708.89587	58.420238
708.94672	54.973633
708.99756	54.693535
709.0484	51.388485
709.09924	52.811859
709.15009	53.457428
709.20087	53.794373
709.25171	56.632381
709.30255	54.831928
709.35339	53.479305
709.40424	50.172207
709.45508	48.47974
709.50592	54.53027
709.5567	50.257534
709.60754	47.224834
709.65839	50.542751
709.70923	58.777142
709.76007	53.884644
709.81091	50.033878
709.86176	52.577579
709.91254	51.027184
709.96338	47.131653
710.01422	47
710.06506	46.608448
710.11591	51.187378
710.16675	49.769218
710.21759	46.391212
710.26837	50.380436
710.31921	54.942837
710.37006	50.866516
710.4209	46.679943
710.47174	50.88689
710.52258	50.866058
710.57343	48.229439
710.62427	50.655888
710.67505	51.897022
710.72589	54.952717
710.77673	58.893204
710.82758	54.040966
710.87842	50.889053
710.92926	48.549198
710.9801	49.570007
711.03088	47.615967
711.08173	50.162075
711.13257	50.730911
711.18341	49.231636
711.23425	54.622311
711.2851	53.675701
711.33594	50.556469
711.38672	51.541378
711.43756	49.892765
711.4884	51.069809
711.53925	53.503513
711.59009	52.317455
711.64093	50.649696
711.69177	46.875637
711.74255	48.812199
711.7934	52.633083
711.84424	50.206947
711.89508	51.800114
711.94592	51.115742
711.99677	53.084179
712.04761	54.307861
712.09839	53.855946
712.14923	54.632359
712.20007	53.009094
712.25092	53.140167
712.30176	52.245037
712.3526	53.895119
712.40344	51.557915
712.45422	58.541206
712.50507	53.938332
712.55591	50.5905
712.60675	53.106083
712.65759	53.31673
712.70844	52
712.75928	51.667831
712.81006	50.615818
712.8609	56.917618
712.91174	47.71899
712.96259	45.711071
713.01343	53.873302
713.06427	51.951218
713.11511	51.019913
713.16589	51.59024
713.21674	51.957279
713.26758	43.660294
713.31842	52.773384
713.36926	52.598652
713.4201	45.01709
713.47095	50.557472
713.52173	52.832962
713.57257	50.294266
713.62341	50.887344
713.67426	59.362953
713.7251	50.283558
713.77594	51.956581
713.82678	52.928555
713.87756	51.030563
713.92841	52.516243
713.97925	54.570728
714.03009	52.365448
714.08093	50.385658
714.13177	50.741657
714.18262	49.545822
714.2334	44.427067
714.28424	50.551228
714.33508	52.633232
714.38593	51.331184
714.43677	50.0723
714.48761	52.140743
714.53845	52.956921
714.58929	50.395054
714.64008	51.730762
714.69092	52.662231
714.74176	48.598991
714.7926	48.530502
714.84344	51.658703
714.89429	53.106342
714.94513	50.013821
714.99591	48.769703
715.04675	51.480606
715.0976	49.475018
715.14844	44.77401
715.19928	43.641308
715.25012	46.940567
715.30096	48.935062
715.35175	49.018299
715.40259	51.881752
715.45343	52.014717
715.50427	52.100601
715.55511	56.895592
715.60596	51.32299
715.6568	47.328014
715.70758	49.761097
715.75842	51.301834
715.80927	48.565636
715.86011	45.522438
715.91095	53
715.96179	53.223106
716.01263	53.791214
716.06342	52.609695
716.11426	52.00803
716.1651	54.656948
716.21594	45.915787
716.26678	50.447098
716.31763	47.872742
716.36847	52.85289
716.41925	44.34726
716.47009	51.335567
716.52094	49.190311
716.57178	57.104305
716.62262	48.75713
716.67346	52.939323
716.7243	50.617069
716.77509	53.572926
716.82593	50.058365
716.87677	51.938309
716.92761	45.866222
716.97845	52.563847
717.0293	52.073364
717.08014	47.434265
717.13092	52.016468
717.18176	52.582031
717.2326	54.689919
717.28345	50.354942
717.33429	48.247158
717.38513	45.994564
717.43597	49.660957
717.48676	56.192078
717.5376	50.491844
717.58844	52.449436
717.63928	49.340736
717.69012	51.732052
717.74097	49.765419
717.79181	50.737305
717.84259	49.469463
717.89343	48.18018
717.94427	52.456272
717.99512	57.896282
718.04596	50.117569
718.0968	49.819508
718.14764	50.717499
718.19843	48.974369
718.24927	52.990242
718.30011	51.116127
718.35095	46.686169
718.40179	47.980412
718.45264	48.189098
718.50348	51.509415
718.55426	48.635021
718.6051	46.482754
718.65594	51.484684
718.70679	50.861801
718.75763	50.038731
718.80847	48.365555
718.85931	47.911186
718.91016	50.410126
718.96094	51.189667
719.01178	52.967403
719.06262	50.717899
719.11346	46.773506
719.16431	46.514042
719.21515	51.860184
719.26599	51.582031
719.31677	50.354362
719.36761	47.875546
719.41846	48.582031
719.4693	48.160084
719.52014	49.026501
719.57098	53.460258
719.62183	49.035053
719.67261	50.031776
719.72345	48.715363
719.77429	49.721165
719.82513	42.168968
719.87598	45.408791
719.92682	47.207844
719.97766	45.471104
720.02844	49.172619
720.07928	52.997501
720.13013	48.639206
720.18097	54.577858
720.23181	49.130436
720.28265	42.961178
720.3335	50.075512
720.38428	51.949005
720.43512	49.951622
720.48596	46.00425
720.5368	43.617592
720.58765	56.216618
720.63849	48.914108
720.68933	49.922138
720.74011	51.863377
720.79095	47.943039
720.8418	52.106464
720.89264	51.171673
720.94348	50.120872
720.99432	50.865868
721.04517	44.18026
721.09595	46.844627
721.14679	55.013023
721.19763	50.896179
721.24847	48.782219
721.29932	54.088562
721.35016	52.489048
721.401	50.379932
721.45178	51.494663
721.50262	47.594631
721.55347	47.441654
721.60431	48
721.65515	52.863941
721.70599	53.636383
721.75684	53.389034
721.80762	50.306995
721.85846	50.777622
721.9093	52.99572
721.96014	43.726204
722.01099	42.408455
722.06183	48.780647
722.11267	51
722.16345	50.199928
722.21429	48.479324
722.26514	47.268555
722.31598	47.83173
722.36682	48.283836
722.41766	47.500473
722.46851	48.743443
722.51929	51.529789
722.57013	51.852558
722.62097	54.133904
722.67181	54.956295
722.72266	50.577915
722.7735	51.636669
722.82434	50.82827
722.87512	47.373779
722.92596	50.478733
722.97681	49.70319
723.02765	49.178646
723.07849	54.864468
723.12933	51.43716
723.18018	49.791592
723.23102	50.528923
723.2818	48
723.33264	48.536762
723.38348	49.744717
723.43433	48.169258
723.48517	46.734768
723.53601	50.020691
723.58685	48.204929
723.63763	47.849461
723.68848	44.002117
723.73932	48.484776
723.79016	48.615513
723.841	51.374207
723.89185	48.023849
723.94269	50.835514
723.99347	49.314095
724.04431	47.274292
724.09515	50.078121
724.146	50.80233
724.19684	48.245583
724.24768	52.317146
724.29852	46.07233
724.3493	48.582027
724.40015	48.587063
724.45099	49.985714
724.50183	48.613361
724.55267	52.848347
724.60352	49.741158
724.65436	57.10281
724.70514	51.087463
724.75598	47.835339
724.80682	47.582031
724.85767	53.301105
724.90851	50.996044
724.95935	47.119568
725.01019	45.232201
725.06097	48.01247
725.11182	49.757195
725.16266	49.658714
725.2135	49.113903
725.26434	53.752434
725.31519	51.880634
725.36603	43.779232
725.41681	44.914036
725.46765	47.483925
725.51849	50.189198
725.56934	50.700108
725.62018	44.529366
725.67102	43.789452
725.72186	50.313068
725.77264	50.325684
725.82349	47.030952
725.87433	48.307251
725.92517	48.582367
725.97601	47.121346
726.02686	45.621063
726.0777	49.761566
726.12848	52.173374
726.17932	48.966908
726.23016	47
726.28101	46.771675
726.33185	47.116707
726.38269	49.89262
726.43353	49.232677
726.48431	49.074715
726.53516	50.609421
726.586	49.582031
726.63684	50.236912
726.68768	50.100773
726.73853	45.313747
726.78937	45.449959
726.84015	48.273022
726.89099	48.626289
726.94183	54.109608
726.99268	50.494614
727.04352	51.115944
727.09436	50.438335
727.1452	52.199001
727.19604	51.071426
727.24683	48.820637
727.29767	48.743599
727.34851	45.758728
727.39935	48.699875
727.4502	49.270035
727.50104	50
727.55188	50.985752
727.60266	50.853676
727.6535	43.483154
727.70435	52.826466
727.75519	50.198936
727.80603	50.546249
727.85687	48.406605
727.90771	46.669983
727.9585	43.217216
728.00934	50.279842
728.06018	51.05167
728.11102	45.165264
728.16187	48.998489
728.21271	44.280113
728.26355	47.697178
728.31433	55.091358
728.36517	48.895542
728.41602	53.54311
728.46686	44.276726
728.5177	51.81155
728.56854	43.654652
728.61938	49.994434
728.67017	51.976051
728.72101	49.072567
728.77185	52.858894
728.82269	55.857605
728.87354	47.527214
728.92438	49.402225
728.97522	47.745602
729.026	53.403519
729.07684	47.361362
729.12769	49.602688
729.17853	52.614994
729.22937	45.756714
729.28021	47.485245
729.33105	46.812668
729.38184	45.755936
729.43268	47.55043
729.48352	47.197208
729.53436	47
729.58521	50.119007
729.63605	48.373524
729.68689	47.141216
729.73767	41.470413
729.78851	40.622921
729.83936	47.204937
729.8902	47.446159
729.94104	51.482502
729.99188	47.384144
730.04272	45.542843
730.09351	45.333462
730.14435	49.582928
730.19519	49.427055
730.24603	49.000126
730.29688	48.599396
730.34772	49.575199
730.39856	50.233803
730.44934	48.58123
730.50018	48.157734
730.55103	48.818035
730.60187	51.767944
730.65271	50.518051
730.70355	46.742222
730.75439	44.961544
730.80518	46.540855
730.85602	49.786449
730.90686	48.840961
730.9577	51.076454
731.00854	52.798386
731.05939	49.771324
731.11023	50.698982
731.16101	48.7467
731.21185	46.259136
731.2627	48.646503
731.31354	50.774818
731.36438	51.035873
731.41522	48.582031
731.46606	48.369926
731.51691	48
731.56769	44.77615
731.61853	41.370491
731.66937	47.320194
731.72021	47.561657
731.77106	46.706619
731.8219	46.138939
731.87274	45.264473
731.92352	49.376751
731.97437	51.180435
732.02521	49.898521
732.07605	49.193531
732.12689	47.436134
732.17773	45.236752
732.22858	44.509857
732.27936	46.440884
732.3302	46.616467
732.38104	48.973495
732.43188	46.101379
732.48273	45.055431
732.53357	51.274742
732.58441	49.917992
732.63519	44.035736
732.68604	47.530376
732.73688	45.573757
732.78772	46.604424
732.83856	47.183456
732.8894	44.298866
732.94025	50.478626
732.99103	48.726555
733.04187	47.517166
733.09271	48.009346
733.14355	49.630943
733.1944	39.819065
733.24524	45.431198
733.29608	47.530651
733.34686	47.23922
733.39771	48.443836
733.44855	44.500278
733.49939	47.264778
733.55023	51.069313
733.60107	42.986069
733.65192	50.861626
733.7027	46.702427
733.75354	49.218525
733.80438	45.733433
733.85522	46.888725
733.90607	50.240681
733.95691	42.829243
734.00775	47.373188
734.05853	49.869747
734.10938	43.845844
734.16022	48.806774
734.21106	47.268021
734.2619	42.535629
734.31274	45.376289
734.36359	48.719654
734.41437	47.155025
734.46521	44.480709
734.51605	49.198174
734.56689	46.247864
734.61774	43.202381
734.66858	47.706432
734.71942	46.938068
734.7702	45.848557
734.82104	45.833584
734.87189	42.689396
734.92273	41.374428
734.97357	43.530491
735.02441	47.099308
735.07526	44.486012
735.12604	16.911774
735.17688	26.498251
735.22772	46.311771
735.27856	45.618439
735.32941	45.202297
735.38025	46.432117
735.43109	42.917652
735.48193	42.776711
735.53271	47.472061
735.58356	47.731354
735.6344	45.629002
735.68524	45.8032
735.73608	47.067554
735.78693	46.132694
735.83777	42.212803
735.88855	43.535057
735.93939	45.833103
735.99023	45.311996
736.04108	47.79565
736.09192	47.165558
736.14276	47.07962
736.1936	45.065628
736.24438	44.178516
736.29523	44.207745
736.34607	46.620953
736.39691	44.555504
736.44775	44.644226
736.4986	45.658932
736.54944	47.629017
736.60022	45.972488
736.65106	44.611485
736.7019	47.382172
736.75275	47.139919
736.80359	42.28447
736.85443	42.514698
736.90527	45.519661
736.95605	42.400967
737.0069	46.981537
737.05774	46.450035
737.10858	45.04948
737.15942	46.842197
737.21027	46.649017
737.26111	43.682709
737.31189	45.899006
737.36273	45.23666
737.41357	43.252766
737.46442	45.778072
737.51526	46.896133
737.5661	44.208084
737.61694	45.62611
737.66772	45.139889
737.71857	39.036789
737.76941	45.740143
737.82025	49.16431
737.87109	44.180328
737.92194	45.909672
737.97278	44.875175
738.02356	44.960556
738.0744	49.653522
738.12524	43.288868
738.17609	42.477192
738.22693	45.102463
738.27777	40.566174
738.32861	45.06776
738.37939	47.592091
738.43024	46.47477
738.48108	43.173122
738.53192	42.850853
738.58276	48.50795
738.63361	48.339634
738.68445	47.440941
738.73523	42.545467
738.78607	44.139866
738.83691	44.976933
738.88776	42.316628
738.9386	46.981571
738.98944	48.285774
739.04028	46.279217
739.09106	24.710489
739.14191	42.419739
739.19275	46.716801
739.24359	44.356964
739.29443	40.6437
739.34528	44.502743
739.39612	43.866123
739.4469	41.533577
739.49774	48.039028
739.54858	45.172409
739.59943	45.795353
739.65027	45.350761
739.70111	44.590889
739.75195	42.895885
739.8028	43.923504
739.85358	47.312428
739.90442	44.490948
739.95526	45.911652
740.0061	43.194233
740.05695	43.853207
740.10779	45.812653
740.15863	45.585468
740.20941	44.593334
740.26025	44.960201
740.3111	45.267818
740.36194	44.289581
740.41278	46.268375
740.46362	45.501686
740.51447	42.390705
740.56525	43.725742
740.61609	44.923641
740.66693	44.783741
740.71777	45.709217
740.76862	44.203922
740.81946	43.869579
740.8703	44.210281
740.92108	44.521648
740.97192	46.559086
741.02277	44.13768
741.07361	44.06179
741.12445	43.818817
741.17529	38.912891
741.22614	43.535812
741.27692	47.339432
741.32776	45.2085
741.3786	43.857979
741.42944	48.742096
741.48029	44.819424
741.53113	44.152271
741.58197	41.327576
741.63275	45.788315
741.68359	42.538876
741.73444	43.57542
741.78528	42.818512
741.83612	45.418606
741.88696	45.358356
741.93781	43.580608
741.98859	45.840443
742.03943	46.726791
742.09027	44.242153
742.14111	47.0383
742.19196	41.66346
742.2428	44.04718
742.29364	41.855289
742.34442	45.430996
742.39526	44.846279
742.44611	46.31955
742.49695	42.507805
742.54779	44.420601
742.59863	46.648838
742.64948	44.894993
742.70026	43.552845
742.7511	43.925785
742.80194	44.139034
742.85278	42.264435
742.90363	41.55637
742.95447	44.009743
743.00531	45.204876
743.05609	34.042603
743.10693	44.161568
743.15778	43.224522
743.20862	45.050133
743.25946	44.381294
743.3103	42.370201
743.36115	41.052505
743.41193	41.582211
743.46277	44.751877
743.51361	46.013737
743.56445	42.436691
743.6153	40.302784
743.66614	43.802982
743.71698	43.44376
743.76782	45.93697
743.8186	44.646866
743.86945	45.363766
743.92029	42.87923
743.97113	44.162735
744.02197	47.299149
744.07281	43.813374
744.12366	42.891209
744.17444	42.392586
744.22528	44.983913
744.27612	44.723267
744.32697	43.674664
744.37781	43.919319
744.42865	42.110371
744.47949	42.283031
744.53027	43.032612
744.58112	43.936661
744.63196	44.580463
744.6828	43.592545
744.73364	41.027107
744.78448	44.93634
744.83533	47.235168
744.88611	44.575127
744.93695	43.032619
744.98779	44.755959
745.03864	44.46418
745.08948	42.028172
745.14032	43.767941
745.19116	44.112713
745.24194	43.96772
745.29279	43.608101
745.34363	45.095516
745.39447	45.680393
745.44531	43.04731
745.49615	43.653194
745.547	43.308495
745.59778	43.612583
745.64862	44.988285
745.69946	42.259834
745.75031	40.526291
745.80115	41.367207
745.85199	43.338112
745.90283	43.611408
745.95361	43.116894
746.00446	43.844559
746.0553	42.60685
746.10614	44.926125
746.15698	45.542259
746.20782	43.344948
746.25867	47.829071
746.30945	45.419399
746.36029	44.69104
746.41113	45.180134
746.46198	42.919331
746.51282	48.3918
746.56366	45.241261
746.6145	42.501148
746.66528	44.607513
746.71613	43.366489
746.76697	44.973377
746.81781	41.435467
746.86865	42.523888
746.91949	44.63747
746.97034	41.595104
747.02112	46.582779
747.07196	44.646332
747.1228	41.452168
747.17365	45.150154
747.22449	44.526535
747.27533	44.121532
747.32617	43.202271
747.37695	45.847912
747.4278	43.639034
747.47864	42.900547
747.52948	43.962303
747.58032	42.651672
747.63116	42.720432
747.68201	44.702812
747.73279	42.073612
747.78363	44.258675
747.83447	42.500015
747.88531	41.442448
747.93616	43.215919
747.987	43.230923
748.03784	41.686745
748.08868	42.965412
748.13947	43.620346
748.19031	41.554245
748.24115	42.238659
748.29199	43.025196
748.34283	42.847965
748.39368	41.014244
748.44452	42.724541
748.4953	41.893127
748.54614	41.562988
748.59698	44.756432
748.64783	45.043728
748.69867	43.637463
748.74951	43.744442
748.80035	45.268265
748.85114	45.390659
748.90198	42.528568
748.95282	41.789352
749.00366	40.70993
749.0545	42.664845
749.10535	42.982574
749.15619	42.453712
749.20697	46.038113
749.25781	44.019394
749.30865	41.174541
749.3595	44.642643
749.41034	47.742268
749.46118	42.442936
749.51202	39.746067
749.56281	39.057537
749.61365	39.531719
749.66449	40.448189
749.71533	42.251984
749.76617	42.348053
749.81702	42.401649
749.86786	46.238171
749.91864	45.683384
749.96948	41.358902
750.02032	43.691387
750.07117	42.01247
750.12201	40.226097
750.17285	41.559368
750.22369	43.480061
750.27448	45.222359
750.32532	41.626598
750.37616	39.27589
750.427	40.071342
750.47784	44.762745
750.52869	42.715969
750.57953	43.469746
750.63031	40.984921
750.68115	43.946831
750.73199	39.297558
750.78284	42.610867
750.83368	44.246941
750.88452	42.291737
750.93536	43.353092
750.98615	41.722427
751.03699	42.828621
751.08783	46.551315
751.13867	42.746868
751.18951	44.452896
751.24036	44.889374
751.2912	39.219395
751.34198	41.963276
751.39282	41.222679
751.44366	40.545952
751.49451	41.07262
751.54535	43.767838
751.59619	46.418701
751.64703	45.148407
751.69781	47.385769
751.74866	40.299812
751.7995	41.669964
751.85034	37.158905
751.90118	39.328182
751.95203	38.459736
752.00287	41.509403
752.05365	43.667194
752.10449	40.884766
752.15533	41.497982
752.20618	41.775639
752.25702	43.475666
752.30786	43.970314
752.3587	44.018421
752.40955	40.240742
752.46033	39.820587
752.51117	47.075897
752.56201	42.795296
752.61285	41.999733
752.6637	42.790039
752.71454	42.790039
752.76538	45.623886
752.81616	42.220814
752.867	43.192024
752.91785	39.720211
752.96869	41.222538
753.01953	43.790043
753.07037	40.238136
753.12122	36.666134
753.172	37.695755
753.22284	42.38026
753.27368	42.04092
753.32452	42.137745
753.37537	42.681717
753.42621	40.815758
753.47705	44.275185
753.52783	45.377419
753.57867	43.921215
753.62952	45.400772
753.68036	42.926868
753.7312	38.921886
753.78204	40.850655
753.83289	43.437096
753.88367	44.253418
753.93451	44.566261
753.98535	40.697887
754.03619	40.044819
754.08704	42.460587
754.13788	42.321648
754.18872	41.995548
754.2395	41.258732
754.29034	41.244137
754.34119	40.291359
754.39203	41.507851
754.44287	42.165268
754.49371	41.607079
754.54456	42.13073
754.59534	41.110607
754.64618	41.85527
754.69702	42.839264
754.74786	43.333687
754.79871	40.131535
754.84955	40.182945
754.90039	38.99477
754.95117	43.307369
755.00201	46.621773
755.05286	44.588963
755.1037	47.817566
755.15454	41.646317
755.20538	43.545727
755.25623	42.222992
755.30701	44.373966
755.35785	45.822899
755.40869	44.462589
755.45953	41.631512
755.51038	40.523956
755.56122	39.41679
755.61206	42
755.66284	41.639
755.71368	39.199585
755.76453	40.484825
755.81537	38.460018
755.86621	45.314735
755.91705	48.292683
755.9679	41.677658
756.01868	37.425739
756.06952	44.69825
756.12036	42.826096
756.1712	43.686497
756.22205	40.08363
756.27289	44.791874
756.32373	44.999794
756.37457	42.811787
756.42535	44.752953
756.4762	40.903648
756.52704	43.880783
756.57788	43.799904
756.62872	41.901508
756.67957	44.789585
756.73041	42.954308
756.78119	46.650429
756.83203	39.742542
756.88287	37.203262
756.93372	40.371868
756.98456	44.309704
757.0354	44.10186
757.08624	43.137634
757.13702	40.263031
757.18787	38.94627
757.23871	35.625099
757.28955	38.128231
757.34039	43.043823
757.39124	43.022633
757.44208	43.75573
757.49286	40.677616
757.5437	39.953907
757.59454	43.087067
757.64539	42.31366
757.69623	44.20863
757.74707	41.865822
757.79791	39.472992
757.84869	42.635307
757.89954	44.566856
757.95038	40.539246
758.00122	45.234825
758.05206	46.617882
758.10291	42.444946
758.15375	38.769077
758.20453	39.924507
758.25537	42.173313
758.30621	44.082748
758.35706	43.648617
758.4079	42.238995
758.45874	41.300022
758.50958	39.648514
758.56036	38.916611
758.61121	40.657665
758.66205	41.790039
758.71289	39.483112
758.76373	41.766239
758.81458	45.466801
758.86542	42.030029
758.9162	41.613422
758.96704	42.288395
759.01788	39.216496
759.06873	41.916531
759.11957	45.896511
759.17041	45.895355
759.22125	43.444344
759.27203	40.418011
759.32288	41.778389
759.37372	41.584694
759.42456	41.614895
759.4754	44.906208
759.52625	43.566116
759.57709	41.140053
759.62787	40.754089
759.67871	41.790039
759.72955	41.874836
759.7804	42
759.83124	43.160759
759.88208	44.242107
759.93292	42.259514
759.9837	40.56255
760.03455	41.201389
760.08539	44.134583
760.13623	41.494495
760.18707	36.570747
760.23792	40.428471
760.28876	42.787964
760.33954	44.936382
760.39038	43.612846
760.44122	41.075634
760.49207	42.344482
760.54291	43.52066
760.59375	42.584095
760.64459	42
760.69543	42.437599
760.74622	42.424988
760.79706	39.136631
760.8479	43.219543
760.89874	43.323212
760.94958	42.249176
761.00043	47.026875
761.05127	42.627712
761.10205	41.535229
761.15289	43.151463
761.20374	39.933331
761.25458	44.975758
761.30542	44.954834
761.35626	39.505245
761.4071	43.613819
761.45789	40.636818
761.50873	38.44997
761.55957	42.502213
761.61041	46.501266
761.66125	43.36549
761.7121	39.303291
761.76294	42.64521
761.81372	40.867222
761.86456	42.100601
761.91541	43.647377
761.96625	41.038639
762.01709	46.707748
762.06793	38.066395
762.11877	40.790035
762.16956	40.812729
762.2204	43.790039
762.27124	43.790039
762.32208	43.996605
762.37292	42.818733
762.42377	42.025593
762.47461	41.999996
762.52539	45.81012
762.57623	42.224464
762.62708	41.063705
762.67792	43.78632
762.72876	42.157494
762.7796	43.825287
762.83044	44.715
762.88123	39.593502
762.93207	40.777828
762.98291	41.88126
763.03375	41.816547
763.08459	41.790039
763.13544	39.213947
763.18628	38.118378
763.23706	38
763.2879	42.174709
763.33875	41.171429
763.38959	44.889534
763.44043	41.732986
763.49127	42.397366
763.54211	46.937912
763.5929	43.268269
763.64374	40.437801
763.69458	40.611156
763.74542	43.24905
763.79626	40.207321
763.84711	40.344345
763.89795	40.202652
763.94873	41.470192
763.99957	41.112343
764.05042	40.936367
764.10126	41.746429
764.1521	40.623436
764.20294	38.476959
764.25378	40.009449
764.30457	43.494114
764.35541	40.76141
764.40625	41.505032
764.45709	40.253757
764.50793	38.95961
764.55878	42.176067
764.60962	43.789253
764.66046	41.33297
764.71124	39.831646
764.76208	39.931564
764.81293	43.615917
764.86377	43.477356
764.91461	45.246529
764.96545	44.561756
765.0163	41.00671
765.06708	42.218807
765.11792	44.503441
765.16876	42.702724
765.2196	41.787205
765.27045	40.467117
765.32129	39.729904
765.37213	41.90107
765.42291	45.104721
765.47375	41.613148
765.5246	38.711609
765.57544	40.591476
765.62628	43.68219
765.67712	41.846153
765.72797	38.904472
765.77875	39.806343
765.82959	38.125824
765.88043	40.458214
765.93127	40.989155
765.98212	38.538719
766.03296	39.919319
766.0838	40.652031
766.13458	39.089405
766.18542	41.232655
766.23627	38.915783
766.28711	37.530838
766.33795	40.549046
766.38879	42.919411
766.43964	42.949692
766.49042	41.888557
766.54126	42.223179
766.5921	38.74614
766.64294	39.877502
766.69379	41.582253
766.74463	38.18478
766.79547	38.376904
766.84625	41.724567
766.89709	41.346195
766.94794	42.821392
766.99878	39.247009
767.04962	38.419312
767.10046	38.499191
767.15131	34.238461
767.20209	41.900452
767.25293	42.530754
767.30377	41.885113
767.35461	40.653008
767.40546	43.149685
767.4563	36.325184
767.50714	38.096508
767.55792	38.27726
767.60876	37.909561
767.65961	40.472744
767.71045	42.631493
767.76129	43.779819
767.81213	43.434502
767.86298	43.999947
767.91376	42.043835
767.9646	44.119606
768.01544	42.201271
768.06628	37.248463
768.11713	38.579586
768.16797	39.819149
768.21881	42.471764
768.26959	39.069363
768.32043	43.043495
768.37128	35.99662
768.42212	39.834969
768.47296	43.097912
768.5238	39.775784
768.57465	36.727268
768.62543	39.583656
768.67627	37.591846
768.72711	40.535774
768.77795	40.32156
768.8288	42.953827
768.87964	35.062008
768.93048	40.551521
768.98132	40
769.0321	40.211952
769.08295	43.991028
769.13379	40.699158
769.18463	41.324486
769.23547	43.162952
769.28632	43.652142
769.33716	41.118629
769.38794	39.147045
769.43878	43.274666
769.48962	42.896805
769.54047	38.994953
769.59131	43.953735
769.64215	35.332527
769.69299	37.951313
769.74377	41.280888
769.79462	41.441086
769.84546	38.823956
769.8963	41.463852
769.94714	39.178818
769.99799	39.893028
770.04883	41.224712
770.09961	41.398815
770.15045	40.926796
770.20129	41.733589
770.25214	42.982178
770.30298	43.508419
770.35382	38.18362
770.40466	40.695473
770.45544	40.281002
770.50629	37.187347
770.55713	41.372768
770.60797	43.870647
770.65881	43.619377
770.70966	42.828632
770.7605	43.426121
770.81128	41.729794
770.86212	43.031826
770.91296	39.564072
770.96381	42.213844
771.01465	41.951061
771.06549	34.074356
771.11633	36.404942
771.16711	40.290779
771.21796	37.546539
771.2688	35.833858
771.31964	38.8946
771.37048	36.266991
771.42133	38.68045
771.47217	35.728951
771.52295	37.765804
771.57379	40.924023
771.62463	43.702621
771.67548	41.096897
771.72632	42.231251
771.77716	42.464821
771.828	39.935116
771.87878	40.881702
771.92963	43.496338
771.98047	41.754692
772.03131	40.251225
772.08215	40.419025
772.133	40.355377
772.18384	40.626892
772.23462	38.82262
772.28546	41.252666
772.3363	41.359604
772.38715	41.6838
772.43799	39.690105
772.48883	41.068516
772.53967	41.445755
772.59045	41.610195
772.6413	42.22039
772.69214	41.648914
772.74298	40.730068
772.79382	41.241928
772.84467	40.034386
772.89551	40.155853
772.94635	42.255104
772.99713	42.857365
773.04797	42.45858
773.09882	41.816544
773.14966	41.592438
773.2005	40.891129
773.25134	40.507797
773.30219	41.981556
773.35297	40.634609
773.40381	40.640282
773.45465	42.159332
773.50549	41.334175
773.55634	40.980438
773.60718	42.088322
773.65802	42.306309
773.7088	40.985985
773.75964	43.399033
773.81049	44.988407
773.86133	43.978565
773.91217	42.501049
773.96301	41.126678
774.01385	37.750603
774.06464	38.901234
774.11548	40.13657
774.16632	38.229282
774.21716	39.516682
774.26801	41.293423
774.31885	39.354393
774.36969	40.398273
774.42047	39.092289
774.47131	41.137863
774.52216	44.127384
774.573	42.857029
774.62384	42.651138
774.67468	38.836792
774.72552	38.864105
774.77631	42.304161
774.82715	38.32859
774.87799	40.482468
774.92883	42.339947
774.97968	38.877285
775.03052	39.502419
775.08136	42.80302
775.13214	35.780445
775.18298	40.495579
775.23383	42.393707
775.28467	44.896389
775.33551	40.435825
775.38635	39.521755
775.43719	39.481506
775.48798	40.108196
775.53882	42.505856
775.58966	40.3918
775.6405	41.368496
775.69135	41.795002
775.74219	41.535957
775.79303	40.733604
775.84381	41.26228
775.89465	40.268787
775.9455	40.70689
775.99634	42.19566
776.04718	42.213181
776.09802	40.801998
776.14886	39.714725
776.19965	42.455822
776.25049	38.638306
776.30133	42.744904
776.35217	42.571594
776.40302	39.046711
776.45386	41.919636
776.5047	42.948254
776.55548	39.647011
776.60632	39.550053
776.65717	37.562908
776.70801	36.513962
776.75885	39.260403
776.80969	40.994946
776.86053	43.465706
776.91132	39.986542
776.96216	40.526939
777.013	41.773956
777.06384	39.628819
777.11469	40.980446
777.16553	40.204136
777.21637	43.036938
777.26721	42.771896
777.31799	36.846817
777.36884	37.078514
777.41968	39.694153
777.47052	40.561409
777.52136	43.295853
777.5722	41.261063
777.62305	39.834423
777.67383	39.011578
777.72467	39.982807
777.77551	43.256008
777.82635	43.865383
777.8772	40.065914
777.92804	41.866947
777.97888	41.725414
778.02966	37.713985
778.08051	41.702618
778.13135	44.528419
778.18219	40.390423
778.23303	39.836765
778.28387	39.412392
778.33472	39.141354
778.3855	40.39716
778.43634	39.991692
778.48718	40.571339
778.53802	42.772648
778.58887	40.557194
778.63971	41.577442
778.69055	41.679401
778.74133	44.524483
778.79218	45.870567
778.84302	40.766289
778.89386	40.611286
778.9447	38.111538
778.99554	38.349865
779.04639	39.141205
779.09717	39.795998
779.14801	42.777348
779.19885	43.198219
779.24969	41.242409
779.30054	41.573509
779.35138	31.860151
779.40222	29.56469
779.453	42.419865
779.50385	41.113617
779.55469	37.642052
779.60553	37.955864
779.65637	39.225636
779.70721	36.861382
779.75806	40.276154
779.80884	43.195896
779.85968	39.189999
779.91052	38.382751
779.96136	40.089062
780.01221	41.215462
780.06305	41.364067
780.11389	40.169804
780.16467	42.646057
780.21552	40.202518
780.26636	40.642429
780.3172	40.0364
780.36804	41.388046
780.41888	41.953106
780.46973	39.169384
780.52051	42.551563
780.57135	43.23597
780.62219	42.043674
780.67303	40.491142
780.72388	44.077927
780.77472	42.482033
780.82556	43.829823
780.87634	43.734127
780.92719	40.606487
780.97803	40.006634
781.02887	41.802719
781.07971	41.635994
781.13055	38.998337
781.1814	40.060204
781.23218	40.511703
781.28302	43.695202
781.33386	40.34903
781.3847	42.024448
781.43555	40.811386
781.48639	41.311668
781.53723	41.353054
781.58807	34.976826
781.63885	40.699577
781.6897	38.473774
781.74054	41.043793
781.79138	44.66721
781.84222	47.253063
781.89307	43.453896
781.94391	40.358849
781.99469	37.276821
782.04553	39.898808
782.09637	39.028713
782.14722	43.355274
782.19806	40.180325
782.2489	44.705231
782.29974	40.928745
782.35052	38.122822
782.40137	44.984188
782.45221	42.596416
782.50305	39.564636
782.55389	41.52565
782.60474	39.341125
782.65558	44.310879
782.70636	40.430531
782.7572	37.44091
782.80804	44.76313
782.85889	42.360191
782.90973	38.542496
782.96057	42.576618
783.01141	30.23563
783.06219	32.898861
783.11304	37.679356
783.16388	38.81321
783.21472	38.441483
783.26556	46.125648
783.31641	16.92861
783.36725	35.60619
783.41803	39.724377
783.46887	41.681374
783.51971	42.541069
783.57056	41.119282
783.6214	44.693905
783.67224	38.481991
783.72308	42.175949
783.77386	41.21693
783.82471	43.465508
783.87555	42.357643
783.92639	42.672451
783.97723	43.51128
784.02808	44.415733
784.07892	40.314415
784.1297	44.713608
784.18054	45.089401
784.23138	39.066177
784.28223	39.69622
784.33307	39.238304
784.38391	35.886478
784.43475	40.539856
784.48553	42.767307
784.53638	44.288475
784.58722	44.108536
784.63806	37.59557
784.6889	37.383781
784.73975	43.348763
784.79059	45.039505
784.84137	42.940201
784.89221	45.030148
784.94305	40.317368
784.9939	38.590927
785.04474	40.511322
785.09558	42.237091
785.14642	43.426872
785.1972	42.668938
785.24805	41.818501
785.29889	41.284142
785.34973	42.171337
785.40057	43
785.45142	42.427006
785.50226	40.695141
785.5531	42.498867
785.60388	39.157436
785.65472	38.148933
785.70557	40.294819
785.75641	40.767208
785.80725	42.91457
785.85809	44.364182
785.90894	44.181301
785.95972	41.813053
786.01056	41.006573
786.0614	40.509151
786.11224	38.851479
786.16309	40.2967
786.21393	41.855312
786.26477	40.425232
786.31555	40.861057
786.36639	42.861073
786.41724	41.476509
786.46808	42.542423
786.51892	44.817432
786.56976	42.094208
786.62061	41.281727
786.67139	41.6082
786.72223	41.070412
786.77307	42.181152
786.82391	41.806175
786.87476	42.879887
786.9256	38.402718
786.97644	27.851912
787.02722	27.117039
787.07806	32.161243
787.12891	27.1623
787.17975	31.496874
787.23059	38.698513
787.28143	44.849194
787.33228	42.355167
787.38306	41.463146
787.4339	40.240505
787.48474	39.021553
787.53558	39.475571
787.58643	38.688015
787.63727	38.612938
787.68811	40.900394
787.73889	43.499241
787.78973	42.186794
787.84058	36.761475
787.89142	39.609833
787.94226	41.647179
787.9931	39.903778
788.04395	38.809376
788.09473	41.417374
788.14557	40.511978
788.19641	43.408409
788.24725	43.050884
788.2981	38.683167
788.34894	41.037407
788.39978	37.479626
788.45056	37.546207
788.5014	40.759674
788.55225	41.602264
788.60309	43.746422
788.65393	42.129444
788.70477	40.42989
788.75562	43.217709
788.8064	41.11969
788.85724	42.029892
788.90808	42.896431
788.95892	39.161762
789.00977	41.444927
789.06061	40.386658
789.11145	42.834442
789.16223	43.737236
789.21307	43.708183
789.26392	41.576733
789.31476	40.812511
789.3656	40.530842
789.41644	32.038895
789.46729	40.674278
789.51807	38.372005
789.56891	44.624607
789.61975	40.697266
789.67059	40.773018
789.72144	41.344261
789.77228	36.828011
789.82312	38.951584
789.87396	42.821796
789.92474	39.663235
789.97559	39.087208
790.02643	40.839455
790.07727	36.858078
790.12811	41.78648
790.17896	44.927792
790.2298	41.735706
790.28058	43.989632
790.33142	42.989563
790.38226	40.999931
790.43311	40.005341
790.48395	43.959076
790.53479	37.801613
790.58563	44.545185
790.63641	44.697266
790.68726	41.793343
790.7381	34.286148
790.78894	45.202179
790.83978	40.934639
790.89063	44.773571
790.94147	39.346649
790.99225	44.622452
791.04309	35.410076
791.09393	38.39959
791.14478	39.896343
791.19562	45.491688
791.24646	46.910133
791.2973	45.821049
791.34808	41.198109
791.39893	41.591946
791.44977	38.139137
791.50061	41.502529
791.55145	38.216896
791.60229	39.710041
791.65314	37.126713
791.70392	41.887131
791.75476	40.117783
791.8056	45.084072
791.85645	44.043762
791.90729	39.730999
791.95813	44.874599
792.00897	42.663681
792.05975	40.342144
792.1106	38.925552
792.16144	43.616207
792.21228	41.685204
792.26312	43.42857
792.31396	43.756489
792.36481	38.90192
792.41559	38.49229
792.46643	38.697266
792.51727	43.407082
792.56812	37.91497
792.61896	42.204769
792.6698	44.770714
792.72064	41.93774
792.77142	38.71875
792.82227	40.268505
792.87311	43.253929
792.92395	43.02795
792.97479	42.697266
793.02563	36.289639
793.07648	37.659527
793.12726	41.687008
793.1781	43.638451
793.22894	43.782742
793.27979	42.983913
793.33063	44.822903
793.38147	43.587078
793.43231	44.307064
793.48309	41.528549
793.53394	41.171055
793.58478	40.326893
793.63562	37.182995
793.68646	36
793.7373	36.670929
793.78815	38.999733
793.83899	41.785114
793.88977	41.382343
793.94061	41.349983
793.99146	39.103882
794.0423	40.915344
794.09314	41.418808
794.14398	39.620331
794.19482	39.439354
794.24561	40.949577
794.29645	43.128304
794.34729	45.047279
794.39813	46.309612
794.44897	44.265575
794.49982	42.879887
794.55066	41.022301
794.60144	42.076653
794.65228	44.466118
794.70313	42.071346
794.75397	40.581772
794.80481	32.168476
794.85565	36.751072
794.90649	45.965225
794.95728	43.876961
795.00812	42.42625
795.05896	35.053123
795.1098	34.932529
795.16064	34.91098
795.21149	23.644197
795.26233	31.161863
795.31311	41.789871
795.36395	40.309513
795.41479	40.222775
795.46564	40.333611
795.51648	37.412056
795.56732	37.922783
795.61816	42.88509
795.66895	43.333725
795.71979	41.196712
795.77063	41.193859
795.82147	42.189903
795.87231	41.228096
795.92316	41.781166
795.974	43.993954
796.02478	40.629951
796.07562	37.350468
796.12646	40.020481
796.17731	41.879696
796.22815	41.749664
796.27899	42.621887
796.32983	42.321564
796.38062	44.099358
796.43146	42.832523
796.4823	39.337658
796.53314	37.154812
796.58398	37.51424
796.63483	44.436886
796.68567	40.007473
796.73645	38.72691
796.78729	44.122791
796.83813	43.459221
796.88898	40.755951
796.93982	40.202129
796.99066	40.260067
797.0415	39.240398
797.09229	43.467651
797.14313	43.917892
797.19397	42.239365
797.24481	42.254997
797.29565	39.681728
797.3465	35.875713
797.39734	40.022839
797.44812	40.011105
797.49896	40.160736
797.5498	40.168083
797.60065	42.273788
797.65149	44.090172
797.70233	42.38625
797.75317	43.928032
797.80396	43.477119
797.8548	42.544952
797.90564	43.151684
797.95648	38.996044
798.00732	35.823952
798.05817	39.537693
798.10901	43.373512
798.15985	42.98785
798.21063	45.060104
798.26147	41.905125
798.31232	40.432419
798.36316	42.739758
798.414	40.642185
798.46484	41.085339
798.51569	41.949795
798.56647	39.595905
798.61731	42.437359
798.66815	40.235909
798.71899	42.302872
798.76984	40.291523
798.82068	36.081654
798.87152	36.345516
798.9223	40.000656
798.97314	38.598866
799.02399	42.585854
799.07483	43.627522
799.12567	42.877697
799.17651	39.861164
799.22736	39.397705
799.27814	39.238884
799.32898	39.905941
799.37982	41.663162
799.43066	44.033989
799.48151	39.245293
799.53235	40.650356
799.58319	40.524937
799.63397	40.893757
799.68481	42.209442
799.73566	38.505482
799.7865	37.881798
799.83734	37.204163
799.88818	36.296806
799.93903	38.686272
799.98981	40.182919
800.04065	41.58588
800.09149	43.223503
800.14233	38.241577
800.19318	37.20882
800.24402	41.108128
800.29486	40.697086
800.34564	42.666866
800.39648	39.07497
800.44733	40.708168
800.49817	42.180626
800.54901	43.19796
800.59985	41.296066
800.6507	39.429268
800.70148	40.953728
800.75232	42.88995
800.80316	40.302448
800.854	41.311707
800.90485	41.913494
800.95569	40.634808
801.00653	40.68145
801.05731	40.352985
801.10815	39.83345
801.159	41.725498
801.20984	43.351967
801.26068	40.866566
801.31152	38.796879
801.36237	41.585552
801.41315	40.819901
801.46399	39.422398
801.51483	44.405933
801.56567	38.995338
801.61652	40.021793
801.66736	39.632481
801.7182	39.361115
801.76898	40.660305
801.81982	40.073044
801.87067	41.800407
801.92151	39.520184
801.97235	41.384876
802.02319	39.598888
802.07404	42.716988
802.12488	40.948959
802.17566	42.480797
802.2265	39.603081
802.27734	42.503769
802.32819	39.119537
802.37903	42.269306
802.42987	43.091213
802.48071	40.746159
802.53149	39.61364
802.58234	40.679554
802.63318	42.068096
802.68402	40.655964
802.73486	25.549526
802.78571	33.578674
802.83655	40.931137
802.88733	45.475761
802.93817	40.956852
802.98901	38.599594
803.03986	40.483536
803.0907	35.863857
803.14154	41.273186
803.19238	40.437458
803.24316	43.885029
803.29401	42.960075
803.34485	39.409416
803.39569	45.563881
803.44653	41.274685
803.49738	39.86264
803.54822	37.770485
803.599	40.447792
803.64984	38.520863
803.70068	40.749859
803.75153	43.35181
803.80237	42.324451
803.85321	38.98476
803.90405	42.074196
803.95483	42.807823
804.00568	41.944901
804.05652	40.379887
804.10736	41.560207
804.1582	38.553509
804.20905	44.828899
804.25989	43.783195
804.31067	42.577904
804.36151	41.435516
804.41235	39.690903
804.4632	41.276592
804.51404	40.895966
804.56488	38.88414
804.61572	43.037029
804.6665	45.423054
804.71735	41.005383
804.76819	40.261047
804.81903	42.965103
804.86987	42.063065
804.92072	41.329731
804.97156	44.210571
805.02234	36.284267
805.07318	40.946194
805.12402	42.620274
805.17487	38.107803
805.22571	40.692974
805.27655	41.976856
805.32739	40.363922
805.37817	41.982655
805.42902	44.208309
805.47986	43.631058
805.5307	41.484383
805.58154	41.748676
805.63239	40.704102
805.68323	39.191013
805.73401	39.022354
805.78485	39.77779
805.83569	39.388474
805.88654	40.356636
805.93738	44.672241
805.98822	42.340931
806.03906	40.00713
806.08984	41.12429
806.14069	42.757721
806.19153	39.986164
806.24237	39.274361
806.29321	39.747391
806.34406	39.907166
806.3949	42.734013
806.44574	42.362949
806.49652	41.84473
806.54736	40.621666
806.59821	39.871326
806.64905	30.829487
806.69989	41.990372
806.75073	41.34602
806.80157	44.328766
806.85236	44.486858
806.9032	40.995113
806.95404	44.056404
807.00488	42.09827
807.05573	41.054825
807.10657	43.744202
807.15741	41.040829
807.20819	40.220726
807.25903	46.032928
807.30988	42.477341
807.36072	40.517174
807.41156	40.846657
807.4624	40.878605
807.51324	39.230606
807.56403	42.167343
807.61487	43.602428
807.66571	42.023411
807.71655	42.062229
807.7674	41.755699
807.81824	41.665913
807.86908	40.042198
807.91986	40.008778
807.9707	41.909981
808.02155	41.397316
808.07239	39.925106
808.12323	41.462036
808.17407	43.462402
808.22491	42.516506
808.2757	40.545551
808.32654	41.435951
808.37738	41.766983
808.42822	41.412758
808.47906	44.742962
808.52991	42.342808
808.58075	41.462879
808.63153	43.028915
808.68237	41.398235
808.73322	42.109764
808.78406	42.826019
808.8349	40.63847
808.88574	40.260597
808.93658	42.705803
808.98737	40.659657
809.03821	38.343071
809.08905	44.080254
809.13989	45.127113
809.19073	42.121357
809.24158	40.906086
809.29242	41.535881
809.3432	38.096268
809.39404	39.191509
809.44489	40.395611
809.49573	39.921829
809.54657	41.785999
809.59741	43.405548
809.64825	43.448532
809.69904	42.935612
809.74988	42.462135
809.80072	38.814186
809.85156	40.128281
809.9024	44.16428
809.95325	41.859734
810.00409	41.646912
810.05487	42.245384
810.10571	41.518986
810.15656	41.732708
810.2074	42.503654
810.25824	42.167679
810.30908	38.706131
810.35992	41.791153
810.41071	37.945663
810.46155	38.223751
810.51239	43.521217
810.56323	37.589508
810.61407	38.75412
810.66492	38.931492
810.71576	42.342262
810.7666	44.331142
810.81738	43.974899
810.86823	39.238789
810.91907	39.043232
810.96991	39.848507
811.02075	40.411987
811.07159	38.466934
811.12244	38.467583
811.17322	42.171478
811.22406	45.194736
811.2749	44.23204
811.32574	43.083481
811.37659	40.990059
811.42743	41.204781
811.47827	41.550514
811.52905	41.043011
811.5799	42.515469
811.63074	37.379112
811.68158	41.845116
811.73242	43.860081
811.78326	40.907806
811.83411	40.777218
811.88489	42.44643
811.93573	40.46954
811.98657	42.583542
812.03741	38.768948
812.08826	42.878666
812.1391	39.776817
812.18994	38.461399
812.24072	44.200138
812.29156	43.690853
812.34241	39.751408
812.39325	44.852299
812.44409	42.418884
812.49493	44.55267
812.54578	41.977337
812.59656	41.426987
812.6474	40.424191
812.69824	40.612442
812.74908	41.624733
812.79993	39.655834
812.85077	38.341236
812.90161	36.985516
812.95239	42.040165
813.00323	47.735893
813.05408	44.508736
813.10492	43.85284
813.15576	43.507381
813.2066	41.987762
813.25745	44.042702
813.30823	39.099846
813.35907	40.97971
813.40991	43.407677
813.46075	41.88736
813.5116	44.703506
813.56244	51.543736
813.61328	43.354099
813.66406	44.307423
813.7149	44.518898
813.76575	37.952393
813.81659	40.044025
813.86743	46.016506
813.91827	41.078442
813.96912	49.043983
814.0199	49.790562
814.07074	41.625862
814.12158	41.575981
814.17242	43.190704
814.22327	46.435768
814.27411	41.188171
814.32495	40.041042
814.37573	41.372746
814.42657	40.256363
814.47742	40.920803
814.52826	42.049461
814.5791	36.023773
814.62994	44.818741
814.68079	45.048599
814.73163	42.430695
814.78241	45.13916
814.83325	39.243626
814.88409	43.400234
814.93494	45.543747
814.98578	43.976696
815.03662	44.194664
815.08746	43.016872
815.13824	42.087811
815.18909	39.70583
815.23993	41.111404
815.29077	42.958416
815.34161	41.243317
815.39246	39.4767
815.4433	43.213322
815.49408	43.838428
815.54492	41.4981
815.59576	42.617836
815.64661	44.879383
815.69745	43.339405
815.74829	43.722221
815.79913	41.621696
815.84991	42.056255
815.90076	37.913597
815.9516	38.746784
816.00244	44.0485
816.05328	36.901169
816.10413	40.085243
816.15497	37.684044
816.20575	38.065861
816.25659	42.35701
816.30743	42.219868
816.35828	47.100292
816.40912	43.964104
816.45996	39.936382
816.5108	42.280987
816.56158	43.80621
816.61243	42.579063
816.66327	43.645794
816.71411	41.794254
816.76495	42.025391
816.8158	37.484371
816.86664	39.986534
816.91742	48.844471
816.96826	43.183197
817.0191	39.622448
817.06995	41.380245
817.12079	49.139408
817.17163	44.895779
817.22247	43.944084
817.27325	44.995327
817.3241	46.753674
817.37494	44.956402
817.42578	44.987026
817.47662	40.714569
817.52747	43.552952
817.57831	43.507843
817.62909	42.256687
817.67993	42
817.73077	39.957417
817.78162	42.001385
817.83246	43.169476
817.8833	44.521568
817.93414	42.261345
817.98492	45.575119
818.03577	45.789089
818.08661	47.386681
818.13745	43.221935
818.18829	40.518566
818.23914	41.651665
818.28998	42.775078
818.34076	44.409153
818.3916	39.385525
818.44244	40.657001
818.49329	42.231449
818.54413	43.457954
818.59497	42.08535
818.64581	45.206974
818.69659	42.881569
818.74744	45.943691
818.79828	43.465347
818.84912	45.143127
818.89996	44.298649
818.95081	43.673374
819.00165	41.315994
819.05249	40
819.10327	42.815887
819.15411	43.568745
819.20496	43.078526
819.2558	45.63345
819.30664	47.655598
819.35748	44.234116
819.40833	44.834816
819.45911	43.487381
819.50995	42.795181
819.56079	42.588486
819.61163	40.801178
819.66248	45.25679
819.71332	45.688023
819.76416	44.865295
819.81494	43.190723
819.86578	44.031776
819.91663	45.086388
819.96747	46.248833
820.01831	44.035633
820.06915	43.470695
820.12	44.848759
820.17078	45.704323
820.22162	44.161068
820.27246	38.864811
820.3233	42.176983
820.37415	43.110859
820.42499	39.884033
820.47583	40.804611
820.52661	42.738235
820.57745	44.287628
820.6283	43.352306
820.67914	43.279957
820.72998	42.81839
820.78082	41.411472
820.83167	42.308662
820.88245	41.47887
820.93329	45.470543
820.98413	45.033226
821.03497	44.313145
821.08582	44.980942
821.13666	43.657497
821.1875	43.099087
821.23828	44.272583
821.28912	46.236061
821.33997	44.736183
821.39081	39.748222
821.44165	42.717594
821.49249	44.199791
821.54333	42.686901
821.59412	46.437031
821.64496	44.695217
821.6958	40.67955
821.74664	40.781231
821.79749	41.652779
821.84833	42.546646
821.89917	43.544422
821.94995	43.040909
822.00079	42.647026
822.05164	42.585625
822.10248	40.620609
822.15332	42.316578
822.20416	41.80051
822.255	43.376469
822.30579	47.761551
822.35663	44.531708
822.40747	39.126118
822.45831	40.900795
822.50916	46.200974
822.56	47.078495
822.61084	46.231445
822.66162	45.195629
822.71246	45.264118
822.76331	45.716679
822.81415	43.575073
822.86499	43.138981
822.91583	45.131378
822.96667	44.478157
823.01752	44.128464
823.0683	45.114765
823.11914	44.111183
823.16998	41.612503
823.22083	42.113289
823.27167	41.742176
823.32251	39.116585
823.37335	40.598633
823.42413	44.08987
823.47498	45.130634
823.52582	44.118038
823.57666	44.976852
823.6275	45.025124
823.67834	43.62611
823.72919	45.656002
823.77997	42.914707
823.83081	40.974091
823.88165	46.071533
823.9325	46.752819
823.98334	44.323227
824.03418	42.7075
824.08502	45.021927
824.1358	45.215439
824.18665	41.234333
824.23749	42.76318
824.28833	46.530609
824.33917	46.108421
824.39001	46.590271
824.44086	45.604065
824.49164	43.179852
824.54248	43.619617
824.59332	43.846054
824.64417	43.965832
824.69501	44.163181
824.74585	43.939198
824.79669	44.298897
824.84747	42.911369
824.89832	43.195724
824.94916	44.497421
825	43.509457
825.05084	39.451252
825.10168	41.453121
825.15253	41.436848
825.20331	40.126923
825.25415	42.466682
825.30499	44.445126
825.35583	45.102814
825.40668	45.674629
825.45752	43.033123
825.50836	41.308308
825.55914	44.569866
825.60999	45
825.66083	44.561607
825.71167	44.437347
825.76251	45
825.81335	45.100777
825.8642	43.392857
825.91498	41.533775
825.96582	43.961697
826.01666	46.563084
826.0675	43.985668
826.11835	43.106361
826.16919	44.560181
826.22003	41.526588
826.27081	41.705318
826.32166	45.788635
826.3725	48.403759
826.42334	44.407871
826.47418	44.303825
826.52502	40.828957
826.57587	41.666355
826.62665	44.578964
826.67749	42.835377
826.72833	41.231445
826.77917	44.586746
826.83002	47.042908
826.88086	45.671886
826.9317	48.834194
826.98248	45.839752
827.03333	44.156517
827.08417	46.358601
827.13501	42.060265
827.18585	43.644779
827.23669	45.470329
827.28754	46.406269
827.33838	44.311607
827.38916	45.566372
827.44	47.903397
827.49084	46.914661
827.54169	48.231445
827.59253	47.300697
827.64337	43.925106
827.69421	41.809036
827.745	41.843315
827.79584	40.61882
827.84668	43.503807
827.89752	45.210987
827.94836	43.30386
827.99921	42.639061
828.05005	42.580414
828.10083	44.615551
828.15167	45.899635
828.20251	48.474899
828.25336	46.43013
828.3042	44.979713
828.35504	43.668476
828.40588	41.819092
828.45667	44.297031
828.50751	45.969765
828.55835	47.021339
828.60919	46.759289
828.66003	44.951283
828.71088	42.636269
828.76172	44.058735
828.8125	47.259159
828.86334	46.165401
828.91418	44.975445
828.96503	45.319664
829.01587	44.394032
829.06671	45.008205
829.11755	47.068993
829.16833	45.416504
829.21918	46.322556
829.27002	41.328842
829.32086	39.100513
829.3717	41.010464
829.42255	44.409126
829.47339	46.153278
829.52417	45.234814
829.57501	45.233665
829.62585	47.332836
829.6767	44.234882
829.72754	42.409504
829.77838	43.0075
829.82922	40.850491
829.88	43.98711
829.93085	42.174847
829.98169	43.588493
830.03253	45.62043
830.08337	42.817993
830.13422	40.854458
830.18506	43.847694
830.23584	43.433491
830.28668	41.772137
830.33752	42.646645
830.38837	43.33086
830.43921	40.966873
830.49005	46.077393
830.54089	44.266258
830.59167	42.099178
830.64252	40.097309
830.69336	44.995399
830.7442	45.606419
830.79504	45.151134
830.84589	43.417873
830.89673	44.727615
830.94751	45.625225
830.99835	44.317253
831.04919	43.843979
831.10004	42.290386
831.15088	42.135921
831.20172	42.757942
831.25256	42.394646
831.30341	44.39106
831.35419	43.697224
831.40503	43.036488
831.45587	41.583221
831.50671	40.722797
831.55756	41.671318
831.6084	47.765583
831.65924	45.693855
831.71002	44.354511
831.76086	43.326496
831.81171	43.282982
831.86255	43.943207
831.91339	44.37212
831.96423	44.901825
832.01508	43.474194
832.06586	43.868462
832.1167	44.525364
832.16754	46.534813
832.21838	43.242893
832.26923	41.143856
832.32007	43.917809
832.37091	45.215118
832.42169	45.896908
832.47253	45.647408
832.52338	43.607361
832.57422	43.036659
832.62506	47.204052
832.6759	46.770382
832.72675	43.564892
832.77753	41.852749
832.82837	42.632954
832.87921	42.921463
832.93005	43.517384
832.9809	44.523838
833.03174	44.842606
833.08258	46.448341
833.13336	45.355331
833.1842	43.185623
833.23505	43.753326
833.28589	44.849709
833.33673	44.775482
833.38757	43.33408
833.43842	43.931862
833.4892	44.508163
833.54004	42.872692
833.59088	45.797733
833.64172	46.034645
833.69257	43.73595
833.74341	43.50515
833.79425	45.375504
833.84503	44.891712
833.89587	44.289509
833.94672	43.32486
833.99756	42.35107
834.0484	41.859871
834.09924	40.417366
834.15009	42.80423
834.20087	44.927879
834.25171	44.021118
834.30255	43.932117
834.35339	43.458496
834.40424	43.669586
834.45508	45.799995
834.50592	43.464523
834.5567	41.084129
834.60754	41.831066
834.65839	41.367371
834.70923	40.70483
834.76007	42.98661
834.81091	44.98801
834.86176	45.946892
834.91254	43.903595
834.96338	42.670315
835.01422	43.999271
835.06506	43.776524
835.11591	43.987732
835.16675	44.777882
835.21759	42.695763
835.26837	43.53476
835.31921	45.113422
835.37006	46.512119
835.4209	46.129128
835.47174	45.234028
835.52258	43.028896
835.57343	38.942417
835.62427	41.985065
835.67505	45.182858
835.72589	44.844681
835.77673	44.494785
835.82758	42.214882
835.87842	40.693932
835.92926	41.510723
835.9801	45.531895
836.03088	45.801167
836.08173	46.147346
836.13257	48.084892
836.18341	43.768528
836.23425	41.406742
836.2851	44.629932
836.33594	44.15733
836.38672	43.029995
836.43756	44.126694
836.4884	46.006809
836.53925	47.088543
836.59009	47.870853
836.64093	45.486092
836.69177	43.917973
836.74255	42.958496
836.7934	43.683537
836.84424	46.452713
836.89508	44.791775
836.94592	44.105003
836.99677	41.377151
837.04761	44.601456
837.09839	43.505566
837.14923	40.528858
837.20007	43.735992
837.25092	44.561146
837.30176	44.378941
837.3526	45.193501
837.40344	43.538055
837.45422	45.371376
837.50507	47.203556
837.55591	45.540283
837.60675	44.901184
837.65759	45.140488
837.70844	45.278267
837.75928	46.081223
837.81006	45.201599
837.8609	43.91394
837.91174	45.153305
837.96259	44.721169
838.01343	44.692387
838.06427	47.880337
838.11511	46.42907
838.16589	45.787914
838.21674	45.095478
838.26758	44.899708
838.31842	44.875996
838.36926	44.9519
838.4201	46.610916
838.47095	47.147705
838.52173	46.290333
838.57257	44.906822
838.62341	44.618645
838.67426	43.263222
838.7251	43.216187
838.77594	42.943588
838.82678	44.426277
838.87756	43.145958
838.92841	43.164646
838.97925	43.169407
839.03009	44.108505
839.08093	45.623302
839.13177	44.612175
839.18262	45.700851
839.2334	44.32938
839.28424	41.679981
839.33508	41.389328
839.38593	38.715126
839.43677	41.506897
839.48761	42.908413
839.53845	44.965748
839.58929	43.064461
839.64008	42.734364
839.69092	43.664276
839.74176	41.562378
839.7926	42.687817
839.84344	44.587379
839.89429	44.678272
839.94513	44.13744
839.99591	42.962357
840.04675	44.065845
840.0976	42.741028
840.14844	44.422253
840.19928	43.826866
840.25012	44.793987
840.30096	46.521786
840.35175	47.082409
840.40259	45.086288
840.45343	46.959007
840.50427	46.786091
840.55511	43.673481
840.60596	42.487045
840.6568	43.971622
840.70758	41.922001
840.75842	47.179821
840.80927	42.86446
840.86011	44.196598
840.91095	45.734711
840.96179	39.755733
841.01263	40.563457
841.06342	43.609142
841.11426	42.047714
841.1651	47.448738
841.21594	45.41338
841.26678	43.668335
841.31763	43.725807
841.36847	43.607204
841.41925	42.6572
841.47009	46.48875
841.52094	43.676651
841.57178	44.527596
841.62262	44.025448
841.67346	46.305584
841.7243	44.887081
841.77509	47.597214
841.82593	42.806458
841.87677	45.725853
841.92761	44.54826
841.97845	44.347313
842.0293	46.354652
842.08014	46.997086
842.13092	47.281109
842.18176	45.027344
842.2326	43.797943
842.28345	44.771748
842.33429	41.166622
842.38513	45.961559
842.43597	46.358719
842.48676	46.053135
842.5376	47.00388
842.58844	48.042778
842.63928	46.108028
842.69012	43.38562
842.74097	41.237946
842.79181	43.219883
842.84259	41.731812
842.89343	40.241203
842.94427	40.959114
842.99512	44.204407
843.04596	47.962456
843.0968	44.066563
843.14764	45.371677
843.19843	44.254021
843.24927	46.592064
843.30011	46.607967
843.35095	44.616962
843.40179	45.357353
843.45264	48.35675
843.50348	44.590099
843.55426	45.478657
843.6051	45.285843
843.65594	43.757946
843.70679	47.176865
843.75763	48.905563
843.80847	45.54855
843.85931	42.368084
843.91016	42.182129
843.96094	42.849476
844.01178	45.23872
844.06262	44.3479
844.11346	44.865288
844.16431	44.547863
844.21515	46.174316
844.26599	45.59893
844.31677	42.743378
844.36761	47.477627
844.41846	43.152306
844.4693	39.852448
844.52014	43.982586
844.57098	48.001629
844.62183	43.158775
844.67261	45.07526
844.72345	43.418003
844.77429	44.077309
844.82513	47.262531
844.87598	44.762043
844.92682	49.190548
844.97766	44.265518
845.02844	44.135544
845.07928	41.753422
845.13013	43.423458
845.18097	40.551041
845.23181	39.682072
845.28265	47.974846
845.3335	46.774242
845.38428	45.210499
845.43512	41.981903
845.48596	40.937
845.5368	41.852695
845.58765	41.069683
845.63849	45.160469
845.68933	45.80999
845.74011	48.554852
845.79095	48.628349
845.8418	43.377167
845.89264	43.767597
845.94348	42.877186
845.99432	43.793152
846.04517	41.899841
846.09595	47.089725
846.14679	42.517704
846.19763	43.04657
846.24847	46.320599
846.29932	44.652287
846.35016	43.439827
846.401	39.751076
846.45178	44.239201
846.50262	42.697338
846.55347	42.222382
846.60431	43.5415
846.65515	44.427208
846.70599	48.489784
846.75684	44.915043
846.80762	46.984173
846.85846	43.832748
846.9093	42.844856
846.96014	41.180035
847.01099	47.634876
847.06183	44.983356
847.11267	39.356869
847.16345	42.42276
847.21429	48.649658
847.26514	41.16713
847.31598	43.959564
847.36682	45.57214
847.41766	47.776169
847.46851	42.889385
847.51929	40.870293
847.57013	39.118622
847.62097	45.432125
847.67181	47.049721
847.72266	42.44978
847.7735	40.516689
847.82434	43.231316
847.87512	47.357319
847.92596	46.333725
847.97681	46.160717
848.02765	47.919735
848.07849	46.370422
848.12933	49.427616
848.18018	47.655991
848.23102	44.002205
848.2818	49.007366
848.33264	46.158852
848.38348	43.113495
848.43433	43.848083
848.48517	44.478924
848.53601	43.488464
848.58685	47.426445
848.63763	47.623333
848.68848	43.066315
848.73932	45.214764
848.79016	45.56881
848.841	44
848.89185	42.48106
848.94269	38.201519
848.99347	42.857883
849.04431	43.562923
849.09515	41.780636
849.146	43.541054
849.19684	50.873516
849.24768	45.665554
849.29852	49.113403
849.3493	50.215084
849.40015	40.540039
849.45099	40.765205
849.50183	41.992031
849.55267	43.086391
849.60352	42.555363
849.65436	44.067051
849.70514	39.145218
849.75598	43.849621
849.80682	42.108212
849.85767	44.820572
849.90851	47.540039
849.95935	47.306587
850.01019	47.584934
850.06097	48.54073
850.11182	41.955685
850.16266	46.303268
850.2135	45.540039
850.26434	45.540039
850.31519	46.131561
850.36603	46.682579
850.41681	44.476971
850.46765	49.082367
850.51849	44.540039
850.56934	44.294235
850.62018	42.173679
850.67102	39.732235
850.72186	45.496582
850.77264	46.635857
850.82349	44.786587
850.87433	43.295979
850.92517	46.298462
850.97601	48.540043
851.02686	49.424641
851.0777	50.717518
851.12848	46.108593
851.17932	44.956112
851.23016	47.178707
851.28101	42.92511
851.33185	43.961773
851.38269	41.12328
851.43353	45.92696
851.48431	46.61058
851.53516	45.395546
851.586	44.607689
851.63684	42.312321
851.68768	39.814732
851.73853	43.912964
851.78937	47.078922
851.84015	42.55228
851.89099	44.830906
851.94183	47.278133
851.99268	47.720173
852.04352	44.903786
852.09436	41.236168
852.1452	45.670605
852.19604	47.998833
852.24683	52.426559
852.29767	48.978718
852.34851	45.02816
852.39935	46.79932
852.4502	46.331581
852.50104	47.773155
852.55188	43.380104
852.60266	43.160576
852.6535	45.174622
852.70435	47.657341
852.75519	44.679058
852.80603	45.468594
852.85687	46.540039
852.90771	46.540039
852.9585	45.304852
853.00934	43.780033
853.06018	46.995594
853.11102	48
853.16187	47.539063
853.21271	47.953526
853.26355	47.982639
853.31433	41.540039
853.36517	44.584484
853.41602	50.52718
853.46686	49.865929
853.5177	46.277031
853.56854	42.635033
853.61938	51.346066
853.67017	47.001541
853.72101	46.520245
853.77185	46.844948
853.82269	42.894089
853.87354	46.715557
853.92438	47.291088
853.97522	44.185673
854.026	45.736664
854.07684	46.608471
854.12769	47.499149
854.17853	51.022533
854.22937	44.832077
854.28021	43.184025
854.33105	43.614182
854.38184	44.986168
854.43268	45.082733
854.48352	45.548225
854.53436	44.094933
854.58521	47.46804
854.63605	46.678608
854.68689	44.16901
854.73767	45.980556
854.78851	43.954021
854.83936	52.805824
854.8902	51.21426
854.94104	42.157593
854.99188	42.870323
855.04272	45.595245
855.09351	45.553116
855.14435	44.390579
855.19519	46.389862
855.24603	50.30014
855.29688	52.206642
855.34772	49.802425
855.39856	47.815121
855.44934	48.129841
855.50018	49.406013
855.55103	48.99622
855.60187	47.129463
855.65271	48.796734
855.70355	49.507896
855.75439	47.060169
855.80518	49.991203
855.85602	51.578041
855.90686	48.876568
855.9577	45.803726
856.00854	44.878948
856.05939	48.319893
856.11023	53.565979
856.16101	51.05521
856.21185	48.540035
856.2627	48.301704
856.31354	46.022636
856.36438	44.637005
856.41522	46.690907
856.46606	50.247265
856.51691	49.663731
856.56769	46.367794
856.61853	47.541485
856.66937	48.632668
856.72021	48.898197
856.77106	45.386028
856.8219	43.286724
856.87274	47.717403
856.92352	46.840942
856.97437	44.068302
857.02521	45.665779
857.07605	49.764881
857.12689	52.43536
857.17773	45.539204
857.22858	42.794193
857.27936	42.03286
857.3302	47.722412
857.38104	48.288097
857.43188	46.544388
857.48273	50.274921
857.53357	48.237255
857.58441	47.577003
857.63519	48.751747
857.68604	47.485481
857.73688	48.313541
857.78772	48.739536
857.83856	44.861801
857.8894	44.912071
857.94025	44.898491
857.99103	44.666241
858.04187	45.71743
858.09271	47.974041
858.14355	48.919838
858.1944	45.36681
858.24524	42.994148
858.29608	45.535278
858.34686	49.103649
858.39771	53.330387
858.44855	47.635502
858.49939	45.224991
858.55023	48.799263
858.60107	49.566822
858.65192	49.737789
858.7027	49.540039
858.75354	50.38076
858.80438	50.421417
858.85522	50.314205
858.90607	44.958557
858.95691	44.259205
859.00775	46.812126
859.05853	47.321205
859.10938	46.942013
859.16022	47.416142
859.21106	47.713985
859.2619	49.314316
859.31274	49.877911
859.36359	47.964439
859.41437	43.649105
859.46521	43.95681
859.51605	47.002907
859.56689	47.987778
859.61774	49.75296
859.66858	45.947491
859.71942	46.727032
859.7702	45.759212
859.82104	48.97731
859.87189	49.829197
859.92273	48.653713
859.97357	47.468281
860.02441	48.206833
860.07526	47.830547
860.12604	42.565784
860.17688	41.946449
860.22772	43.304668
860.27856	51.218143
860.32941	53.608578
860.38025	53.190121
860.43109	52.443184
860.48193	51.326839
860.53271	45.140324
860.58356	40.969395
860.6344	42.598862
860.68524	47.356468
860.73608	47.984692
860.78693	44.087219
860.83777	50.957996
860.88855	53.721188
860.93939	52.247486
860.99023	55.160252
861.04108	53.427177
861.09192	52.111107
861.14276	51.138157
861.1936	48.906239
861.24438	48.589249
861.29523	46.157879
861.34607	43.852306
861.39691	46.211529
861.44775	46.860229
861.4986	45.841015
861.54944	52.348427
861.60022	45.257305
861.65106	45.860977
861.7019	48.877449
861.75275	44.112473
861.80359	46.84668
861.85443	46.978157
861.90527	49.887806
861.95605	47.889015
862.0069	45.714935
862.05774	46.997204
862.10858	47.316025
862.15942	47.213882
862.21027	49.393417
862.26111	48.18021
862.31189	48.096516
862.36273	50.991352
862.41357	50.644855
862.46442	49.980682
862.51526	43.338455
862.5661	45.09502
862.61694	45.644119
862.66772	45.570683
862.71857	42.570961
862.76941	44.454407
862.82025	44.84108
862.87109	50.607738
862.92194	51.006035
862.97278	48.432949
863.02356	47.909832
863.0744	51.464455
863.12524	51.97966
863.17609	52.083599
863.22693	46.921806
863.27777	45.819431
863.32861	47.237667
863.37939	42.838619
863.43024	46.099327
863.48108	47.264172
863.53192	51.840988
863.58276	49.880627
863.63361	46.236393
863.68445	47.167561
863.73523	53.063412
863.78607	47.932411
863.83691	48.790363
863.88776	46.477726
863.9386	44.516251
863.98944	46.918213
864.04028	49.556843
864.09106	47.709896
864.14191	47.203949
864.19275	55.603802
864.24359	44.047768
864.29443	51.675964
864.34528	48.714348
864.39612	50.49929
864.4469	50.846073
864.49774	48.117836
864.54858	47.161888
864.59943	47.20089
864.65027	47.12154
864.70111	49.118622
864.75195	44.607044
864.8028	47.393642
864.85358	47.335526
864.90442	48.483086
864.95526	45.732574
865.0061	41.770733
865.05695	50.582798
865.10779	45.479378
865.15863	48.52346
865.20941	46.059853
865.26025	45.355183
865.3111	44.811993
865.36194	47.721928
865.41278	46.253952
865.46362	54.983624
865.51447	51.796295
865.56525	48.682854
865.61609	50.722027
865.66693	46.786457
865.71777	48.994312
865.76862	43.380264
865.81946	47.074589
865.8703	46.383255
865.92108	45.351395
865.97192	48.853714
866.02277	50.170773
866.07361	46.863842
866.12445	53.889412
866.17529	49.494469
866.22614	46.949543
866.27692	45.314671
866.32776	47.027733
866.3786	48.971935
866.42944	49.286221
866.48029	50.062244
866.53113	47.977077
866.58197	51.15086
866.63275	52.971581
866.68359	50.747585
866.73444	49.741486
866.78528	48.186546
866.83612	47.433075
866.88696	51.654884
866.93781	49.263741
866.98859	48.837601
867.03943	49.097374
867.09027	48.886021
867.14111	49.65078
867.19196	49.054726
867.2428	47.694103
867.29364	50.827892
867.34442	49.480968
867.39526	48.013767
867.44611	52.235886
867.49695	50.944016
867.54779	47.424358
867.59863	47.308044
867.64948	46.299892
867.70026	47.829178
867.7511	46.752724
867.80194	51.01738
867.85278	48.827583
867.90363	48.802395
867.95447	48.426617
868.00531	49.63168
868.05609	51.35688
868.10693	48.056801
868.15778	47.027935
868.20862	49.595169
868.25946	49.364323
868.3103	50.453743
868.36115	47.006908
868.41193	45.43111
868.46277	47.184444
868.51361	43.601826
868.56445	44.567291
868.6153	49.160778
868.66614	51.171844
868.71698	47.389378
868.76782	48.740017
868.8186	50.654251
868.86945	47.67345
868.92029	46.964722
868.97113	45.14106
869.02197	45.855621
869.07281	46.741787
869.12366	51.701412
869.17444	52.9389
869.22528	53.224857
869.27612	53.600136
869.32697	51.720928
869.37781	48.96431
869.42865	47.702644
869.47949	47.448494
869.53027	49.056374
869.58112	49.81332
869.63196	50.478271
869.6828	53.082809
869.73364	52.62941
869.78448	50.779114
869.83533	48.827522
869.88611	47.60947
869.93695	48.107315
869.98779	50.233864
870.03864	53.309471
870.08948	50.501873
870.14032	52.938305
870.19116	51.388851
870.24194	49.556248
870.29279	50.269444
870.34363	48.728943
870.39447	48.770535
870.44531	50.962761
870.49615	49.756733
870.547	50.741341
870.59778	51.188255
870.64862	49.783791
870.69946	50.321438
870.75031	52.198025
870.80115	52.953831
870.85199	52.108829
870.90283	48.32616
870.95361	46.268906
871.00446	46.929817
871.0553	47.345184
871.10614	46.863495
871.15698	48.593575
871.20782	51.734501
871.25867	51.264797
871.30945	50.836239
871.36029	49.700981
871.41113	48.458981
871.46198	46.500317
871.51282	47.119854
871.56366	48.600388
871.6145	47.402672
871.66528	47.973156
871.71613	49.114384
871.76697	51.635162
871.81781	52.098671
871.86865	51.637363
871.91949	50.391518
871.97034	50.168697
872.02112	50.5252
872.07196	52.423626
872.1228	48.704098
872.17365	48.842941
872.22449	47.98214
872.27533	45.341618
872.32617	50.265179
872.37695	50.788483
872.4278	52.439426
872.47864	48.462894
872.52948	51.40527
872.58032	51.740253
872.63116	47.968231
872.68201	46.498447
872.73279	49.832531
872.78363	49.968487
872.83447	48.503605
872.88531	48.941689
872.93616	49.610374
872.987	52.46088
873.03784	48.561436
873.08868	51.133305
873.13947	49.464489
873.19031	51.531898
873.24115	49.581791
873.29199	49.67355
873.34283	47.867027
873.39368	46.935135
873.44452	49.438663
873.4953	49.85593
873.54614	51.016186
873.59698	47.62748
873.64783	47.709259
873.69867	48.388184
873.74951	49.90715
873.80035	47.507008
873.85114	49.883228
873.90198	52.902538
873.95282	51.489716
874.00366	49.900764
874.0545	48.582985
874.10535	49.168468
874.15619	46.728127
874.20697	44.05629
874.25781	45.423656
874.30865	49.162128
874.3595	52.376408
874.41034	49.576321
874.46118	51.965466
874.51202	55.56562
874.56281	52.334316
874.61365	45.630367
874.66449	45.226471
874.71533	44.441727
874.76617	47.3974
874.81702	50.510067
874.86786	50.292992
874.91864	49.782536
874.96948	51.360676
875.02032	50.829552
875.07117	46.957279
875.12201	46.788357
875.17285	51.697826
875.22369	45.750004
875.27448	50.025303
875.32532	51.043915
875.37616	48.241638
875.427	46.698166
875.47784	46.965515
875.52869	48.379822
875.57953	50.149685
875.63031	51.293137
875.68115	52.455444
875.73199	49.566658
875.78284	45.304455
875.83368	46.642731
875.88452	50.689976
875.93536	49.898716
875.98615	49.681862
876.03699	49.518108
876.08783	48.608009
876.13867	46.535938
876.18951	50.122456
876.24036	47.873608
876.2912	48.411274
876.34198	50.153454
876.39282	48.469048
876.44366	51.344803
876.49451	54.771339
876.54535	49.204594
876.59619	44.655491
876.64703	46.983471
876.69781	46.584183
876.74866	49.723469
876.7995	50.054134
876.85034	49.385372
876.90118	49.729244
876.95203	43.42622
877.00287	46.243694
877.05365	47.475624
877.10449	46.550392
877.15533	46.631874
877.20618	45.193138
877.25702	44.404072
877.30786	44.298225
877.3587	44.180489
877.40955	47.604065
877.46033	46.777355
877.51117	45.174362
877.56201	46.364876
877.61285	48.077011
877.6637	47.863892
877.71454	45.224403
877.76538	52.461937
877.81616	49.433399
877.867	45.866589
877.91785	44.887268
877.96869	43.649536
878.01953	42.824532
878.07037	39.777046
878.12122	45.467754
878.172	43.183968
878.22284	44.544022
878.27368	41.903587
878.32452	44.392784
878.37537	42.422691
878.42621	45.618591
878.47705	35.94025
878.52783	45.336365
878.57867	49.102516
878.62952	45.549721
878.68036	44.166149
878.7312	45.508327
878.78204	42.063278
878.83289	42.68037
878.88367	51.064068
878.93451	36.668312
878.98535	46.138405
879.03619	45.884022
879.08704	43.081207
879.13788	43.71339
879.18872	51.385208
879.2395	47.890774
879.29034	46.748615
879.34119	44.124409
879.39203	43.043594
879.44287	46.798595
879.49371	45.685318
879.54456	45.988384
879.59534	49.535988
879.64618	47.06369
879.69702	43.70216
879.74786	37.727493
879.79871	48.516491
879.84955	48.004063
879.90039	37.655846
879.95117	39.64357
880.00201	45.63784
880.05286	45.945251
880.1037	40.582458
880.15454	37.050362
880.20538	39.847759
880.25623	48.439682
880.30701	41.635742
880.35785	41.746471
880.40869	44.485371
880.45953	41.074936
880.51038	42.686005
880.56122	43.710384
880.61206	44.585861
880.66284	38.040443
880.71368	38.252151
880.76453	33.408672
880.81537	38.635742
880.86621	38.554325
880.91705	37.893341
880.9679	40.217056
881.01868	36.534088
881.06952	41.771103
881.12036	42.962238
881.1712	42.350765
881.22205	40
881.27289	40.308811
881.32373	43.293819
881.37457	47.491486
881.42535	43.162601
881.4762	38.229412
881.52704	42.56192
881.57788	45.947144
881.62872	45.088242
881.67957	41.844963
881.73041	41.318977
881.78119	42.940212
881.83203	42.697517
881.88287	42.129765
881.93372	39.541462
881.98456	45.969784
882.0354	43.119904
882.08624	43.828796
882.13702	42.930126
882.18787	35.595596
882.23871	35.585289
882.28955	41.847813
882.34039	42.635742
882.39124	42.494499
882.44208	42.144249
882.49286	41.706623
882.5437	39.819393
882.59454	41.703964
882.64539	37.206684
882.69623	41.40517
882.74707	40.406578
882.79791	41.851555
882.84869	40.168079
882.89954	40.278225
882.95038	36.635742
883.00122	36.738323
883.05206	37.182083
883.10291	38.325439
883.15375	40
883.20453	38.984577
883.25537	35.715801
883.30621	36.24799
883.35706	41.249134
883.4079	39.313313
883.45874	37.116615
883.50958	35.209068
883.56036	38.311356
883.61121	38.265064
883.66205	37.155964
883.71289	40
883.76373	41.303246
883.81458	40.491322
883.86542	35.973473
883.9162	38.384216
883.96704	37.874622
884.01788	34.859726
884.06873	36.195824
884.11957	38.635746
884.17041	36.777443
884.22125	36.69281
884.27203	39.40134
884.32288	38.621948
884.37372	40.69075
884.42456	40.936871
884.4754	40
884.52625	40.278824
884.57709	40.635742
884.62787	39.451336
884.67871	38.454361
884.72955	39
884.7804	39.465691
884.83124	39.828304
884.88208	39.158726
884.93292	41.707645
884.9837	41.585712
885.03455	36.342094
885.08539	35.81424
885.13623	36.816368
885.18707	37.33123
885.23792	38.515453
885.28876	37.767941
885.33954	37.689308
885.39038	35.102566
885.44122	34.152439
885.49207	36.543774
885.54291	35.901123
885.59375	39.793713
885.64459	42.514214
885.69543	38.443501
885.74622	37.507889
885.79706	38.268436
885.8479	37.204063
885.89874	37.813911
885.94958	39.230488
886.00043	39.85471
886.05127	36.963585
886.10205	36.002621
886.15289	39.110184
886.20374	42.508564
886.25458	39.226177
886.30542	34.960461
886.35626	37.852242
886.4071	42.592545
886.45789	38.531445
886.50873	38.273598
886.55957	39.635742
886.61041	36.277729
886.66125	36.915573
886.7121	37.316673
886.76294	35.371048
886.81372	38.113216
886.86456	38.488228
886.91541	34.913643
886.96625	38.172523
887.01709	37.122459
887.06793	37.450775
887.11877	40.657917
887.16956	38.685314
887.2204	40.610092
887.27124	36.384644
887.32208	37.935654
887.37292	36.437157
887.42377	33.330608
887.47461	35.733028
887.52539	37.416672
887.57623	33.988079
887.62708	37.755123
887.67792	33.114861
887.72876	36.759323
887.7796	34.457535
887.83044	34.751148
887.88123	36.648499
887.93207	40.018124
887.98291	34.778141
888.03375	36.163727
888.08459	38.643826
888.13544	35.579216
888.18628	35
888.23706	32.396805
888.2879	35.497807
888.33875	36
888.38959	33.902576
888.44043	36.317387
888.49127	37.863129
888.54211	36.187138
888.5929	36
888.64374	37.503376
888.69458	36.709881
888.74542	37.568489
888.79626	35.75877
888.84711	41.651825
888.89795	38.191315
888.94873	36.081898
888.99957	39.859058
889.05042	36.731281
889.10126	36.01368
889.1521	33.047485
889.20294	33
889.25378	38.623974
889.30457	38.62616
889.35541	36.62833
889.40625	35.924316
889.45709	31.732628
889.50793	35.542439
889.55878	32.901611
889.60962	39.50116
889.66046	36.602848
889.71124	36.037224
889.76208	36.787743
889.81293	38.689392
889.86377	34.742222
889.91461	36
889.96545	36.18362
890.0163	38.35881
890.06708	40.896755
890.11792	35.463848
890.16876	41.164696
890.2196	35.378628
890.27045	37.951523
890.32129	37.775711
890.37213	38.782589
890.42291	38.9231
890.47375	35.423321
890.5246	37.361774
890.57544	36.633957
890.62628	40.360729
890.67712	42.676342
890.72797	38.42329
890.77875	38.604328
890.82959	42.377037
890.88043	39.245956
890.93127	30.946383
890.98212	32.117329
891.03296	36.54213
891.0838	35.661198
891.13458	37.516563
891.18542	36.119202
891.23627	35.7938
891.28711	38.367725
891.33795	38.250713
891.38879	33.93185
891.43964	32.441807
891.49042	32.915565
891.54126	34.301376
891.5921	36.265747
891.64294	35.851357
891.69379	34.449062
891.74463	36.450851
891.79547	39.196194
891.84625	34.21962
891.89709	36.277851
891.94794	37.897861
891.99878	35.740986
892.04962	35.948307
892.10046	37.293194
892.15131	37.523052
892.20209	36.009605
892.25293	37.708145
892.30377	37.812466
892.35461	32.978638
892.40546	29.558294
892.4563	32.582893
892.50714	35.759483
892.55792	33.706753
892.60876	35.012451
892.65961	38.209988
892.71045	38.367752
892.76129	38.984268
892.81213	37.568367
892.86298	36.377468
892.91376	36.349934
892.9646	36.383072
893.01544	35.281296
893.06628	36.054211
893.11713	38.547043
893.16797	37.144855
893.21881	34.041653
893.26959	35.959126
893.32043	34.228951
893.37128	36.54726
893.42212	37.708233
893.47296	38.032715
893.5238	38.389782
893.57465	37.831638
893.62543	36.201351
893.67627	36.300968
893.72711	37.357357
893.77795	37.211002
893.8288	35.770084
893.87964	34.967892
893.93048	38.401623
893.98132	37.572231
894.0321	35.755672
894.08295	37.653957
894.13379	37.073143
894.18463	35.764278
894.23547	37.016441
894.28632	36.551846
894.33716	34.350407
894.38794	33.621094
894.43878	34.617424
894.48962	35.720856
894.54047	33.864635
894.59131	37.724205
894.64215	35.280727
894.69299	35.830563
894.74377	36.502743
894.79462	36.999924
894.84546	35.792862
894.8963	36.321228
894.94714	35.94989
894.99799	34.816589
895.04883	36.049774
895.09961	34.53355
895.15045	31.831284
895.20129	32.951527
895.25214	34.387161
895.30298	35.88615
895.35382	37.967094
895.40466	35.567108
895.45544	34.785271
895.50629	35.504105
895.55713	36.498539
895.60797	31.984728
895.65881	36.322628
895.70966	34.142982
895.7605	37.393059
895.81128	31.67848
895.86212	35.273529
895.91296	33.894348
895.96381	36.661198
896.01465	36.924503
896.06549	32.922077
896.11633	35.271248
896.16711	33.698215
896.21796	37.332142
896.2688	36.75761
896.31964	37.78154
896.37048	36.456547
896.42133	35.846466
896.47217	38.212418
896.52295	37.216393
896.57379	36.551239
896.62463	33.943146
896.67548	35.889988
896.72632	35.322269
896.77716	36.243908
896.828	33.8284
896.87878	33.87104
896.92963	35.881008
896.98047	37.099312
897.03131	35.72702
897.08215	35.001152
897.133	35.807217
897.18384	38.008572
897.23462	36.033768
897.28546	35.483517
897.3363	37.664806
897.38715	34.180573
897.43799	35.854977
897.48883	36.386799
897.53967	34.77042
897.59045	37.558495
897.6413	38.327213
897.69214	33.260155
897.74298	35.621235
897.79382	34.842144
897.84467	36.792477
897.89551	37.43013
897.94635	35.52285
897.99713	36.162365
898.04797	36.181656
898.09882	33.328228
898.14966	33.141106
898.2005	34.568378
898.25134	36.194618
898.30219	34.132862
898.35297	33.084438
898.40381	33.618015
898.45465	35.183693
898.50549	36.90406
898.55634	36.255848
898.60718	35.04047
898.65802	34.758759
898.7088	35.255699
898.75964	33.278652
898.81049	33.624352
898.86133	34.148941
898.91217	33.588009
898.96301	33.525009
899.01385	34.617378
899.06464	35.54105
899.11548	35.950645
899.16632	34.018734
899.21716	33.346642
899.26801	35.200542
899.31885	35.338909
899.36969	35.20089
899.42047	33.404549
899.47131	34.361664
899.52216	32.524239
899.573	32.855305
899.62384	35.132408
899.67468	36.017902
899.72552	36.105251
899.77631	34.879665
899.82715	35.566406
899.87799	34.834461
899.92883	32.282532
899.97968	35.277905
900.03052	37.594189
900.08136	36.526112
900.13214	36.242992
900.18298	37.537369
900.23383	34.770359
900.28467	34.521576
900.33551	34.311195
900.38635	34.11544
900.43719	36.992744
900.48798	37.097141
900.53882	33.673714
900.58966	33.72073
900.6405	34.176838
900.69135	34.386082
900.74219	35.989323
900.79303	35.064022
900.84381	34.498367
900.89465	36.242382
900.9455	33.924133
900.99634	36.474312
901.04718	36.714886
901.09802	37.384457
901.14886	36.428699
901.19965	35.677002
901.25049	34.751942
901.30133	34.656326
901.35217	35.191402
901.40302	33.70002
901.45386	35.163605
901.5047	36.460659
901.55548	34.665585
901.60632	32.265263
901.65717	34.091438
901.70801	36.967815
901.75885	35.893757
901.80969	33.572823
901.86053	36.793755
901.91132	36.668438
901.96216	36.109859
902.013	35.849747
902.06384	36.708488
902.11469	33.620544
902.16553	33.703354
902.21637	35.014496
902.26721	35.143253
902.31799	34.752575
902.36884	30.819149
902.41968	36.246582
902.47052	38.277744
902.52136	36.823303
902.5722	34.69426
902.62305	35.589737
902.67383	34.912941
902.72467	33.85545
902.77551	31.830799
902.82635	36.480034
902.8772	37.731934
902.92804	36.996693
902.97888	37.477222
903.02966	36.621506
903.08051	35.537659
903.13135	33.79879
903.18219	35.512928
903.23303	31.495525
903.28387	34.778435
903.33472	33.531765
903.3855	34.475994
903.43634	36.199078
903.48718	35.925743
903.53802	34.394093
903.58887	33.598122
903.63971	34.746754
903.69055	34.979549
903.74133	35.214817
903.79218	33.991623
903.84302	34.227139
903.89386	35.056412
903.9447	32.148273
903.99554	35.909355
904.04639	34.504974
904.09717	37.184963
904.14801	34.428493
904.19885	33.068542
904.24969	35.812588
904.30054	37.104691
904.35138	34.417568
904.40222	34.25703
904.453	37.759445
904.50385	37.629738
904.55469	35.167507
904.60553	37.141068
904.65637	33.966019
904.70721	36.190914
904.75806	35.077087
904.80884	36.15369
904.85968	36.686405
904.91052	34.559334
904.96136	35.559551
905.01221	35.320259
905.06305	33.731171
905.11389	35.804691
905.16467	34.279224
905.21552	31.852613
905.26636	33.874893
905.3172	34.257301
905.36804	33.280575
905.41888	33.794537
905.46973	35.756893
905.52051	36.250305
905.57135	35.883572
905.62219	37.190468
905.67303	34.937004
905.72388	34.329582
905.77472	33.729454
905.82556	33.021278
905.87634	33.682926
905.92719	33.757294
905.97803	34.192371
906.02887	35.240269
906.07971	34.977364
906.13055	34.065197
906.1814	34.28001
906.23218	33.993694
906.28302	32.412777
906.33386	34.56953
906.3847	34.591648
906.43555	34.93013
906.48639	32.163124
906.53723	37.18441
906.58807	34.890095
906.63885	36.434708
906.6897	35.484684
906.74054	34.226292
906.79138	36.110832
906.84222	37.057487
906.89307	37.356308
906.94391	37.285866
906.99469	34.062126
907.04553	32.643497
907.09637	36.366856
907.14722	38.377594
907.19806	36.907459
907.2489	35.321644
907.29974	34.225872
907.35052	36.403641
907.40137	36.127563
907.45221	35.61718
907.50305	35.269554
907.55389	36.650784
907.60474	37.30249
907.65558	37.340206
907.70636	36.090416
907.7572	34.689781
907.80804	35.695847
907.85889	34.708054
907.90973	33.802979
907.96057	36.253082
908.01141	34.622318
908.06219	36.124966
908.11304	35.768532
908.16388	36.120457
908.21472	36.403488
908.26556	32.82634
908.31641	33.232758
908.36725	35.71439
908.41803	35.856396
908.46887	36.576847
908.51971	32.968102
908.57056	35.250088
908.6214	35.57843
908.67224	38.397774
908.72308	37.879395
908.77386	35.619522
908.82471	35.950768
908.87555	34.820553
908.92639	33.457237
908.97723	36.755672
909.02808	34.867928
909.07892	37.349827
909.1297	36.947506
909.18054	35.834515
909.23138	36.639183
909.28223	35.782047
909.33307	28.726982
909.38391	37.052219
909.43475	33.783226
909.48553	37.129566
909.53638	34.445492
909.58722	36.459206
909.63806	37.371159
909.6889	35.067837
909.73975	34.08308
909.79059	35.787579
909.84137	32.595509
909.89221	37.450294
909.94305	38.682026
909.9939	33.445892
910.04474	34.848042
910.09558	36.693077
910.14642	36.842911
910.1972	33.877537
910.24805	33.998158
910.29889	34.012783
910.34973	30.210581
910.40057	30.10841
910.45142	34.041775
910.50226	39.438759
910.5531	31.273403
910.60388	34.87286
910.65472	35.046089
910.70557	36.076202
910.75641	37.82378
910.80725	36.995617
910.85809	37.357311
910.90894	33.392246
910.95972	36.821701
911.01056	35.243835
911.0614	36.487587
911.11224	34.231392
911.16309	36.461536
911.21393	34.300987
911.26477	35.83334
911.31555	34.688175
911.36639	33.9305
911.41724	41.622341
911.46808	36.34272
911.51892	34.77895
911.56976	37.308048
911.62061	35.311188
911.67139	35.069809
911.72223	33.033733
911.77307	35.859982
911.82391	34.298882
911.87476	36.403587
911.9256	33.033577
911.97644	35.607162
912.02722	33.703365
912.07806	34.667416
912.12891	38.94664
912.17975	38.242561
912.23059	38.527618
912.28143	39.8722
912.33228	36.198708
912.38306	36.757328
912.4339	34.83976
912.48474	37.67717
912.53558	37.459957
912.58643	37.043861
912.63727	36.975563
912.68811	35.759254
912.73889	36.2869
912.78973	36.869385
912.84058	37.394314
912.89142	36.817947
912.94226	35.242279
912.9931	37.319168
913.04395	35.929165
913.09473	37.782898
913.14557	36.830067
913.19641	35.479637
913.24725	34.693855
913.2981	34.261585
913.34894	35.569794
913.39978	35.344265
913.45056	37.302929
913.5014	36.431232
913.55225	35.126846
913.60309	36.784153
913.65393	37.319897
913.70477	35.161095
913.75562	34.420227
913.8064	35.92897
913.85724	34.79771
913.90808	35.784424
913.95892	35.598995
914.00977	36.571007
914.06061	35.174335
914.11145	36.462482
914.16223	36.152676
914.21307	34.849247
914.26392	34.370892
914.31476	32.566124
914.3656	36.64336
914.41644	34.581375
914.46729	37.549885
914.51807	40.064739
914.56891	35.872608
914.61975	32.924026
914.67059	33.93243
914.72144	34.119671
914.77228	33.555668
914.82312	35.556263
914.87396	33.296299
914.92474	33.96875
914.97559	37.228764
915.02643	37.365795
915.07727	36.388252
915.12811	35.401947
915.17896	35.985321
915.2298	38.594261
915.28058	33.88932
915.33142	35.788326
915.38226	35.3881
915.43311	35.394627
915.48395	33.869484
915.53479	36.014835
915.58563	37.4235
915.63641	33.930851
915.68726	37.266788
915.7381	34.659298
915.78894	38.996922
915.83978	34.013641
915.89063	37.065964
915.94147	34.772423
915.99225	31.145126
916.04309	36.301022
916.09393	37.627796
916.14478	36.22369
916.19562	38.613327
916.24646	36.339222
916.2973	35.755795
916.34808	37.010777
916.39893	30.727715
916.44977	33.524872
916.50061	36.226593
916.55145	34.018749
916.60229	39.882378
916.65314	35.900581
916.70392	32.292797
916.75476	35.661785
916.8056	34.534531
916.85645	33.755157
916.90729	36.424248
916.95813	38.297432
917.00897	37.543468
917.05975	36.169678
917.1106	35.799858
917.16144	36.347492
917.21228	36.609463
917.26312	38.492035
917.31396	35.052395
917.36481	34.547817
917.41559	35.239651
917.46643	34.843033
917.51727	35.807835
917.56812	34.980587
917.61896	34.212563
917.6698	36.406326
917.72064	35.834579
917.77142	35.207436
917.82227	35.934387
917.87311	36.398777
917.92395	34.260918
917.97479	35.087307
918.02563	34.310879
918.07648	35.32679
918.12726	35.3526
918.1781	34.865112
918.22894	36.065365
918.27979	37.063644
918.33063	37.987495
918.38147	35.337631
918.43231	34.975479
918.48309	34.307163
918.53394	33.96619
918.58478	37.01033
918.63562	36.261814
918.68646	34.557121
918.7373	35.710506
918.78815	36.627419
918.83899	36.126572
918.88977	35.594425
918.94061	34.632641
918.99146	35.474323
919.0423	36.64315
919.09314	34.662861
919.14398	36.605755
919.19482	37.001518
919.24561	35.361328
919.29645	36.133842
919.34729	34.986465
919.39813	35.871517
919.44897	34.575321
919.49982	34.983196
919.55066	33.982777
919.60144	35.366325
919.65228	34.501942
919.70313	36.392719
919.75397	35.384098
919.80481	36.114162
919.85565	36.945744
919.90649	34.722271
919.95728	34.359356
920.00812	33.428055
920.05896	33.438438
920.1098	35.119812
920.16064	36.178337
920.21149	35.501091
920.26233	37.941654
920.31311	34.575153
920.36395	34.927593
920.41479	35.355206
920.46564	34.592278
920.51648	34.389843
920.56732	33.719196
920.61816	38.82663
920.66895	34.456673
920.71979	33.165596
920.77063	35.233978
920.82147	35.319584
920.87231	36.223572
920.92316	36.575508
920.974	36.901665
921.02478	32.712158
921.07562	40.257046
921.12646	35.888596
921.17731	33.845364
921.22815	32.94664
921.27899	36.783043
921.32983	32.343349
921.38062	35.155571
921.43146	39.215248
921.4823	33.734093
921.53314	34.848751
921.58398	35.312374
921.63483	34.241859
921.68567	36.27504
921.73645	37.265633
921.78729	36.74651
921.83813	37.359367
921.88898	35.754883
921.93982	38.249439
921.99066	37.645218
922.0415	37.194111
922.09229	36.681145
922.14313	37.581596
922.19397	35.569782
922.24481	35.117317
922.29565	34.851891
922.3465	33.394535
922.39734	34.564583
922.44812	34.455978
922.49896	33.173096
922.5498	34.373993
922.60065	38.649754
922.65149	36.937019
922.70233	34.295742
922.75317	36.893593
922.80396	35.942055
922.8548	36.691868
922.90564	38.799637
922.95648	36.457584
923.00732	34.962479
923.05817	33.620506
923.10901	34.846653
923.15985	35.401852
923.21063	34.368523
923.26147	33.879204
923.31232	34.247173
923.36316	32.682842
923.414	34.31459
923.46484	35.923321
923.51569	35.776642
923.56647	34.735645
923.61731	36.02697
923.66815	37.996185
923.71899	36.563644
923.76984	35.404545
923.82068	34.114609
923.87152	35.472778
923.9223	37.14085
923.97314	36.287003
924.02399	35.875092
924.07483	37.50544
924.12567	38.698212
924.17651	37.757614
924.22736	36.576664
924.27814	35.867786
924.32898	35.559875
924.37982	35.293156
924.43066	35.499809
924.48151	33.851597
924.53235	33.597275
924.58319	36.489204
924.63397	38.206188
924.68481	37.704742
924.73566	36.56546
924.7865	34.961876
924.83734	36.308121
924.88818	36.725357
924.93903	37.138668
924.98981	35.084156
925.04065	33.423954
925.09149	36.02066
925.14233	35.99498
925.19318	36.626389
925.24402	33.553066
925.29486	37.620743
925.34564	37.99802
925.39648	35.457668
925.44733	34.976608
925.49817	36.828876
925.54901	37.286495
925.59985	32.782986
925.6507	33.510567
925.70148	38.018311
925.75232	34.029018
925.80316	37.646439
925.854	38.642372
925.90485	38.128555
925.95569	36.484528
926.00653	34.520931
926.05731	34.047855
926.10815	34.115269
926.159	32.452557
926.20984	35.032223
926.26068	36.515163
926.31152	35.375851
926.36237	35.805439
926.41315	33.452335
926.46399	37.818108
926.51483	36.358154
926.56567	36.221134
926.61652	36.965374
926.66736	36.761841
926.7182	34.30394
926.76898	35.968731
926.81982	34.578167
926.87067	36.69957
926.92151	34.752529
926.97235	34.658703
927.02319	35.334728
927.07404	32.838684
927.12488	35.193893
927.17566	35.872654
927.2265	33.794594
927.27734	37.573437
927.32819	36.088219
927.37903	35.056705
927.42987	35.545509
927.48071	35.935238
927.53149	37.971588
927.58234	35.078304
927.63318	36.032227
927.68402	35.663582
927.73486	35.721848
927.78571	35.228027
927.83655	36.332672
927.88733	37.023918
927.93817	36.13139
927.98901	37.904018
928.03986	36.771755
928.0907	39.374092
928.14154	35.734856
928.19238	34.30069
928.24316	34.900581
928.29401	35.59267
928.34485	36.140388
928.39569	36.248348
928.44653	37.760105
928.49738	39.004501
928.54822	38.603596
928.599	34.991119
928.64984	35.18066
928.70068	36.465191
928.75153	35.615589
928.80237	34.720581
928.85321	35.884785
928.90405	36.61047
928.95483	38.265621
929.00568	35.889938
929.05652	34.94046
929.10736	36.705051
929.1582	37.771133
929.20905	35.913799
929.25989	36.335182
929.31067	36.251343
929.36151	36.7859
929.41235	36.593891
929.4632	35.730217
929.51404	36.719948
929.56488	36.162491
929.61572	33.90831
929.6665	32.430386
929.71735	33.835472
929.76819	35.490154
929.81903	36.879723
929.86987	35.210068
929.92072	33.810192
929.97156	36.280151
930.02234	36.195599
930.07318	36.775612
930.12402	36.92178
930.17487	38.492897
930.22571	37.037022
930.27655	35.967865
930.32739	34.46809
930.37817	32.854149
930.42902	37.383232
930.47986	36.859455
930.5307	35.026634
930.58154	37.581215
930.63239	34.34977
930.68323	38.132175
930.73401	36.175068
930.78485	33.021851
930.83569	35.995403
930.88654	38.245724
930.93738	36.301407
930.98822	35.38744
931.03906	33.545872
931.08984	33.803043
931.14069	35.288483
931.19153	35.343224
931.24237	38.693527
931.29321	35.676575
931.34406	34.005756
931.3949	38.042751
931.44574	39.093895
931.49652	33.917347
931.54736	37.010666
931.59821	34.593964
931.64905	37.285248
931.69989	37.691883
931.75073	38.590946
931.80157	36.519688
931.85236	35.35075
931.9032	36.384403
931.95404	33.73708
932.00488	35.661953
932.05573	36.520741
932.10657	36.405682
932.15741	37.019016
932.20819	36.609318
932.25903	35.071228
932.30988	35.092587
932.36072	36.765327
932.41156	37.866604
932.4624	38.263317
932.51324	36.3293
932.56403	36.169998
932.61487	35.442806
932.66571	33.856255
932.71655	35.583611
932.7674	35.102345
932.81824	37.931034
932.86908	35.3759
932.91986	34.674011
932.9707	33.922478
933.02155	35.156883
933.07239	38.166565
933.12323	36.599472
933.17407	34.546341
933.22491	33.325794
933.2757	37.292549
933.32654	35.373917
933.37738	31.554461
933.42822	35.151871
933.47906	37.359268
933.52991	37.215214
933.58075	35.91708
933.63153	36.590187
933.68237	34.343475
933.73322	36.557999
933.78406	37.139946
933.8349	38.428627
933.88574	35.897011
933.93658	36.49128
933.98737	34.189194
934.03821	34.777931
934.08905	34.833344
934.13989	32.499207
934.19073	34.2784
934.24158	34.903931
934.29242	35.88739
934.3432	37.628918
934.39404	37.76881
934.44489	37.562626
934.49573	35.838287
934.54657	35.120121
934.59741	34.466087
934.64825	35.916164
934.69904	36.571167
934.74988	35.386967
934.80072	33.888378
934.85156	35.516544
934.9024	37.975956
934.95325	36.155918
935.00409	35.915363
935.05487	35.067112
935.10571	36.317348
935.15656	36.416748
935.2074	35.017899
935.25824	34.5033
935.30908	34.323833
935.35992	36.40863
935.41071	34.159042
935.46155	35.788773
935.51239	36.213287
935.56323	39.475037
935.61407	38.510693
935.66492	35.827919
935.71576	38.066906
935.7666	37.255089
935.81738	36.045658
935.86823	34.820217
935.91907	33.605194
935.96991	36.064442
936.02075	38.89743
936.07159	36.535969
936.12244	33.874386
936.17322	37.01825
936.22406	35.131325
936.2749	35.562378
936.32574	36.322426
936.37659	35.068726
936.42743	37.015934
936.47827	35.899139
936.52905	37.467957
936.5799	36.893448
936.63074	33.402206
936.68158	34.33123
936.73242	34.333607
936.78326	37.735256
936.83411	35.141987
936.88489	35.379951
936.93573	36.801296
936.98657	34.903355
937.03741	35.721592
937.08826	38.293121
937.1391	35.252148
937.18994	37.674305
937.24072	36.927296
937.29156	36.532829
937.34241	34.824165
937.39325	36.148182
937.44409	35.636227
937.49493	34.838039
937.54578	36.863461
937.59656	36.113155
937.6474	35.718418
937.69824	34.665623
937.74908	36.103584
937.79993	35.894615
937.85077	36.816757
937.90161	35.41383
937.95239	37.378044
938.00323	37.32143
938.05408	33.313
938.10492	36.742863
938.15576	37.73666
938.2066	35.611916
938.25745	33.70195
938.30823	35.253464
938.35907	35.063522
938.40991	35.271175
938.46075	37.955635
938.5116	38.604759
938.56244	34.944374
938.61328	34.173161
938.66406	35.109821
938.7149	36.584286
938.76575	37.271996
938.81659	36.304073
938.86743	36.470184
938.91827	34.311726
938.96912	34.384243
939.0199	34.334084
939.07074	36.522854
939.12158	36.909409
939.17242	37.189297
939.22327	34.315941
939.27411	35.268143
939.32495	36.410282
939.37573	33.69067
939.42657	35.62299
939.47742	36.12738
939.52826	36.552483
939.5791	38.216862
939.62994	38.954704
939.68079	36.771645
939.73163	37.577866
939.78241	36.242973
939.83325	34.885056
939.88409	35.894039
939.93494	35.563744
939.98578	35.455727
940.03662	37.086014
940.08746	37.208393
940.13824	36.941319
940.18909	36.147549
940.23993	33.908607
940.29077	35.930992
940.34161	34.752987
940.39246	38.07407
940.4433	37.169407
940.49408	38.893314
940.54492	37.169552
940.59576	38.23476
940.64661	35.34959
940.69745	34.641979
940.74829	37.71526
940.79913	36.442165
940.84991	38.051193
940.90076	36.08033
940.9516	34.902515
941.00244	36.406872
941.05328	33.332943
941.10413	36.978516
941.15497	31.618093
941.20575	32.962547
941.25659	39.080669
941.30743	38.456089
941.35828	35.839542
941.40912	36.930462
941.45996	34.998074
941.5108	34.112244
941.56158	34.403591
941.61243	36.604065
941.66327	34.01078
941.71411	36.222866
941.76495	39.086628
941.8158	39.770618
941.86664	36.602539
941.91742	35.681808
941.96826	35.844162
942.0191	34.749172
942.06995	39.170609
942.12079	38.295391
942.17163	36.264496
942.22247	36.953178
942.27325	35.296165
942.3241	34.473461
942.37494	33.733364
942.42578	35.206966
942.47662	37.485092
942.52747	34.568336
942.57831	33.809277
942.62909	36.333626
942.67993	37.968773
942.73077	37.000385
942.78162	37.194618
942.83246	35.800747
942.8833	35.39909
942.93414	36.638805
942.98492	37
943.03577	37.666065
943.08661	34.598484
943.13745	36.745552
943.18829	34.154045
943.23914	34.564812
943.28998	36.577507
943.34076	35.501274
943.3916	36.526592
943.44244	36.533024
943.49329	35.607643
943.54413	32.984322
943.59497	38.132629
943.64581	38.566143
943.69659	38.399414
943.74744	34.090687
943.79828	35.14925
943.84912	38.955429
943.89996	36.328918
943.95081	36
944.00165	37.30386
944.05249	37.021587
944.10327	35.463123
944.15411	41.831245
944.20496	38.045315
944.2558	32.01746
944.30664	37.938259
944.35748	34.52496
944.40833	38.289944
944.45911	36.083771
944.50995	37.518021
944.56079	38.646645
944.61163	35.410309
944.66248	38.766369
944.71332	36.921291
944.76416	36.196091
944.81494	35.063717
944.86578	35.920719
944.91663	37.647388
944.96747	35.410637
945.01831	38.447018
945.06915	35.553596
945.12	38.037228
945.17078	38.697922
945.22162	35.549309
945.27246	35.95982
945.3233	35.400249
945.37415	38.538139
945.42499	35.599304
945.47583	36.138622
945.52661	37.339008
945.57745	38.248005
945.6283	35.983181
945.67914	34.642792
945.72998	35.419472
945.78082	35.739201
945.83167	34.051914
945.88245	32.399414
945.93329	34.121304
945.98413	35.210754
946.03497	35.921425
946.08582	36.668625
946.13666	36.214497
946.1875	36.17923
946.23828	36
946.28912	35.419037
946.33997	35
946.39081	37.075882
946.44165	37.148094
946.49249	33.582233
946.54333	37.236732
946.59412	37.321419
946.64496	35.589027
946.6958	35.81945
946.74664	38.855923
946.79749	37.083572
946.84833	36.744583
946.89917	40.339733
946.94995	35.669956
947.00079	35.892719
947.05164	39.615585
947.10248	35.979885
947.15332	35.333019
947.20416	32.002419
947.255	37.963818
947.30579	32.319241
947.35663	38.197792
947.40747	36.636532
947.45831	36.399414
947.50916	33.580433
947.56	38.169273
947.61084	35.491241
947.66162	33.036312
947.71246	33.999123
947.76331	39.889057
947.81415	32.549774
947.86499	37.335674
947.91583	35.963394
947.96667	35.399414
948.01752	34.764145
948.0683	29.844173
948.11914	41.148079
948.16998	34.917713
948.22083	35.096096
948.27167	38.666183
948.32251	36.635231
948.37335	35.474747
948.42413	36.887539
948.47498	34.542381
948.52582	32.267147
948.57666	32.441582
948.6275	38.298477
948.67834	34.120464
948.72919	32.224739
948.77997	35
948.83081	35.674271
948.88165	36.083008
948.9325	35.135582
948.98334	36.629776
949.03418	35.962276
949.08502	36.471962
949.1358	36.647762
949.18665	34.33638
949.23749	36
949.28833	36.666695
949.33917	33.75975
949.39001	31.217367
949.44086	34.490757
949.49164	36.399414
949.54248	34.512722
949.59332	32.086899
949.64417	33.743237
949.69501	36.963486
949.74585	38.863308
949.79669	37.247066
949.84747	33.662949
949.89832	36.785835
949.94916	37.231537
950	36.399414
