700	87.698059
700.05084	95.3526
700.10168	90.283554
700.15253	90.555344
700.20331	86.351128
700.25415	99.831314
700.30499	108.95846
700.35583	107.73795
700.40668	95.101204
700.45752	91.168541
700.50836	94.111542
700.55914	104.78302
700.60999	98.526405
700.66083	104.67772
700.71167	96.030991
700.76251	94.268532
700.81335	96.803879
700.8642	100.47353
700.91498	107.06036
700.96582	105.67825
701.01666	95.420654
701.0675	100.32128
701.11835	97.49559
701.16919	85.506195
701.22003	103.00966
701.27081	102.16194
701.32166	100.58636
701.3725	101.16504
701.42334	105.79142
701.47418	99.529266
701.52502	93.878883
701.57587	98.800682
701.62665	95.462883
701.67749	92.349823
701.72833	92.014046
701.77917	95.63385
701.83002	98.081627
701.88086	99.264282
701.9317	106.24419
701.98248	107.23689
702.03333	104.11329
702.08417	99.221069
702.13501	95.691864
702.18585	101.86351
702.23669	103.3496
702.28754	102.55587
702.33838	98.303932
702.38916	91.950218
702.44	92.103767
702.49084	91.019455
702.54169	100.8575
702.59253	100.45567
702.64337	97.058937
702.69421	92.329308
702.745	110.40527
702.79584	109.37116
702.84668	102.54302
702.89752	97.689278
702.94836	90.437675
702.99921	104.76338
703.05005	99.433487
703.10083	106.29675
703.15167	100.48686
703.20251	102.25072
703.25336	93.910408
703.3042	103.50137
703.35504	108.31323
703.40588	92.515472
703.45667	106.04301
703.50751	91.298828
703.55835	90.189545
703.60919	94.958191
703.66003	92.339836
703.71088	117.16521
703.76172	108.25555
703.8125	121.29345
703.86334	105.61727
703.91418	113.33859
703.96503	105.01462
704.01587	108.12709
704.06671	90.53244
704.11755	98.871521
704.16833	93.612511
704.21918	98.780106
704.27002	101.90993
704.32086	124.63934
704.3717	111.74909
704.42255	99.688103
704.47339	100.20292
704.52417	98.513931
704.57501	101.0449
704.62585	101.90471
704.6767	107.30499
704.72754	111.7626
704.77838	105.77022
704.82922	109.63923
704.88	117.17188
704.93085	103.69791
704.98169	93.231522
705.03253	102.66978
705.08337	109.19701
705.13422	103.0207
705.18506	102.58186
705.23584	111.77515
705.28668	110.97218
705.33752	101.53736
705.38837	100.80468
705.43921	113.72201
705.49005	126.35093
705.54089	129.74144
705.59167	112.81184
705.64252	96.027603
705.69336	111.81696
705.7442	104.17701
705.79504	111.90781
705.84589	107.05971
705.89673	98.223862
705.94751	109.03242
705.99835	98.130577
706.04919	101.81071
706.10004	99.36274
706.15088	97.625381
706.20172	111.77806
706.25256	111.08817
706.30341	124.91257
706.35419	113.40686
706.40503	114.93237
706.45587	98.244926
706.50671	119.0039
706.55756	114.16504
706.6084	114.17253
706.65924	123.85262
706.71002	132.88362
706.76086	106.46532
706.81171	109.84864
706.86255	112.92778
706.91339	125.83755
706.96423	115.60224
707.01508	128.00024
707.06586	112.98202
707.1167	95.022514
707.16754	116.09962
707.21838	111.44987
707.26923	123.45458
707.32007	110.8243
707.37091	105.40264
707.42169	108.1517
707.47253	119.39806
707.52338	119.58906
707.57422	118.74907
707.62506	119.11284
707.6759	118.49703
707.72675	119.46957
707.77753	122.07463
707.82837	115.09468
707.87921	107.13972
707.93005	111.05834
707.9809	114.01785
708.03174	116.51221
708.08258	120.15983
708.13336	121.61328
708.1842	113.99443
708.23505	106.65997
708.28589	106.68584
708.33673	109.87275
708.38757	117.29916
708.43842	112.52512
708.4892	110.32282
708.54004	118.35869
708.59088	123.10784
708.64172	135.13039
708.69257	121.03797
708.74341	115.47115
708.79425	116.68767
708.84503	124.27046
708.89587	118.88181
708.94672	116.99355
708.99756	119.16505
709.0484	119.65615
709.09924	119.78608
709.15009	116.02141
709.20087	122.50837
709.25171	131.25131
709.30255	112.85424
709.35339	125.70802
709.40424	121.11591
709.45508	112.01764
709.50592	138.63535
709.5567	123.8132
709.60754	92.038673
709.65839	114.56197
709.70923	105.65533
709.76007	116.1362
709.81091	115.42529
709.86176	134.96582
709.91254	126.31682
709.96338	128.09921
710.01422	124.35512
710.06506	128.84906
710.11591	129.9341
710.16675	138.30727
710.21759	124.0217
710.26837	123.91721
710.31921	120.72304
710.37006	114.25167
710.4209	130.45836
710.47174	130.8765
710.52258	134.03152
710.57343	125.58965
710.62427	125.43222
710.67505	125.41142
710.72589	132.54683
710.77673	124.31553
710.82758	130.78345
710.87842	123.38438
710.92926	129.6844
710.9801	139.14099
711.03088	126.9239
711.08173	127.38544
711.13257	126.61168
711.18341	113.53274
711.23425	124.18095
711.2851	131.59146
711.33594	133.72975
711.38672	135.45815
711.43756	128.42375
711.4884	123.6534
711.53925	135.4953
711.59009	131.71353
711.64093	120.22522
711.69177	131.67569
711.74255	137.9648
711.7934	132.75035
711.84424	124.16504
711.89508	129.2475
711.94592	134.46819
711.99677	127.89128
712.04761	124.85718
712.09839	127.82254
712.14923	135.91339
712.20007	142.55087
712.25092	134.45164
712.30176	137.06709
712.3526	138.06439
712.40344	126.64848
712.45422	129.98227
712.50507	133.82936
712.55591	123.98404
712.60675	119.8941
712.65759	124.50661
712.70844	134.35167
712.75928	151.74792
712.81006	149.05977
712.8609	141.48976
712.91174	143.41568
712.96259	135.92801
713.01343	133.16504
713.06427	133.49846
713.11511	140.03986
713.16589	141.10611
713.21674	138.13458
713.26758	132.22083
713.31842	122.40566
713.36926	137.37029
713.4201	129.64551
713.47095	132.88924
713.52173	143.24632
713.57257	135.14592
713.62341	154.42749
713.67426	144.05243
713.7251	124.14271
713.77594	124.53959
713.82678	143.40456
713.87756	127.61702
713.92841	139.16368
713.97925	143.16504
714.03009	148.4334
714.08093	143.31877
714.13177	141.90669
714.18262	126.89616
714.2334	129.71529
714.28424	142.93637
714.33508	138.28105
714.38593	139.51556
714.43677	129.73436
714.48761	139.79666
714.53845	141.66373
714.58929	139.50644
714.64008	145.27016
714.69092	152.72031
714.74176	140.789
714.7926	139.56696
714.84344	140.01382
714.89429	132.11641
714.94513	135.243
714.99591	144.11679
715.04675	145.8008
715.0976	140.76692
715.14844	144.1371
715.19928	143.15569
715.25012	133.31801
715.30096	133.39188
715.35175	138.71445
715.40259	143.02426
715.45343	142.26431
715.50427	141.70204
715.55511	140.20064
715.60596	148.7468
715.6568	147.68619
715.70758	138.76559
715.75842	154.12642
715.80927	155.70776
715.86011	145.40831
715.91095	143.40271
715.96179	146.61922
716.01263	154.74747
716.06342	153.3602
716.11426	152.35919
716.1651	140.50836
716.21594	126.13344
716.26678	148.57971
716.31763	150.54166
716.36847	147.04591
716.41925	152.92154
716.47009	143.79401
716.52094	172.75952
716.57178	166.09467
716.62262	147.04617
716.67346	147.71335
716.7243	130.59525
716.77509	166.88817
716.82593	150.43935
716.87677	135.62769
716.92761	148.5451
716.97845	159.51828
717.0293	159.2384
717.08014	143.64154
717.13092	155.49693
717.18176	154.34451
717.2326	149.78508
717.28345	151.59557
717.33429	170.70224
717.38513	153.43033
717.43597	134.4809
717.48676	140.78226
717.5376	150.25523
717.58844	154.48549
717.63928	158.20428
717.69012	156.1794
717.74097	156.62932
717.79181	150.69922
717.84259	155.20692
717.89343	160.23634
717.94427	155.07172
717.99512	154.15359
718.04596	151.91978
718.0968	152.70763
718.14764	158.51561
718.19843	160.45709
718.24927	166.63495
718.30011	163.04263
718.35095	157.73131
718.40179	160.28528
718.45264	152.37854
718.50348	154.58728
718.55426	162.03847
718.6051	157.17653
718.65594	156.58846
718.70679	153.51634
718.75763	154.92888
718.80847	164.09187
718.85931	168.29895
718.91016	173.65265
718.96094	160.7059
719.01178	149.09404
719.06262	161.56233
719.11346	161.2117
719.16431	160.23712
719.21515	162.14392
719.26599	152.72757
719.31677	157.55121
719.36761	158.1712
719.41846	166.12749
719.4693	173.89833
719.52014	170.88524
719.57098	166.52455
719.62183	172.67834
719.67261	169.4437
719.72345	172.76709
719.77429	166.4207
719.82513	164.68219
719.87598	172.15834
719.92682	172.73409
719.97766	171.14333
720.02844	168.65715
720.07928	153.15465
720.13013	170.62161
720.18097	174.1393
720.23181	162.46223
720.28265	167.98944
720.3335	147.48651
720.38428	180.75711
720.43512	165.24969
720.48596	172.15761
720.5368	161.16422
720.58765	167.96364
720.63849	165.28957
720.68933	161.38467
720.74011	167.68686
720.79095	163.57361
720.8418	167.54012
720.89264	192.07011
720.94348	182.69223
720.99432	193.26506
721.04517	181.52556
721.09595	170.63589
721.14679	175.6053
721.19763	177.9463
721.24847	164.56825
721.29932	187.91104
721.35016	174.28738
721.401	179.56271
721.45178	171.95508
721.50262	173.18346
721.55347	177.16248
721.60431	170.33507
721.65515	174.80836
721.70599	197.25569
721.75684	197.47574
721.80762	187.92499
721.85846	190.30397
721.9093	190.0181
721.96014	182.62114
722.01099	182.78485
722.06183	176.89983
722.11267	163.66441
722.16345	162.67894
722.21429	173.88397
722.26514	182.7691
722.31598	183.50955
722.36682	191.38708
722.41766	178.18587
722.46851	173.20018
722.51929	183.50476
722.57013	174.1539
722.62097	176.74664
722.67181	182.03467
722.72266	195.33578
722.7735	201.83835
722.82434	186.76855
722.87512	190.32047
722.92596	190.01508
722.97681	178.16504
723.02765	177.4176
723.07849	182.03487
723.12933	194.4319
723.18018	195.66376
723.23102	194.47054
723.2818	186.36079
723.33264	181.04723
723.38348	184.42418
723.43433	201.46368
723.48517	191.51605
723.53601	179.94914
723.58685	194.98476
723.63763	196.05573
723.68848	188.03304
723.73932	190.18951
723.79016	184.06332
723.841	200.16502
723.89185	199.09682
723.94269	185.97702
723.99347	192.16504
724.04431	192.98792
724.09515	200.93068
724.146	199.15341
724.19684	212.19145
724.24768	195.28835
724.29852	201.29663
724.3493	171.30708
724.40015	180.15085
724.45099	176.20535
724.50183	203.38496
724.55267	211.88477
724.60352	188.32896
724.65436	168.3631
724.70514	194.9989
724.75598	202.65843
724.80682	189.46594
724.85767	175.67162
724.90851	220.7453
724.95935	201.91933
725.01019	187.90211
725.06097	200.46194
725.11182	197.36369
725.16266	201.06424
725.2135	208.59946
725.26434	206.20468
725.31519	198.79761
725.36603	196.35983
725.41681	195.28638
725.46765	199.57423
725.51849	204.08397
725.56934	189.37999
725.62018	190.21776
725.67102	193.16504
725.72186	196.45673
725.77264	210.14478
725.82349	201.72536
725.87433	197.38564
725.92517	199.79692
725.97601	219.3744
726.02686	207.47542
726.0777	200.39955
726.12848	193.27098
726.17932	191.01385
726.23016	206.77661
726.28101	215.71132
726.33185	215.00745
726.38269	211.99432
726.43353	205.9946
726.48431	210.05887
726.53516	215.24721
726.586	211.21689
726.63684	212.93611
726.68768	206.27353
726.73853	204.23682
726.78937	214.60701
726.84015	212.82147
726.89099	209.47243
726.94183	206.51936
726.99268	215.85759
727.04352	215.17191
727.09436	213.47501
727.1452	213.08784
727.19604	209.14313
727.24683	218.5681
727.29767	221.84152
727.34851	205.10777
727.39935	214.95808
727.4502	223.88007
727.50104	217.37071
727.55188	223.42572
727.60266	222.76775
727.6535	226.66103
727.70435	220.98015
727.75519	217.33115
727.80603	215.93576
727.85687	205.80096
727.90771	199.48451
727.9585	199.19519
728.00934	218.28238
728.06018	225.78151
728.11102	222.5818
728.16187	218.46141
728.21271	220.43977
728.26355	214.85094
728.31433	214.49687
728.36517	231.58638
728.41602	221.61676
728.46686	210.47635
728.5177	219.16135
728.56854	219.03581
728.61938	222.16229
728.67017	238.96149
728.72101	226.47951
728.77185	233.88283
728.82269	232.10277
728.87354	234.03821
728.92438	241.45441
728.97522	245.67288
729.026	228.00847
729.07684	229.7448
729.12769	222.94913
729.17853	216.91388
729.22937	230.65077
729.28021	229.7426
729.33105	226.5148
729.38184	202.17958
729.43268	225.6575
729.48352	225.61021
729.53436	222.5472
729.58521	250.10739
729.63605	244.16821
729.68689	238.61024
729.73767	247.11021
729.78851	247.96283
729.83936	239.09256
729.8902	231.72826
729.94104	236.41614
729.99188	242.49466
730.04272	250.77597
730.09351	241.33575
730.14435	221.25121
730.19519	240.3727
730.24603	246.88602
730.29688	256.34833
730.34772	244.35851
730.39856	243.13095
730.44934	247.05771
730.50018	244.16504
730.55103	252.63474
730.60187	257.4129
730.65271	255.00447
730.70355	246.11478
730.75439	245.83566
730.80518	250.04849
730.85602	238.13977
730.90686	231.00114
730.9577	252.52495
731.00854	263.3338
731.05939	251.25928
731.11023	252.30125
731.16101	246.45572
731.21185	231.38765
731.2627	235.08797
731.31354	251.57837
731.36438	251.65225
731.41522	243.85403
731.46606	250.10193
731.51691	254.46457
731.56769	249.87393
731.61853	260.97501
731.66937	265.79807
731.72021	257.81448
731.77106	256.05927
731.8219	262.99701
731.87274	272.51633
731.92352	259.42108
731.97437	244.67702
732.02521	254.7572
732.07605	256.45139
732.12689	265.85901
732.17773	270.85855
732.22858	271.7041
732.27936	278.92136
732.3302	264.13507
732.38104	247.70697
732.43188	261.83224
732.48273	240.0471
732.53357	238.87396
732.58441	278.83997
732.63519	281.84143
732.68604	258.24402
732.73688	254.02316
732.78772	275.53275
732.83856	257.57953
732.8894	267.41312
732.94025	291.90372
732.99103	286.39136
733.04187	262.10876
733.09271	275.56897
733.14355	261.98535
733.1944	288.44931
733.24524	277.41031
733.29608	278.23071
733.34686	268.85431
733.39771	270.01627
733.44855	277.1004
733.49939	274.39764
733.55023	258.19312
733.60107	268.02325
733.65192	283.47983
733.7027	264.99521
733.75354	251.50743
733.80438	259.36972
733.85522	277.87601
733.90607	261.69101
733.95691	269.41785
734.00775	285.62875
734.05853	290.2626
734.10938	283.90631
734.16022	279.47391
734.21106	277.06815
734.2619	300.33676
734.31274	292.51834
734.36359	287.69431
734.41437	292.19806
734.46521	290.0849
734.51605	283.30035
734.56689	277.83344
734.61774	298.19525
734.66858	289.64352
734.71942	303.34457
734.7702	300.65506
734.82104	287.86874
734.87189	283.03854
734.92273	301.83112
734.97357	306.41339
735.02441	298.7981
735.07526	300.25958
735.12604	298.68741
735.17688	300.42511
735.22772	307.95404
735.27856	295.08942
735.32941	290.80377
735.38025	303.83621
735.43109	302.14481
735.48193	293.58365
735.53271	293.97995
735.58356	297.4227
735.6344	307.13901
735.68524	315.28873
735.73608	307.33197
735.78693	302.70267
735.83777	308.29639
735.88855	314.65356
735.93939	312.56729
735.99023	313.07935
736.04108	329.66571
736.09192	316.91498
736.14276	300.49863
736.1936	309.79279
736.24438	311.40497
736.29523	299.86365
736.34607	302.12921
736.39691	312.52243
736.44775	328.74515
736.4986	319.94565
736.54944	317.18811
736.60022	304.33923
736.65106	312.34729
736.7019	317.82733
736.75275	325.74591
736.80359	327.50925
736.85443	330.2572
736.90527	344.53522
736.95605	338.81665
737.0069	319.36874
737.05774	320.70236
737.10858	323.19589
737.15942	319.0126
737.21027	334.65149
737.26111	323.02634
737.31189	342.25308
737.36273	321.1637
737.41357	333.07068
737.46442	328.46243
737.51526	316.90164
737.5661	330.82343
737.61694	323.86578
737.66772	323.69394
737.71857	339.91599
737.76941	335.91595
737.82025	324.62802
737.87109	337.26202
737.92194	310.68311
737.97278	325.25229
738.02356	360.74576
738.0744	338.4549
738.12524	348.06952
738.17609	351.74643
738.22693	333.14099
738.27777	337.04224
738.32861	347.96533
738.37939	346.80719
738.43024	352.31528
738.48108	346.0018
738.53192	358.73825
738.58276	347.53085
738.63361	353.92157
738.68445	355.17987
738.73523	358.3031
738.78607	351.37192
738.83691	334.89407
738.88776	342.30789
738.9386	357.24884
738.98944	361.71921
739.04028	362.18546
739.09106	365.51825
739.14191	358.18451
739.19275	360.88898
739.24359	357.50778
739.29443	353.33234
739.34528	364.70303
739.39612	366.3555
739.4469	346.14249
739.49774	346.01477
739.54858	360.88092
739.59943	345.73859
739.65027	355.20035
739.70111	372.50177
739.75195	374.06882
739.8028	372.13022
739.85358	368.12778
739.90442	369.05768
739.95526	369.19827
740.0061	367.99509
740.05695	374.13794
740.10779	367.978
740.15863	376.55234
740.20941	381.46368
740.26025	363.49561
740.3111	359.9187
740.36194	372.73581
740.41278	381.40833
740.46362	380.15671
740.51447	377.38953
740.56525	378.72229
740.61609	377.07742
740.66693	381.79395
740.71777	390.91177
740.76862	396.69641
740.81946	388.3421
740.8703	382.80075
740.92108	389.26926
740.97192	391.14001
741.02277	382.60196
741.07361	389.76868
741.12445	393.9696
741.17529	387.81964
741.22614	386.28561
741.27692	390.83148
741.32776	394.6763
741.3786	384.24426
741.42944	389.71204
741.48029	402.60327
741.53113	411.57532
741.58197	409.79523
741.63275	391.59286
741.68359	401.1322
741.73444	393.24988
741.78528	400.63379
741.83612	421.6748
741.88696	406.83557
741.93781	416.30627
741.98859	423.01135
742.03943	423.05231
742.09027	412.67133
742.14111	422.23734
742.19196	418.32391
742.2428	425.62683
742.29364	402.87677
742.34442	416.19815
742.39526	420.72873
742.44611	426.03574
742.49695	420.01974
742.54779	413.29315
742.59863	429.9873
742.64948	425.55014
742.70026	423.27829
742.7511	429.638
742.80194	410.99185
742.85278	427.76779
742.90363	439.19858
742.95447	443.58435
743.00531	412.78497
743.05609	423.43045
743.10693	446.37494
743.15778	436.772
743.20862	448.40356
743.25946	437.78787
743.3103	446.48697
743.36115	444.64252
743.41193	448.51434
743.46277	463.51794
743.51361	440.25336
743.56445	449.59595
743.6153	446.68558
743.66614	445.52155
743.71698	452.19846
743.76782	453.97238
743.8186	464.9765
743.86945	451.61142
743.92029	447.69891
743.97113	449.18549
744.02197	463.15347
744.07281	464.57983
744.12366	449.88681
744.17444	467.47919
744.22528	468.86169
744.27612	456.38748
744.32697	462.56604
744.37781	456.96909
744.42865	460.26978
744.47949	470.8653
744.53027	462.00403
744.58112	468.46527
744.63196	465.19
744.6828	486.56348
744.73364	478.6918
744.78448	468.76746
744.83533	478.80051
744.88611	480.19772
744.93695	490.88101
744.98779	485.36972
745.03864	498.53055
745.08948	494.43985
745.14032	496.3356
745.19116	503.77319
745.24194	487.45557
745.29279	495.60953
745.34363	507.62436
745.39447	500.13574
745.44531	510.94772
745.49615	492.26788
745.547	508.02585
745.59778	498.43567
745.64862	510.52051
745.69946	502.91827
745.75031	506.71811
745.80115	504.72836
745.85199	482.61469
745.90283	510.9614
745.95361	504.47174
746.00446	497.98441
746.0553	504.7215
746.10614	514.90479
746.15698	515.97534
746.20782	508.96155
746.25867	505.79095
746.30945	525.83716
746.36029	506.40411
746.41113	528.66968
746.46198	514.0011
746.51282	522.94269
746.56366	518.02094
746.6145	497.04031
746.66528	519.27325
746.71613	520.26935
746.76697	522.3916
746.81781	526.16931
746.86865	525.56836
746.91949	541.48956
746.97034	537.20203
747.02112	519.21973
747.07196	531.91132
747.1228	550.25421
747.17365	548.37762
747.22449	552.69171
747.27533	560.97229
747.32617	542.53058
747.37695	564.5368
747.4278	536.9881
747.47864	552.3476
747.52948	554.65942
747.58032	553.56812
747.63116	547.63947
747.68201	570.8913
747.73279	576.43793
747.78363	564.59174
747.83447	574.93835
747.88531	563.76117
747.93616	561.55945
747.987	563.89026
748.03784	575.71643
748.08868	573.93848
748.13947	594.52155
748.19031	585.69946
748.24115	573.65607
748.29199	561.29523
748.34283	581.05121
748.39368	576.04327
748.44452	564.59241
748.4953	569.64899
748.54614	575.03699
748.59698	580.65381
748.64783	571.27454
748.69867	574.26343
748.74951	590.41888
748.80035	601.29767
748.85114	591.7594
748.90198	588.88171
748.95282	597.6474
749.00366	592.79047
749.0545	597.66876
749.10535	602.08307
749.15619	602.90729
749.20697	605.57568
749.25781	606.21631
749.30865	612.03052
749.3595	606.54858
749.41034	584.82953
749.46118	601.11603
749.51202	608.15137
749.56281	594.42944
749.61365	619.7973
749.66449	638.77716
749.71533	630.5498
749.76617	611.71191
749.81702	623.27081
749.86786	634.54565
749.91864	593.42438
749.96948	606.66455
750.02032	627.48676
750.07117	627.50549
750.12201	627.66382
750.17285	673.38098
750.22369	623.21307
750.27448	650.78333
750.32532	650.64606
750.37616	611.41174
750.427	647.93341
750.47784	665.66608
750.52869	649.10767
750.57953	625.93463
750.63031	645.20959
750.68115	669.66083
750.73199	671.83795
750.78284	671.59344
750.83368	646.53833
750.88452	657.94745
750.93536	655.93909
750.98615	634.26276
751.03699	640.70251
751.08783	652.04327
751.13867	641.6908
751.18951	664.07434
751.24036	672.61389
751.2912	698.85828
751.34198	683.38092
751.39282	661.8067
751.44366	628.01752
751.49451	662.23651
751.54535	692.27948
751.59619	646.28326
751.64703	715.09613
751.69781	722.69159
751.74866	715.52032
751.7995	716.50452
751.85034	705.50171
751.90118	719.81787
751.95203	683.82806
752.00287	734.83759
752.05365	709.71735
752.10449	714.36957
752.15533	713.49219
752.20618	692.14325
752.25702	746.25293
752.30786	731.27496
752.3587	715.94617
752.40955	701.81177
752.46033	706.15302
752.51117	707.36481
752.56201	694.08911
752.61285	736.58612
752.6637	726.09015
752.71454	737.9848
752.76538	745.28815
752.81616	740.34857
752.867	740.3493
752.91785	761.00238
752.96869	751.12836
753.01953	748.39136
753.07037	766.90814
753.12122	746.02875
753.172	746.03741
753.22284	729.87616
753.27368	726.24603
753.32452	742.38422
753.37537	739.45837
753.42621	745.92175
753.47705	756.63409
753.52783	761.67163
753.57867	768.60236
753.62952	779.10004
753.68036	784.54895
753.7312	785.94214
753.78204	780.00781
753.83289	768.63519
753.88367	783.44806
753.93451	790.97003
753.98535	783.0257
754.03619	784.74286
754.08704	800.88214
754.13788	822.81702
754.18872	792.10889
754.2395	792.52026
754.29034	814.04297
754.34119	803.53455
754.39203	790.81238
754.44287	788.49023
754.49371	803.81775
754.54456	805.19849
754.59534	780.76007
754.64618	794.24957
754.69702	797.32501
754.74786	808.80548
754.79871	796.71918
754.84955	831.22711
754.90039	820.98938
754.95117	793.19641
755.00201	832.29303
755.05286	811.67889
755.1037	856.94116
755.15454	833.84558
755.20538	831.76929
755.25623	849.35156
755.30701	830.1994
755.35785	834.78546
755.40869	855.91705
755.45953	870.30005
755.51038	848.42865
755.56122	866.2511
755.61206	850.44745
755.66284	822.16602
755.71368	837.44244
755.76453	835.13647
755.81537	854.19202
755.86621	855.64569
755.91705	853.34393
755.9679	879.20068
756.01868	827.56409
756.06952	886.41119
756.12036	853.69464
756.1712	898.45551
756.22205	878.64624
756.27289	854.81635
756.32373	834.02057
756.37457	853.80322
756.42535	875.59204
756.4762	908.12726
756.52704	877.22809
756.57788	875.047
756.62872	901.43939
756.67957	877.7699
756.73041	879.7027
756.78119	935.01794
756.83203	880.12598
756.88287	884.84009
756.93372	885.11768
756.98456	857.78107
757.0354	895.81995
757.08624	908.89893
757.13702	937.34137
757.18787	909.15936
757.23871	893.88068
757.28955	878.86029
757.34039	902.19348
757.39124	892.66516
757.44208	912.94348
757.49286	935.625
757.5437	950.21252
757.59454	925.23157
757.64539	913.94775
757.69623	916.01385
757.74707	909.60474
757.79791	905.54602
757.84869	934.13074
757.89954	947.17126
757.95038	942.37933
758.00122	933.72205
758.05206	926.1626
758.10291	924.04529
758.15375	931.43188
758.20453	952.33289
758.25537	972.86481
758.30621	954.46198
758.35706	942.91296
758.4079	969.82867
758.45874	964.55707
758.50958	955.7099
758.56036	926.71869
758.61121	920.88037
758.66205	964.36975
758.71289	1003.61
758.76373	992.34528
758.81458	985.13428
758.86542	969.94025
758.9162	965.66223
758.96704	991.89899
759.01788	1004.5561
759.06873	1007.6133
759.11957	1017.6393
759.17041	1000.5781
759.22125	980.92957
759.27203	983.18042
759.32288	996.56549
759.37372	988.11157
759.42456	979.74457
759.4754	1011.0502
759.52625	1006.8542
759.57709	1001.0575
759.62787	1011.1063
759.67871	1018.1257
759.72955	1014.7379
759.7804	991.95148
759.83124	964.84473
759.88208	967.14087
759.93292	1014.6682
759.9837	1021.6
760.03455	995.49683
760.08539	985.30182
760.13623	1006.7864
760.18707	1011.1786
760.23792	1009.1318
760.28876	1037.4548
760.33954	1021.1053
760.39038	1050.0735
760.44122	1032.761
760.49207	1038.3861
760.54291	1026.6632
760.59375	1014.0015
760.64459	1086.48
760.69543	1074.6736
760.74622	1113.2847
760.79706	1074.1123
760.8479	1070.0892
760.89874	1029.1688
760.94958	1039.0527
761.00043	1096.0741
761.05127	1065.2502
761.10205	1098.6364
761.15289	1054.6664
761.20374	1088.5123
761.25458	1048.1544
761.30542	1070.7765
761.35626	1071.5374
761.4071	1088.0962
761.45789	1092.282
761.50873	1076.6786
761.55957	1111.8013
761.61041	1103.1177
761.66125	1121.3219
761.7121	1103.3409
761.76294	1095.869
761.81372	1107.319
761.86456	1113.1802
761.91541	1130.8601
761.96625	1089.2009
762.01709	1118.2922
762.06793	1127.8107
762.11877	1160.2861
762.16956	1113.3462
762.2204	1150.067
762.27124	1164.9504
762.32208	1116.7936
762.37292	1150.17
762.42377	1142.2915
762.47461	1173.6816
762.52539	1167.443
762.57623	1129.2484
762.62708	1141.0444
762.67792	1161.5659
762.72876	1167.6726
762.7796	1178.1055
762.83044	1167.3011
762.88123	1143.5695
762.93207	1199.7274
762.98291	1160.301
763.03375	1204.6769
763.08459	1232.7893
763.13544	1223.9783
763.18628	1206.697
763.23706	1227.589
763.2879	1229.4951
763.33875	1165.3436
763.38959	1211.0447
763.44043	1176.1268
763.49127	1227.6858
763.54211	1203.989
763.5929	1200.3613
763.64374	1212.2207
763.69458	1211.972
763.74542	1238.5936
763.79626	1241.6903
763.84711	1228.7847
763.89795	1215.401
763.94873	1203.1964
763.99957	1210.923
764.05042	1225.6421
764.10126	1241.1522
764.1521	1193.9114
764.20294	1222.3232
764.25378	1265.2247
764.30457	1297.1171
764.35541	1260.0668
764.40625	1254.4084
764.45709	1226.9872
764.50793	1233.6354
764.55878	1241.7454
764.60962	1238.4685
764.66046	1279.4115
764.71124	1259.3203
764.76208	1262.4215
764.81293	1281.5145
764.86377	1267.9541
764.91461	1266.8521
764.96545	1280.1577
765.0163	1275.7056
765.06708	1276.025
765.11792	1290.277
765.16876	1291.7676
765.2196	1316.0255
765.27045	1305.9647
765.32129	1302.6832
765.37213	1306.7732
765.42291	1305.3661
765.47375	1281.7086
765.5246	1282.8009
765.57544	1315.8682
765.62628	1279.3259
765.67712	1286.9601
765.72797	1329.4329
765.77875	1338.5508
765.82959	1333.8817
765.88043	1333.8834
765.93127	1337.3898
765.98212	1340.2001
766.03296	1362.8779
766.0838	1348.8304
766.13458	1351.7358
766.18542	1356.214
766.23627	1336.4133
766.28711	1324.6938
766.33795	1351.1229
766.38879	1351.925
766.43964	1336.1071
766.49042	1385.8513
766.54126	1374.4398
766.5921	1366.7219
766.64294	1400.5687
766.69379	1389.5208
766.74463	1399.6013
766.79547	1395.2712
766.84625	1412.1805
766.89709	1408.7297
766.94794	1369.4852
766.99878	1338.1877
767.04962	1356.8203
767.10046	1384.3461
767.15131	1418.8347
767.20209	1386.3938
767.25293	1386.1687
767.30377	1445.5066
767.35461	1406.8276
767.40546	1420.9241
767.4563	1383.942
767.50714	1444.7013
767.55792	1419.6257
767.60876	1429.5209
767.65961	1422.0994
767.71045	1477.6748
767.76129	1478.285
767.81213	1468.6727
767.86298	1507.7886
767.91376	1467.7834
767.9646	1492.2285
768.01544	1468.6763
768.06628	1458.3353
768.11713	1458.2379
768.16797	1501.0338
768.21881	1472.8307
768.26959	1506.1842
768.32043	1515.6073
768.37128	1513.9392
768.42212	1506.322
768.47296	1458.0764
768.5238	1486.1045
768.57465	1484.1384
768.62543	1527.7733
768.67627	1508.1288
768.72711	1522.1696
768.77795	1542.0687
768.8288	1509.8268
768.87964	1525.3086
768.93048	1519.4714
768.98132	1549.3773
769.0321	1514.2631
769.08295	1540.2172
769.13379	1493.6105
769.18463	1517.0181
769.23547	1526.3165
769.28632	1571.4386
769.33716	1592.4836
769.38794	1571.7621
769.43878	1528.4613
769.48962	1519.1028
769.54047	1564.762
769.59131	1571.2341
769.64215	1654.0272
769.69299	1648.5298
769.74377	1570.9388
769.79462	1563.7715
769.84546	1622.7811
769.8963	1625.0992
769.94714	1584.926
769.99799	1616.7434
770.04883	1559.7932
770.09961	1665.2992
770.15045	1636.0094
770.20129	1690.2379
770.25214	1624.0613
770.30298	1656.6399
770.35382	1642.7941
770.40466	1663.6523
770.45544	1642.5802
770.50629	1643.6946
770.55713	1650.8331
770.60797	1657.3129
770.65881	1636.7126
770.70966	1677.8352
770.7605	1717.6362
770.81128	1686.5679
770.86212	1683.4326
770.91296	1731.5199
770.96381	1707.8053
771.01465	1678.9031
771.06549	1671.8325
771.11633	1694.5784
771.16711	1712.783
771.21796	1709.8157
771.2688	1709.0671
771.31964	1713.0668
771.37048	1709.4633
771.42133	1705.4969
771.47217	1727.4126
771.52295	1743.4329
771.57379	1712.7231
771.62463	1720.316
771.67548	1736.6854
771.72632	1769.6489
771.77716	1760.2959
771.828	1755.9979
771.87878	1758.7623
771.92963	1755.0999
771.98047	1758.4885
772.03131	1739.9546
772.08215	1770.2206
772.133	1770.7594
772.18384	1804.7823
772.23462	1793.9189
772.28546	1804.843
772.3363	1841.8508
772.38715	1816.5479
772.43799	1812.9288
772.48883	1831.754
772.53967	1840.7622
772.59045	1827.7002
772.6413	1830.2695
772.69214	1839.36
772.74298	1846.7229
772.79382	1847.4885
772.84467	1847.4485
772.89551	1856.4677
772.94635	1842.8094
772.99713	1842.787
773.04797	1850.2959
773.09882	1830.1252
773.14966	1841.519
773.2005	1877.2922
773.25134	1884.5388
773.30219	1909.059
773.35297	1895.3367
773.40381	1893.9283
773.45465	1864.8224
773.50549	1842.2039
773.55634	1826.9579
773.60718	1849.8926
773.65802	1882.0089
773.7088	1927.605
773.75964	1956.2836
773.81049	1953.5925
773.86133	1955.6901
773.91217	1893.2633
773.96301	1890.229
774.01385	1879.7289
774.06464	1904.9437
774.11548	1924.0504
774.16632	1969.9109
774.21716	1963.6982
774.26801	1965.2195
774.31885	1964.8871
774.36969	1953.9312
774.42047	2001.1615
774.47131	1963.7717
774.52216	1944.6196
774.573	1953.6753
774.62384	2001.0558
774.67468	1992.1963
774.72552	2019.475
774.77631	2014.0393
774.82715	1996.0189
774.87799	2001.8511
774.92883	1999.5149
774.97968	2036.1592
775.03052	2011.6237
775.08136	2030.9718
775.13214	1996.9596
775.18298	2045.6111
775.23383	2040.5674
775.28467	2022.5441
775.33551	2048.2937
775.38635	2051.0906
775.43719	2046.222
775.48798	2038.8762
775.53882	2033.8599
775.58966	2027.1974
775.6405	2028.6448
775.69135	2047.1503
775.74219	2098.7288
775.79303	2093.3733
775.84381	2129.8936
775.89465	2090.1287
775.9455	2110.6228
775.99634	2038.3254
776.04718	2054.4514
776.09802	2004.0634
776.14886	2016.15
776.19965	2061.1514
776.25049	2131.6753
776.30133	2097.27
776.35217	2098.4287
776.40302	2112.0894
776.45386	2083.5308
776.5047	2122.4314
776.55548	2069.2019
776.60632	2145.7029
776.65717	2162.7751
776.70801	2197.5266
776.75885	2149.8318
776.80969	2151.6624
776.86053	2163.0557
776.91132	2161.1384
776.96216	2106.9219
777.013	2157.8826
777.06384	2180.3633
777.11469	2202.1377
777.16553	2213.7041
777.21637	2206.2563
777.26721	2254.6565
777.31799	2212.8689
777.36884	2237.7471
777.41968	2238.1951
777.47052	2243.3562
777.52136	2269.1042
777.5722	2254.8342
777.62305	2233.3967
777.67383	2244.198
777.72467	2211.9773
777.77551	2253.4038
777.82635	2271.981
777.8772	2307.8997
777.92804	2325.4797
777.97888	2294.5911
778.02966	2304.0361
778.08051	2232.6475
778.13135	2268.2244
778.18219	2274.0286
778.23303	2330.3108
778.28387	2316.4436
778.33472	2344.3853
778.3855	2346.6003
778.43634	2320.5554
778.48718	2335.8613
778.53802	2325.9114
778.58887	2311.3203
778.63971	2283.7527
778.69055	2317.9253
778.74133	2341.6621
778.79218	2371.7737
778.84302	2358.3257
778.89386	2412.4651
778.9447	2388.0425
778.99554	2355.7876
779.04639	2342.1616
779.09717	2326.5439
779.14801	2381.1841
779.19885	2411.4883
779.24969	2471.8538
779.30054	2391.3975
779.35138	2409.7258
779.40222	2417.5586
779.453	2454.7869
779.50385	2461.6204
779.55469	2468.6877
779.60553	2437.0322
779.65637	2447.3784
779.70721	2479.728
779.75806	2496.9077
779.80884	2540.0293
779.85968	2481.9138
779.91052	2523.0271
779.96136	2539.7063
780.01221	2540.3372
780.06305	2467.8208
780.11389	2544.2944
780.16467	2493.9988
780.21552	2448.387
780.26636	2465.4204
780.3172	2501.0859
780.36804	2506.9253
780.41888	2554.9822
780.46973	2553.2517
780.52051	2550.0952
780.57135	2560.5457
780.62219	2488.0669
780.67303	2547.4177
780.72388	2526.5837
780.77472	2596.9473
780.82556	2508.8589
780.87634	2650.6042
780.92719	2550.6499
780.97803	2611.7766
781.02887	2505.4771
781.07971	2619.0264
781.13055	2602.8015
781.1814	2555.8303
781.23218	2555.3486
781.28302	2567.4146
781.33386	2647.3335
781.3847	2696.5391
781.43555	2731.866
781.48639	2722.0776
781.53723	2719.1577
781.58807	2637.4514
781.63885	2708.9973
781.6897	2578.7141
781.74054	2726.9668
781.79138	2682.3337
781.84222	2690.5205
781.89307	2671.387
781.94391	2814.1975
781.99469	2718.9004
782.04553	2736.4749
782.09637	2741.4824
782.14722	2797.2573
782.19806	2810.5168
782.2489	2755.6626
782.29974	2829.4065
782.35052	2804.5217
782.40137	2900.5417
782.45221	2808.4277
782.50305	2798.2183
782.55389	2723.6108
782.60474	2835.8706
782.65558	2819.0908
782.70636	2850.8445
782.7572	2748.5002
782.80804	2749.7432
782.85889	2741.8032
782.90973	2793.1226
782.96057	2849.9485
783.01141	2831.7307
783.06219	2833.8328
783.11304	2901.8457
783.16388	2787.7502
783.21472	2724.9558
783.26556	2775.3777
783.31641	2806.801
783.36725	2888.2437
783.41803	2846.1221
783.46887	2917.2285
783.51971	2942.6946
783.57056	2914.8462
783.6214	2841.9075
783.67224	2949.054
783.72308	2902.3074
783.77386	2902.3264
783.82471	2890.4624
783.87555	2932.5732
783.92639	2928.6758
783.97723	3017.5278
784.02808	2994.5881
784.07892	3020.6523
784.1297	3016.9238
784.18054	2973.4878
784.23138	3001.134
784.28223	3068.5127
784.33307	3057.906
784.38391	3029.3259
784.43475	3037.7329
784.48553	3036.0171
784.53638	3120.97
784.58722	3079.3486
784.63806	3146.8188
784.6889	3105.7422
784.73975	3093.6987
784.79059	3023.1758
784.84137	3087.0564
784.89221	3065.4211
784.94305	3140.7161
784.9939	3132.6655
785.04474	3127.7798
785.09558	3160.6902
785.14642	3127.843
785.1972	3084.3804
785.24805	3119.0105
785.29889	3115.4553
785.34973	3010.0042
785.40057	3040.8108
785.45142	3143.3906
785.50226	3249.2988
785.5531	3217.6404
785.60388	3212.3362
785.65472	3216.124
785.70557	3248.8069
785.75641	3222.7297
785.80725	3128.2444
785.85809	3137.2673
785.90894	3192.7183
785.95972	3239.51
786.01056	3309.5623
786.0614	3289.8635
786.11224	3262.511
786.16309	3245.5505
786.21393	3171.5886
786.26477	3207.304
786.31555	3278.7119
786.36639	3290.1372
786.41724	3260.4368
786.46808	3236.8274
786.51892	3269.6516
786.56976	3376.4236
786.62061	3370.3621
786.67139	3357.6638
786.72223	3437.2827
786.77307	3419.4121
786.82391	3380.7158
786.87476	3388.876
786.9256	3445.8569
786.97644	3442.7019
787.02722	3502.4736
787.07806	3457.5129
787.12891	3445.7175
787.17975	3411.4167
787.23059	3486.4421
787.28143	3512.863
787.33228	3558.2283
787.38306	3426.1274
787.4339	3413.55
787.48474	3399.2656
787.53558	3502.3413
787.58643	3581.2981
787.63727	3646.6587
787.68811	3609.2942
787.73889	3511.9414
787.78973	3495.4229
787.84058	3454.5439
787.89142	3455.3235
787.94226	3515.5996
787.9931	3513.5674
788.04395	3523.6699
788.09473	3550.6531
788.14557	3577.1719
788.19641	3655.6155
788.24725	3638.7007
788.2981	3658.7849
788.34894	3606.428
788.39978	3627.3608
788.45056	3479.3323
788.5014	3558.2961
788.55225	3693.8442
788.60309	3783.7415
788.65393	3681.4004
788.70477	3778.2104
788.75562	3707.4956
788.8064	3746.7139
788.85724	3642.5718
788.90808	3661.1331
788.95892	3805.9731
789.00977	3844.2942
789.06061	3757.8774
789.11145	3785.3745
789.16223	3761.4412
789.21307	3897.1826
789.26392	3757.429
789.31476	3855.7104
789.3656	3857.6729
789.41644	3847.52
789.46729	3779.9426
789.51807	3765.2505
789.56891	3889.8284
789.61975	3830.1001
789.67059	3816.2896
789.72144	3836.6018
789.77228	3960.7388
789.82312	3931.249
789.87396	3968.3726
789.92474	3835.3188
789.97559	3980.1243
790.02643	3779.6582
790.07727	3857.269
790.12811	3678.0847
790.17896	3882.6218
790.2298	3894.821
790.28058	4059.8699
790.33142	3952.2056
790.38226	3991.4036
790.43311	3865.6753
790.48395	3831.7559
790.53479	3798.5532
790.58563	4017.5366
790.63641	3961.6772
790.68726	3986.1353
790.7381	4097.7246
790.78894	4117.3228
790.83978	4047.5132
790.89063	4130.2109
790.94147	4125.5776
790.99225	4053.2314
791.04309	4036.8586
791.09393	3971.2092
791.14478	4037.2524
791.19562	4054.9336
791.24646	4303.5557
791.2973	4253.7915
791.34808	4297.6611
791.39893	4160.7891
791.44977	4224.0581
791.50061	4121.6836
791.55145	4200.1987
791.60229	4172.792
791.65314	4323.9541
791.70392	4157.9819
791.75476	4260.8257
791.8056	4271.8037
791.85645	4367.6958
791.90729	4273.542
791.95813	4349.8569
792.00897	4321.3599
792.05975	4278.8428
792.1106	4208.4932
792.16144	4289.2798
792.21228	4257.3818
792.26312	4377.0308
792.31396	4338.0195
792.36481	4319.4014
792.41559	4320.1226
792.46643	4487.1274
792.51727	4420.4077
792.56812	4403.2568
792.61896	4392.2637
792.6698	4297.8262
792.72064	4251.4106
792.77142	4232.1719
792.82227	4281.9995
792.87311	4441.4097
792.92395	4522.4277
792.97479	4481.3882
793.02563	4545.5151
793.07648	4466.9795
793.12726	4350.0767
793.1781	4261.0352
793.22894	4456.4614
793.27979	4433.6885
793.33063	4459.021
793.38147	4546.2075
793.43231	4657.2749
793.48309	4581.937
793.53394	4498.3193
793.58478	4458.6157
793.63562	4589.2593
793.68646	4555.6001
793.7373	4532.2363
793.78815	4456.4238
793.83899	4644.0513
793.88977	4702.9697
793.94061	4781.6572
793.99146	4710.3311
794.0423	4834.3721
794.09314	4687.8501
794.14398	4621.561
794.19482	4594.4268
794.24561	4736.8696
794.29645	4744.7168
794.34729	4751.8833
794.39813	4704.9854
794.44897	4780.7773
794.49982	4775.9258
794.55066	4825.1479
794.60144	4836.731
794.65228	4850.4771
794.70313	4776.1953
794.75397	4692.6816
794.80481	4574.8135
794.85565	4712.6021
794.90649	4794.814
794.95728	4871.6309
795.00812	4900.2109
795.05896	4889.4111
795.1098	4863.146
795.16064	4851.7637
795.21149	4847.5327
795.26233	4827.7319
795.31311	4828.7729
795.36395	4737.3755
795.41479	4687.8135
795.46564	4763.1748
795.51648	4910.7188
795.56732	5002.438
795.61816	5008.2871
795.66895	5031.875
795.71979	4948.2993
795.77063	4808.6709
795.82147	4733.957
795.87231	4738.2363
795.92316	4914.4443
795.974	5021.6123
796.02478	5033.2783
796.07562	5028.1792
796.12646	5007.6895
796.17731	4997.6167
796.22815	4946.9097
796.27899	4955.522
796.32983	5002.5977
796.38062	5048.1133
796.43146	5069.8721
796.4823	5078.9556
796.53314	5139.5859
796.58398	5186.1611
796.63483	5193.3071
796.68567	5263.3135
796.73645	5222.5024
796.78729	5172.2891
796.83813	5123.9077
796.88898	5184.8701
796.93982	5217.7871
796.99066	5231.5059
797.0415	5081.21
797.09229	5099.4121
797.14313	5165.439
797.19397	5286.7866
797.24481	5374.5469
797.29565	5391.0991
797.3465	5334.5649
797.39734	5264.4873
797.44812	5083.9673
797.49896	5050.3745
797.5498	5084.3765
797.60065	5233.4712
797.65149	5287.6396
797.70233	5354.6641
797.75317	5317.9658
797.80396	5340.1758
797.8548	5196.8677
797.90564	5207.147
797.95648	5206.2979
798.00732	5272.2944
798.05817	5112.4023
798.10901	5128.9927
798.15985	5159.6978
798.21063	5403.6006
798.26147	5484.1025
798.31232	5585.1992
798.36316	5537.939
798.414	5500.7729
798.46484	5224.3604
798.51569	5193.9033
798.56647	5263.0762
798.61731	5502.2813
798.66815	5480.8203
798.71899	5552.5869
798.76984	5482.2505
798.82068	5612.1553
798.87152	5446.9912
798.9223	5541.5298
798.97314	5480.5337
799.02399	5537.8604
799.07483	5494.7173
799.12567	5581.8188
799.17651	5558.1201
799.22736	5697.751
799.27814	5714.2085
799.32898	5699.355
799.37982	5594.1191
799.43066	5751.9351
799.48151	5682.5151
799.53235	5731.4077
799.58319	5594.8706
799.63397	5721.0659
799.68481	5619.1528
799.73566	5588.8271
799.7865	5542.897
799.83734	5663.5825
799.88818	5776.5947
799.93903	5973.751
799.98981	5847.8784
800.04065	5778.2485
800.09149	5701.6777
800.14233	5573.7744
800.19318	5426.3467
800.24402	5623.9292
800.29486	5758.0293
800.34564	5921.1328
800.39648	5894.3955
800.44733	5908.4658
800.49817	5853.8276
800.54901	5771.1304
800.59985	5711.0352
800.6507	5727.7998
800.70148	5753.7866
800.75232	5776.4219
800.80316	5770.4443
800.854	5889.6743
800.90485	5955.3901
800.95569	6148.0063
801.00653	6025.1436
801.05731	6126.9888
801.10815	6077.3022
801.159	5852.8618
801.20984	5708.7437
801.26068	5806.0166
801.31152	5939.7124
801.36237	6194.4165
801.41315	6128.4434
801.46399	6270.1938
801.51483	6193.6987
801.56567	6265.5815
801.61652	6148.4692
801.66736	6133.5308
801.7182	6170.4453
801.76898	6267.3745
801.81982	6089.73
801.87067	6049.084
801.92151	6167.4038
801.97235	6357.6738
802.02319	6283.3066
802.07404	6351.1089
802.12488	6314.3462
802.17566	6428.5254
802.2265	6200.7305
802.27734	6292.4434
802.32819	6194.5864
802.37903	6279.9194
802.42987	6159.6987
802.48071	6183.1948
802.53149	6117.7803
802.58234	6324.6514
802.63318	6455.3447
802.68402	6478.7417
802.73486	6424.6782
802.78571	6490.5088
802.83655	6103.709
802.88733	6027.981
802.93817	6022.46
802.98901	6266.7964
803.03986	6420.167
803.0907	6632.042
803.14154	6604.2231
803.19238	6667.3164
803.24316	6348.5073
803.29401	6312.7324
803.34485	6170.9536
803.39569	6330.0874
803.44653	6540.1055
803.49738	6555.6602
803.54822	6448.251
803.599	6685.6343
803.64984	6595.2373
803.70068	6736.7788
803.75153	6657.3052
803.80237	6840.2271
803.85321	6682.2354
803.90405	6692.3457
803.95483	6399.2603
804.00568	6803.9336
804.05652	6770.417
804.10736	7013.0903
804.1582	6831.5
804.20905	6909.1899
804.25989	6809.2598
804.31067	7023.5786
804.36151	6845.8208
804.41235	6915.1235
804.4632	6857.3066
804.51404	6887.3667
804.56488	6659.8525
804.61572	6782.2061
804.6665	6733.9683
804.71735	7129.9717
804.76819	6970.2944
804.81903	7200.3174
804.86987	7045.8872
804.92072	7103.1514
804.97156	6802.5068
805.02234	6853.2939
805.07318	6786.6743
805.12402	7024.6152
805.17487	6841.939
805.22571	6939.9907
805.27655	6892.0156
805.32739	7166.2051
805.37817	7119.2715
805.42902	7242.4619
805.47986	7093.0352
805.5307	7039.7935
805.58154	6739.1704
805.63239	6735.8237
805.68323	6642.4907
805.73401	7109.8657
805.78485	7211.9819
805.83569	7474.0562
805.88654	7389.3159
805.93738	7355.2939
805.98822	7019.5063
806.03906	6927.0479
806.08984	6847.5537
806.14069	7140.9102
806.19153	7240.2612
806.24237	7395.2744
806.29321	7204.1821
806.34406	7466.2783
806.3949	7508.4521
806.44574	7512.3647
806.49652	7448.3882
806.54736	7563.7739
806.59821	7543.5703
806.64905	7421.9229
806.69989	7253.1611
806.75073	7375.9209
806.80157	7518.9653
806.85236	7598.4854
806.9032	7570.938
806.95404	7590.1899
807.00488	7593.2832
807.05573	7707.0093
807.10657	7643.7622
807.15741	7678.1494
807.20819	7698.6826
807.25903	7539.603
807.30988	7427.8022
807.36072	7303.3394
807.41156	7438.2319
807.4624	7590.6323
807.51324	7721.7041
807.56403	7785.0181
807.61487	7818.3589
807.66571	7606.5923
807.71655	7508.6113
807.7674	7351.5645
807.81824	7438.6563
807.86908	7472.7974
807.91986	7612.4326
807.9707	7593.7422
808.02155	7702.9004
808.07239	7680.4263
808.12323	7809.1968
808.17407	7744.9976
808.22491	7776.502
808.2757	7644.0693
808.32654	7572.6963
808.37738	7282.4238
808.42822	7342.2339
808.47906	7541.521
808.52991	7907.8989
808.58075	7962.0532
808.63153	8139.5264
808.68237	8103.1509
808.73322	7962.2983
808.78406	7690.5806
808.8349	7611.1318
808.88574	7658.6484
808.93658	7973.7417
808.98737	8078.0723
809.03821	8063.9751
809.08905	8064.5674
809.13989	8164.6553
809.19073	8215.1836
809.24158	8182.9751
809.29242	8132.1333
809.3432	8141.7939
809.39404	8133.5703
809.44489	7954.5781
809.49573	8058.791
809.54657	8100.4692
809.59741	8366.7988
809.64825	8333.5215
809.69904	8307.709
809.74988	8247.6416
809.80072	8408.5029
809.85156	8248.9385
809.9024	8361.6719
809.95325	8240.4814
810.00409	8273.415
810.05487	7974.0269
810.10571	7918.5728
810.15656	7776.3994
810.2074	8267.1641
810.25824	8343.6592
810.30908	8636.5811
810.35992	8511.8037
810.41071	8515.7344
810.46155	8007.6045
810.51239	7905.2158
810.56323	7687.3447
810.61407	8104.8384
810.66492	8190.1401
810.71576	8419.957
810.7666	8442.332
810.81738	8529.9287
810.86823	8404.3975
810.91907	8383.4854
810.96991	8351.4795
811.02075	8441.1953
811.07159	8371.4033
811.12244	8169.3945
811.17322	8050.0303
811.22406	8189.3984
811.2749	8518.4795
811.32574	8800.9834
811.37659	9008.0518
811.42743	8982.1992
811.47827	8965.3232
811.52905	8670.3643
811.5799	8550.8496
811.63074	8294.1953
811.68158	8755.7949
811.73242	8814.7607
811.78326	9087.6211
811.83411	8706.5713
811.88489	8980.2656
811.93573	8886.2246
811.98657	9217.3281
812.03741	8880.7676
812.08826	9156.5234
812.1391	8976.4961
812.18994	9090.3359
812.24072	8634.7725
812.29156	8756.5273
812.34241	8771.3086
812.39325	9141.8604
812.44409	8918.957
812.49493	9113.6348
812.54578	9015.8691
812.59656	9211.043
812.6474	8963.8008
812.69824	9112.5791
812.74908	8980.001
812.79993	8953.1729
812.85077	8629.5947
812.90161	8550.7744
812.95239	8575.0859
813.00323	9053.8164
813.05408	9394.4189
813.10492	9447.6855
813.15576	9545.8193
813.2066	9251.6719
813.25745	8995.2617
813.30823	8443.7393
813.35907	8596.4092
813.40991	8701.4463
813.46075	9370.7441
813.5116	9170.4238
813.56244	9563.5391
813.61328	9361.6416
813.66406	9622.5605
813.7149	9207.3926
813.76575	9283.1182
813.81659	9184.4248
813.86743	9642.7725
813.91827	9221.1055
813.96912	9206.6797
814.0199	9082.4336
814.07074	9749.8652
814.12158	9727.4424
814.17242	9967.7666
814.22327	9626.7178
814.27411	10032.123
814.32495	9649.9951
814.37573	9731.9346
814.42657	9340.5752
814.47742	9577.6123
814.52826	9876.9844
814.5791	9833.8115
814.62994	9801.6777
814.68079	9758.5596
814.73163	10002.685
814.78241	10104.829
814.83325	10185.854
814.88409	9956.0332
814.93494	10251.023
814.98578	9764.4287
815.03662	9832.3154
815.08746	9383.001
815.13824	9812.0762
815.18909	9890.1572
815.23993	10367.556
815.29077	9936.623
815.34161	10481.055
815.39246	9889.4258
815.4433	10133.935
815.49408	9777.8428
815.54492	10022.157
815.59576	9784.8652
815.64661	9896.8584
815.69745	9441.7354
815.74829	9620.3818
815.79913	9926.3516
815.84991	10364.717
815.90076	10540.183
815.9516	10601.045
816.00244	10485.832
816.05328	10168.246
816.10413	9633.7822
816.15497	9358.5215
816.20575	9700.9678
816.25659	10052.735
816.30743	10628.966
816.35828	10646.827
816.40912	10891.704
816.45996	10633.06
816.5108	10771.961
816.56158	10126.831
816.61243	10261.025
816.66327	10393.326
816.71411	10925.651
816.76495	10499.801
816.8158	10625.372
816.86664	10576.252
816.91742	11115.596
816.96826	10956.154
817.0191	11111.741
817.06995	10951.83
817.12079	11120.272
817.17163	11067.389
817.22247	10786.439
817.27325	10784.365
817.3241	11002.34
817.37494	11124.604
817.42578	10947.348
817.47662	10853.62
817.52747	10924.642
817.57831	11264.342
817.62909	11300.861
817.67993	11513.709
817.73077	11390.155
817.78162	11368.92
817.83246	10749.215
817.8833	10598.165
817.93414	10425.254
817.98492	10912.156
818.03577	11098.683
818.08661	11523.809
818.13745	11313.485
818.18829	11586.162
818.23914	11115.581
818.28998	10946.396
818.34076	10805.253
818.3916	10955.982
818.44244	11021.242
818.49329	10984.837
818.54413	10741.021
818.59497	10884.624
818.64581	11430.979
818.69659	11670.474
818.74744	11815.607
818.79828	11749.814
818.84912	11705.295
818.89996	11270.918
818.95081	10928.858
819.00165	10685.905
819.05249	11243.247
819.10327	11654.902
819.15411	12133.477
819.20496	12084.818
819.2558	12250.239
819.30664	12152.226
819.35748	11919.249
819.40833	11606.397
819.45911	11678.791
819.50995	11835.06
819.56079	12053.193
819.61163	11930.518
819.66248	11888.321
819.71332	12113.865
819.76416	12366.857
819.81494	12466.1
819.86578	12306.114
819.91663	12546.966
819.96747	12497.36
820.01831	12406.134
820.06915	12061.829
820.12	12163.818
820.17078	12223.717
820.22162	12415.421
820.27246	12192.838
820.3233	12062.884
820.37415	12143.839
820.42499	12594.955
820.47583	12655.037
820.52661	12732.534
820.57745	12689.428
820.6283	12439.542
820.67914	11941.687
820.72998	11520.212
820.78082	11545.439
820.83167	12025.942
820.88245	12610.669
820.93329	12865.265
820.98413	13009.424
821.03497	12739.244
821.08582	12568.894
821.13666	12018.612
821.1875	11827.347
821.23828	11893.539
821.28912	12356.098
821.33997	12303.238
821.39081	12320.31
821.44165	12588.406
821.49249	12977.073
821.54333	13169.917
821.59412	13120.866
821.64496	13131.079
821.6958	13102.896
821.74664	12896.233
821.79749	12534.762
821.84833	12398.692
821.89917	12529.34
821.94995	13129.39
822.00079	13448.169
822.05164	13538.652
822.10248	13499.552
822.15332	13677.42
822.20416	13534.146
822.255	13156.555
822.30579	13018.304
822.35663	13365.198
822.40747	13623.434
822.45831	13529.01
822.50916	13201.577
822.56	13235.888
822.61084	13634.312
822.66162	13799.673
822.71246	13936.13
822.76331	13926.303
822.81415	13814.746
822.86499	13577.971
822.91583	13340.264
822.96667	13104.655
823.01752	13377.639
823.0683	13627.022
823.11914	13400.666
823.16998	13216.128
823.22083	13495.274
823.27167	13719.489
823.32251	13971.521
823.37335	14057.6
823.42413	13880.371
823.47498	13763.894
823.52582	13306.714
823.57666	12754.843
823.6275	12469.916
823.67834	13062.318
823.72919	13765.81
823.77997	14342.3
823.83081	14581.04
823.88165	14577.812
823.9325	14254.869
823.98334	13587.415
824.03418	13047.309
824.08502	13019.619
824.1358	13467.846
824.18665	13950.67
824.23749	14168.488
824.28833	14112.941
824.33917	14365.921
824.39001	14577.501
824.44086	14606.107
824.49164	14345.426
824.54248	14447.247
824.59332	14478.052
824.64417	14288.563
824.69501	13994.492
824.74585	14099.551
824.79669	14462.974
824.84747	14819.961
824.89832	15069.291
824.94916	14984.689
825	15020.985
825.05084	15099.928
825.10168	14978.484
825.15253	14707.248
825.20331	14835.181
825.25415	15031.93
825.30499	15014.513
825.35583	14487.059
825.40668	14370.37
825.45752	14661.952
825.50836	15157.939
825.55914	15325.768
825.60999	15415.542
825.66083	15470.817
825.71167	15304.284
825.76251	14903.337
825.81335	14219.122
825.8642	14091.276
825.91498	14439.981
825.96582	14877.388
826.01666	14687.109
826.0675	14794.067
826.11835	14898.911
826.16919	15142.562
826.22003	15160.557
826.27081	15296.87
826.32166	15170.092
826.3725	14930.266
826.42334	14500.635
826.47418	13831.405
826.52502	13773.951
826.57587	14381.511
826.62665	15282.782
826.67749	15889.478
826.72833	16123.918
826.77917	15808.265
826.83002	15541.574
826.88086	14697.815
826.9317	14130.895
826.98248	14208.213
827.03333	14963.322
827.08417	15478.624
827.13501	15749.936
827.18585	15723.213
827.23669	15918.924
827.28754	16140.784
827.33838	15741.432
827.38916	15581.603
827.44	15629.907
827.49084	16048.554
827.54169	15856.638
827.59253	15600.357
827.64337	15431.137
827.69421	15865.201
827.745	16217.532
827.79584	16422.072
827.84668	16257.791
827.89752	16348.186
827.94836	16552.619
827.99921	16420.004
828.05005	16175.488
828.10083	16164.729
828.15167	16445.332
828.20251	16038.785
828.25336	15526.42
828.3042	15275.211
828.35504	15879.051
828.40588	16362.784
828.45667	17000.965
828.50751	17051.098
828.55835	16922.537
828.60919	16651.033
828.66003	15962.343
828.71088	15221.138
828.76172	15090.496
828.8125	15435.292
828.86334	15884.78
828.91418	16307.198
828.96503	16301.27
829.01587	16603.186
829.06671	16534.398
829.11755	16539.871
829.16833	16050.465
829.21918	16141.858
829.27002	16211.911
829.32086	16176.615
829.3717	15566.76
829.42255	15375.209
829.47339	15900.522
829.52417	16778.238
829.57501	17526.035
829.62585	17582.25
829.6767	17685.549
829.72754	17389.633
829.77838	16850.377
829.82922	15920.557
829.88	15953.906
829.93085	16530.221
829.98169	17369.506
830.03253	17544.191
830.08337	17672.596
830.13422	17739.84
830.18506	17939.926
830.23584	17830.043
830.28668	17538.166
830.33752	17634.066
830.38837	17816.732
830.43921	17973.451
830.49005	17463.125
830.54089	17235.414
830.59167	17492.193
830.64252	18115.08
830.69336	18152.561
830.7442	18124.291
830.79504	18040.336
830.84589	18237.877
830.89673	18301.629
830.94751	17948.977
830.99835	17818.529
831.04919	17946.367
831.10004	17935.023
831.15088	17264.629
831.20172	16859.598
831.25256	16852.969
831.30341	17731.232
831.35419	18467.908
831.40503	19057.635
831.45587	18957.184
831.50671	18634.146
831.55756	17928.348
831.6084	16816.332
831.65924	16212.395
831.71002	16463.332
831.76086	17513.705
831.81171	18310.607
831.86255	18731.863
831.91339	18717.854
831.96423	18839.803
832.01508	18428
832.06586	17990.215
832.1167	17658.703
832.16754	17951.283
832.21838	18289.799
832.26923	18108.912
832.32007	17773.414
832.37091	17959.621
832.42169	18697.545
832.47253	19293.621
832.52338	19684.738
832.57422	19554.516
832.62506	19718.848
832.6759	19287.662
832.72675	18703.68
832.77753	18030.492
832.82837	18322.311
832.87921	19237.482
832.93005	19873.637
832.9809	19833.023
833.03174	19729.256
833.08258	20007.363
833.13336	20079.717
833.1842	20170.852
833.23505	19960.549
833.28589	20124.67
833.33673	20127.039
833.38757	19994.908
833.43842	19250.65
833.4892	18872.428
833.54004	19354.781
833.59088	20085.23
833.64172	20298.484
833.69257	20249.613
833.74341	20423.846
833.79425	20410.205
833.84503	20252.316
833.89587	19702.086
833.94672	19746.555
833.99756	19787.311
834.0484	19721.27
834.09924	19066.984
834.15009	18652.119
834.20087	18953.402
834.25171	19931.184
834.30255	20806.217
834.35339	21144.037
834.40424	21296.656
834.45508	20859.32
834.50592	19993.424
834.5567	18604.596
834.60754	18099.646
834.65839	18526.963
834.70923	19778.879
834.76007	20825.68
834.81091	21465.486
834.86176	21626.188
834.91254	21471.842
834.96338	20904.611
835.01422	19900.008
835.06506	19698.957
835.11591	20088.484
835.16675	20837.232
835.21759	20755.324
835.26837	20620.826
835.31921	20766.902
835.37006	21502.049
835.4209	22087.648
835.47174	22104.719
835.52258	22116.219
835.57343	22179.672
835.62427	22174.416
835.67505	21434.705
835.72589	20994.215
835.77673	21096.143
835.82758	21987.875
835.87842	22369.844
835.92926	22293.455
835.9801	21840.813
836.03088	22129.504
836.08173	22675.678
836.13257	22745.104
836.18341	22703.596
836.23425	22634.211
836.2851	22818.129
836.33594	22092.135
836.38672	21267.191
836.43756	20634.311
836.4884	21219.813
836.53925	21936.371
836.59009	22740.678
836.64093	22942.58
836.69177	22855.291
836.74255	22883.258
836.7934	22355.869
836.84424	21757.51
836.89508	21157.139
836.94592	21483.813
836.99677	21457.238
837.04761	21396.367
837.09839	20963.137
837.14923	21246.754
837.20007	22065.398
837.25092	22819.104
837.30176	23288.154
837.3526	23341.982
837.40344	23352.699
837.45422	22296.127
837.50507	21209.748
837.55591	20113.604
837.60675	20576.063
837.65759	21835.709
837.70844	23420.293
837.75928	24186.629
837.81006	24415.125
837.8609	24501.398
837.91174	23771.701
837.96259	22878.578
838.01343	21870.402
838.06427	22336.244
838.11511	23083.682
838.16589	23875.504
838.21674	23502.469
838.26758	23524.496
838.31842	23959.875
838.36926	24510.164
838.4201	24579.031
838.47095	24160.086
838.52173	24633.34
838.57257	24606.58
838.62341	24745.406
838.67426	23794.059
838.7251	23660.365
838.77594	23803.129
838.82678	24542.777
838.87756	24565.416
838.92841	24026.408
838.97925	23879.01
839.03009	24472.451
839.08093	25269.102
839.13177	24975.754
839.18262	25235.549
839.2334	24885.221
839.28424	24680.592
839.33508	23354.309
839.38593	22337.439
839.43677	22086.043
839.48761	23106.389
839.53845	24512.219
839.58929	25187.227
839.64008	25796.982
839.69092	25364.727
839.74176	25216.5
839.7926	23657.482
839.84344	22772.055
839.89429	22318.42
839.94513	23436.814
839.99591	23990.238
840.04675	23786.725
840.0976	23958.299
840.14844	24183.598
840.19928	25160.234
840.25012	25125.736
840.30096	25411.77
840.35175	24984.18
840.40259	25407.414
840.45343	24533.08
840.50427	23384.525
840.55511	22679.695
840.60596	23223.975
840.6568	24988.332
840.70758	26154.16
840.75842	27118.334
840.80927	26562.313
840.86011	27288.438
840.91095	26232.23
840.96179	25244.18
841.01263	24444.232
841.06342	24908.426
841.11426	25872.404
841.1651	26332.758
841.21594	26325.76
841.26678	25747.588
841.31763	26639.412
841.36847	26894.201
841.41925	27626.426
841.47009	26621.652
841.52094	26976.363
841.57178	27404.279
841.62262	27036.729
841.67346	26162.627
841.7243	25150.627
841.77509	26167.621
841.82593	26368.619
841.87677	26855.311
841.92761	25868.766
841.97845	26073.842
842.0293	26450.088
842.08014	27364.037
842.13092	27642.939
842.18176	27153.752
842.2326	27367.32
842.28345	26269.645
842.33429	25479.629
842.38513	23438.816
842.43597	23768.238
842.48676	24672.273
842.5376	26690.748
842.58844	27865.369
842.63928	28481.754
842.69012	28616.838
842.74097	27337.65
842.79181	26027.359
842.84259	24072.428
842.89343	24202.41
842.94427	24678.176
842.99512	26368.094
843.04596	26812.504
843.0968	27145.203
843.14764	27377.207
843.19843	27671.914
843.24927	28189.619
843.30011	27094.582
843.35095	27495.779
843.40179	27335.129
843.45264	27954.359
843.50348	26470.232
843.55426	25885.729
843.6051	26215.842
843.65594	27667.756
843.70679	29309.256
843.75763	29087.908
843.80847	29720.195
843.85931	29078.576
843.91016	29918.178
843.96094	28442.48
844.01178	27859.408
844.06262	27588.162
844.11346	28742.594
844.16431	29660.75
844.21515	28672.965
844.26599	28521.32
844.31677	28078.578
844.36761	29763.289
844.41846	29848.826
844.4693	30412.443
844.52014	29894.588
844.57098	30198.025
844.62183	29667.205
844.67261	28210.961
844.72345	27584.117
844.77429	26888.68
844.82513	28402.414
844.87598	28421.313
844.92682	28831.215
844.97766	28385.539
845.02844	29094.076
845.07928	29714.129
845.13013	29576.201
845.18097	29788.186
845.23181	28863.51
845.28265	29565.5
845.3335	27688.045
845.38428	26826.17
845.43512	25315.518
845.48596	26647.77
845.5368	28490.682
845.58765	30194.885
845.63849	31604.244
845.68933	31258.578
845.74011	31520.689
845.79095	29015.941
845.8418	27415.164
845.89264	25709.576
845.94348	26549.518
845.99432	28142.209
846.04517	30036.613
846.09595	30898.512
846.14679	30361.363
846.19763	31253.277
846.24847	30877.26
846.29932	30996.289
846.35016	29455.975
846.401	29959.424
846.45178	30538.408
846.50262	30897.568
846.55347	30263.709
846.60431	29041.908
846.65515	30462.115
846.70599	31145.727
846.75684	33120.313
846.80762	32056.148
846.85846	32341.396
846.9093	32365.844
846.96014	32337.555
847.01099	32225.805
847.06183	30817.498
847.11267	31661.723
847.16345	31647.623
847.21429	32571.479
847.26514	30635.25
847.31598	30321.574
847.36682	30545.092
847.41766	32117.613
847.46851	33367.164
847.51929	33081.262
847.57013	33854.508
847.62097	32835.633
847.67181	32447.676
847.72266	29765.146
847.7735	28702.221
847.82434	28839.332
847.87512	30332.984
847.92596	31714.416
847.97681	31530.443
848.02765	32248.199
848.07849	31787.465
848.12933	32783.645
848.18018	31716.105
848.23102	31656.477
848.2818	31019.273
848.33264	31107.625
848.38348	30948.803
848.43433	29015.914
848.48517	29058.506
848.53601	29225.123
848.58685	32299.305
848.63763	33260.141
848.68848	34517.715
848.73932	34239.77
848.79016	33903.066
848.841	32593.742
848.89185	29736.482
848.94269	29013.684
848.99347	29020.049
849.04431	31972.041
849.09515	33412.043
849.146	34442.547
849.19684	34216.969
849.24768	34469.438
849.29852	35047.797
849.3493	33306.215
849.40015	32997.996
849.45099	32678.719
849.50183	34402.914
849.55267	34374.613
849.60352	33858.133
849.65436	32935.523
849.70514	33152.078
849.75598	34849.191
849.80682	35028.398
849.85767	35564.285
849.90851	34368.262
849.95935	35350.27
850.01019	35377.633
850.06097	35059.113
850.11182	34292.652
850.16266	33746.555
850.2135	34867.23
850.26434	34241.84
850.31519	33615.898
850.36603	31684.344
850.41681	32657.381
850.46765	34251.719
850.51849	35767.164
850.56934	36799.52
850.62018	36575.617
850.67102	36651.922
850.72186	34119.371
850.77264	32335.984
850.82349	30008.787
850.87433	30329.18
850.92517	31838.01
850.97601	33883.18
851.02686	35443.945
851.0777	35506.148
851.12848	36388.34
851.17932	35081.941
851.23016	34645.797
851.28101	32606.168
851.33185	32753.273
851.38269	33382.07
851.43353	33577.559
851.48431	33457.141
851.53516	32132.988
851.586	33139.926
851.63684	34029.594
851.68768	36507.012
851.73853	36740.855
851.78937	37083.918
851.84015	37305.926
851.89099	36348.289
851.94183	35095.109
851.99268	32346.664
852.04352	32923.238
852.09436	34229.469
852.1452	37205.613
852.19604	38231.594
852.24683	38043.211
852.29767	38267.898
852.34851	38089.758
852.39935	38609.281
852.4502	36599.645
852.50104	36631.633
852.55188	36927.496
852.60266	38153.355
852.6535	37739.668
852.70435	36065.203
852.75519	36196.086
852.80603	36572.738
852.85687	38567.676
852.90771	38235.383
852.9585	38350.109
853.00934	38135.742
853.06018	38744.426
853.11102	38653.613
853.16187	37182.414
853.21271	36905.523
853.26355	36233.051
853.31433	37088.469
853.36517	36171.641
853.41602	35008.469
853.46686	34381.754
853.5177	35506.953
853.56854	38079.277
853.61938	39152.406
853.67017	40216.223
853.72101	39376.992
853.77185	38859.145
853.82269	35918.637
853.87354	33143.215
853.92438	31681.266
853.97522	32331.445
854.026	35705.316
854.07684	38099.484
854.12769	40118.652
854.17853	39618.543
854.22937	40038.668
854.28021	38837.406
854.33105	36272.363
854.38184	34898.547
854.43268	34719.664
854.48352	36766.723
854.53436	37269.801
854.58521	37632.293
854.63605	37022.758
854.68689	37773.203
854.73767	39357.211
854.78851	40277.898
854.83936	40669.637
854.8902	39942.746
854.94104	40636.77
854.99188	39956.891
855.04272	38815.91
855.09351	37227.504
855.14435	37158.008
855.19519	39191.984
855.24603	40920.309
855.29688	41892.539
855.34772	40765.203
855.39856	41052.586
855.44934	41508.746
855.50018	41752.082
855.55103	40821.18
855.60187	40275.207
855.65271	41307.539
855.70355	41430.996
855.75439	40801.34
855.80518	38102.039
855.85602	37445.602
855.90686	38901.832
855.9577	40911.027
856.00854	41825.145
856.05939	41487.598
856.11023	42092.773
856.16101	41797.098
856.21185	41243.363
856.2627	39149.051
856.31354	37871.121
856.36438	38166.488
856.41522	38898.125
856.46606	39258.133
856.51691	37917.809
856.56769	37880.48
856.61853	38573.043
856.66937	40793.57
856.72021	41870.605
856.77106	42088.262
856.8219	42275.996
856.87274	41021.348
856.92352	39140.133
856.97437	35607.402
857.02521	34087.398
857.07605	34970.012
857.12689	38137.965
857.17773	41290.316
857.22858	42937.527
857.27936	43920.004
857.3302	43309.258
857.38104	42156.191
857.43188	39304.746
857.48273	37237.813
857.53357	36989.215
857.58441	38941.223
857.63519	41337.219
857.68604	41345.762
857.73688	41185.328
857.78772	41481.789
857.83856	43075.32
857.8894	43237.488
857.94025	43035.75
857.99103	43017.129
858.04187	43047.645
858.09271	43697.711
858.14355	42581.813
858.1944	41382.195
858.24524	40427.77
858.29608	41960.863
858.34686	43748.723
858.39771	43821.352
858.44855	43031.348
858.49939	42553.359
858.55023	43951.762
858.60107	44054.59
858.65192	44300.59
858.7027	43672.48
858.75354	43891.48
858.80438	44296.723
858.85522	42536.293
858.90607	40138.02
858.95691	37808.609
859.00775	38789.813
859.05853	41258.168
859.10938	43927.094
859.16022	44912.391
859.21106	44901.582
859.2619	45163.063
859.31274	43317.82
859.36359	41153.629
859.41437	38321.992
859.46521	38097.594
859.51605	39462.613
859.56689	40519.266
859.61774	40951.77
859.66858	39881.414
859.71942	40837.102
859.7702	41821.555
859.82104	43374.711
859.87189	43160.531
859.92273	42389.805
859.97357	42969.086
860.02441	41883.551
860.07526	39981.27
860.12604	36919.813
860.17688	36774.406
860.22772	38691.047
860.27856	42546.789
860.32941	45513.543
860.38025	45651.012
860.43109	46720.156
860.48193	45710.695
860.53271	44229.281
860.58356	40955.773
860.6344	39166.164
860.68524	40348.746
860.73608	42727.277
860.78693	45528.965
860.83777	44538.125
860.88855	44710.961
860.93939	44818.66
860.99023	46132.805
861.04108	46530.543
861.09192	45034.609
861.14276	45145.027
861.1936	45159.387
861.24438	46711.137
861.29523	44883.832
861.34607	42831.09
861.39691	42495.941
861.44775	43379.078
861.4986	46095.699
861.54944	44690.609
861.60022	44175.691
861.65106	43646.336
861.7019	45416.746
861.75275	46613.789
861.80359	45691.273
861.85443	45982.664
861.90527	45051.824
861.95605	45564.145
862.0069	42571.441
862.05774	39889.137
862.10858	38578.59
862.15942	39224.98
862.21027	43534.324
862.26111	45764.906
862.31189	48148.789
862.36273	47733.777
862.41357	47224.648
862.46442	44616.133
862.51526	40368.207
862.5661	38394.508
862.61694	37563.223
862.66772	40581.133
862.71857	42672.117
862.76941	43816.793
862.82025	44149.754
862.87109	44052.211
862.92194	45958.172
862.97278	44762.398
863.02356	44120.449
863.0744	43253.977
863.12524	43618.629
863.17609	44663.789
863.22693	42528.957
863.27777	41487.805
863.32861	39687.016
863.37939	42621.727
863.43024	45485.281
863.48108	48175.773
863.53192	49339.586
863.58276	48018.855
863.63361	49400.676
863.68445	46969.129
863.73523	45177.262
863.78607	42676.301
863.83691	42831.91
863.88776	46405.035
863.9386	47220.195
863.98944	48602.371
864.04028	46058.512
864.09106	46978.348
864.14191	47695.332
864.19275	48319.328
864.24359	48863.535
864.29443	46971.137
864.34528	48957.809
864.39612	48483.57
864.4469	47879.16
864.49774	45134.586
864.54858	42961.238
864.59943	45291.754
864.65027	45960.48
864.70111	48124.105
864.75195	46132.5
864.8028	46056.742
864.85358	47231.289
864.90442	47742.227
864.95526	48301.305
865.0061	45844.363
865.05695	47257.066
865.10779	46171.895
865.15863	44988.066
865.20941	42107.547
865.26025	39139.508
865.3111	40833.094
865.36194	42658.418
865.41278	47917.406
865.46362	49604.559
865.51447	50929.602
865.56525	50834.418
865.61609	47372.91
865.66693	44259.496
865.71777	39176.469
865.76862	38734.184
865.81946	40083.613
865.8703	43964.746
865.92108	47294.34
865.97192	47731.715
866.02277	49160.957
866.07361	48523.348
866.12445	48905.801
866.17529	46708.602
866.22614	44367.348
866.27692	45053.777
866.32776	45910.703
866.3786	48077.742
866.42944	46037.586
866.48029	44951.238
866.53113	45257.305
866.58197	47804.188
866.63275	51189.441
866.68359	50399.988
866.73444	50872.957
866.78528	50228.789
866.83612	51092.063
866.88696	50225.336
866.93781	47112.656
866.98859	46790.227
867.03943	47046.102
867.09027	50191.793
867.14111	50114.781
867.19196	48259.547
867.2428	47236.75
867.29364	47675.555
867.34442	50608.738
867.39526	50980.746
867.44611	51177.117
867.49695	50961.047
867.54779	50982.84
867.59863	50597.977
867.64948	46617.816
867.70026	44109.242
867.7511	42991.758
867.80194	45206.391
867.85278	47865.172
867.90363	48663.98
867.95447	48975.578
868.00531	48194.652
868.05609	49431.336
868.10693	48638.703
868.15778	47256.824
868.20862	46156.156
868.25946	45470.113
868.3103	46361.723
868.36115	44845.449
868.41193	42965.191
868.46277	41063.523
868.51361	42032.445
868.56445	45529.668
868.6153	48559.43
868.66614	51217.02
868.71698	51241.949
868.76782	51080.91
868.8186	48822.227
868.86945	44349.402
868.92029	40843.543
868.97113	39398.398
869.02197	42046.52
869.07281	45856.004
869.12366	49630.488
869.17444	51247.27
869.22528	51153.563
869.27612	51662.707
869.32697	50228.676
869.37781	48133.77
869.42865	45806.52
869.47949	45709.371
869.53027	47627.934
869.58112	49048.875
869.63196	49110.242
869.6828	47303.969
869.73364	47585.262
869.78448	49286.016
869.83533	51207.344
869.88611	51420.148
869.93695	50137.961
869.98779	50454.895
870.03864	50948.242
870.08948	50874.539
870.14032	49042.027
870.19116	47569.055
870.24194	48118.184
870.29279	49392.863
870.34363	49761.836
870.39447	47198.379
870.44531	45382.992
870.49615	46030.727
870.547	48752.227
870.59778	51118.02
870.64862	51321.063
870.69946	51620.688
870.75031	51018.75
870.80115	49524.363
870.85199	45758.297
870.90283	41516.27
870.95361	40319.906
871.00446	41875.828
871.0553	45747.711
871.10614	48157.25
871.15698	49185.832
871.20782	49410.883
871.25867	48994.93
871.30945	48025.055
871.36029	45004.359
871.41113	42792.785
871.46198	42292.313
871.51282	43335.809
871.56366	44354.27
871.6145	43237.801
871.66528	42271.445
871.71613	42140.742
871.76697	44669.652
871.81781	47265.641
871.86865	48676.859
871.91949	49144.016
871.97034	48630.004
872.02112	48408.207
872.07196	45595.102
872.1228	41923.621
872.17365	39640.844
872.22449	40573.348
872.27533	44774.613
872.32617	48055.664
872.37695	50339.18
872.4278	50174.867
872.47864	50212.813
872.52948	50189.18
872.58032	47941.484
872.63116	45779.707
872.68201	44356.914
872.73279	46126.539
872.78363	48353.973
872.83447	48441.078
872.88531	47270.293
872.93616	45204.504
872.987	46753.098
873.03784	48258.832
873.08868	49059.684
873.13947	48406.508
873.19031	47200.844
873.24115	48817.645
873.29199	48659.16
873.34283	47898.176
873.39368	45660.813
873.44452	44466.457
873.4953	45662.973
873.54614	45515.625
873.59698	45315.793
873.64783	42653.668
873.69867	41666.715
873.74951	43480.012
873.80035	45616.613
873.85114	48699.941
873.90198	48313.902
873.95282	48087.699
874.00366	47146.074
874.0545	43808.844
874.10535	39933.715
874.15619	36032.914
874.20697	36356.047
874.25781	38761.156
874.30865	42941.746
874.3595	46240.133
874.41034	46851.883
874.46118	47791.719
874.51202	45896.082
874.56281	43398.25
874.61365	39928.852
874.66449	36957.453
874.71533	38047.469
874.76617	39639.793
874.81702	41929.777
874.86786	41444.543
874.91864	40876.254
874.96948	42009.344
875.02032	42954.75
875.07117	45205.973
875.12201	44441.313
875.17285	44084.965
875.22369	44240.582
875.27448	43970.07
875.32532	43246.461
875.37616	39695.48
875.427	38449.758
875.47784	39269.969
875.52869	42549.961
875.57953	46255.691
875.63031	45841.727
875.68115	45868.777
875.73199	45124.543
875.78284	45601.379
875.83368	45048.809
875.88452	42441.441
875.93536	42275.965
875.98615	42387.223
876.03699	44539.855
876.08783	43949.672
876.13867	41402.023
876.18951	40356.406
876.24036	40314.543
876.2912	43577.902
876.34198	44360.293
876.39282	44043.637
876.44366	44090.648
876.49451	43823.313
876.54535	44456.051
876.59619	41823.355
876.64703	39624.73
876.69781	38256.098
876.74866	38681.051
876.7995	40524.762
876.85034	39168.766
876.90118	38390.438
876.95203	36927.113
877.00287	38315.609
877.05365	40908.656
877.10449	41182.828
877.15533	42766.98
877.20618	41304.422
877.25702	41250.379
877.30786	39352.656
877.3587	34855.266
877.40955	32603.75
877.46033	30879.391
877.51117	33788.93
877.56201	37400.352
877.61285	40991.098
877.6637	43601.809
877.71454	42544.324
877.76538	43247.793
877.81616	39622.879
877.867	35678.023
877.91785	33002.863
877.96869	32133.402
878.01953	35691.352
878.07037	37565.555
878.12122	39543.441
878.172	39446.711
878.22284	38690.07
878.27368	41076.652
878.32452	40127.008
878.37537	40686.785
878.42621	38478.41
878.47705	38516.395
878.52783	40660.316
878.57867	39895.746
878.62952	39186.043
878.68036	36100.184
878.7312	36235.527
878.78204	38715.941
878.83289	39909.063
878.88367	41964.809
878.93451	39375.957
878.98535	39885.781
879.03619	40487.449
879.08704	40282.336
879.13788	41061.977
879.18872	37814.242
879.2395	38808.16
879.29034	39195.84
879.34119	39042.152
879.39203	37579.395
879.44287	33127.109
879.49371	34189.906
879.54456	35121.855
879.59534	38542.016
879.64618	40447.191
879.69702	38819.68
879.74786	40322.145
879.79871	38192.602
879.84955	37496.328
879.90039	33746.281
879.95117	29947.896
880.00201	31402.525
880.05286	32041.521
880.1037	34917.523
880.15454	33669.582
880.20538	32293.969
880.25623	33594.484
880.30701	32818.25
880.35785	34993.461
880.40869	33712.176
880.45953	32776.125
880.51038	32935.48
880.56122	31956.529
880.61206	31611.979
880.66284	27513.289
880.71368	25730.143
880.76453	26143.154
880.81537	27752.568
880.86621	32373.313
880.91705	33294.281
880.9679	34772.059
881.01868	33782.617
881.06952	32193.922
881.12036	30654.848
881.1712	26348.646
881.22205	24742.813
881.27289	24683.695
881.32373	27246.139
881.37457	30063.141
881.42535	29731.5
881.4762	30008.133
881.52704	28795.537
881.57788	29291.813
881.62872	29356.021
881.67957	27336.008
881.73041	27018.67
881.78119	26445.396
881.83203	27852.539
881.88287	27686.408
881.93372	25639.965
881.98456	24949.762
882.0354	23916.287
882.08624	25531.977
882.13702	26179.609
882.18787	25219.832
882.23871	24864.016
882.28955	23730.117
882.34039	25017.547
882.39124	24708.814
882.44208	24114.521
882.49286	23641.354
882.5437	22564.734
882.59454	23360.555
882.64539	21844.391
882.69623	19939.361
882.74707	18399.336
882.79791	17671.287
882.84869	19579.865
882.89954	20806.75
882.95038	22125.371
883.00122	22185.344
883.05206	21472.82
883.10291	20937.785
883.15375	18624.674
883.20453	16746.898
883.25537	15025.056
883.30621	14793.199
883.35706	16039.563
883.4079	16859.32
883.45874	17707.545
883.50958	17366.59
883.56036	17187.848
883.61121	17503.996
883.66205	16869.453
883.71289	16383.217
883.76373	15362.192
883.81458	15290.993
883.86542	15635.375
883.9162	15188.995
883.96704	14395.236
884.01788	13262.634
884.06873	13381.539
884.11957	14284.393
884.17041	15525.502
884.22125	16479.836
884.27203	16204.58
884.32288	16233.469
884.37372	15750.824
884.42456	14766.436
884.4754	13645.886
884.52625	12338.898
884.57709	12479.838
884.62787	13280.728
884.67871	14402.439
884.72955	14789.926
884.7804	14051.223
884.83124	13930.612
884.88208	13960.516
884.93292	14217.02
884.9837	13905.396
885.03455	13191.299
885.08539	13213.976
885.13623	13373.943
885.18707	13670.106
885.23792	12925.458
885.28876	11851.514
885.33954	11668.725
885.39038	11983.342
885.44122	12688.558
885.49207	12428.776
885.54291	11971.657
885.59375	11895.341
885.64459	11904.954
885.69543	12381.117
885.74622	11925.949
885.79706	11451.499
885.8479	11236.222
885.89874	11140.947
885.94958	11104.246
886.00043	10093.107
886.05127	9319.252
886.10205	8946.6924
886.15289	9391.6709
886.20374	10577.993
886.25458	11093.547
886.30542	11536.897
886.35626	11539.272
886.4071	11142.185
886.45789	10498.215
886.50873	8965.8496
886.55957	7904.6216
886.61041	7500.2139
886.66125	8112.1929
886.7121	9270.3555
886.76294	9923.5195
886.81372	10436.156
886.86456	10261.529
886.91541	10311.985
886.96625	10042.956
887.01709	9236.9678
887.06793	8911.6689
887.11877	8424.6553
887.16956	8908.1992
887.2204	9443.3193
887.27124	9222.8613
887.32208	9061.751
887.37292	8481.7197
887.42377	8901.1729
887.47461	9765.1797
887.52539	9965.4609
887.57623	10211.966
887.62708	9727.0859
887.67792	10031.002
887.72876	10083.301
887.7796	9384.417
887.83044	8808.708
887.88123	8203.8203
887.93207	8811.0781
887.98291	9599.5059
888.03375	9700.2422
888.08459	9822.2334
888.13544	9077.5684
888.18628	9467.4063
888.23706	9757.2002
888.2879	9812.5703
888.33875	9878.292
888.38959	9192.0508
888.44043	9635.5391
888.49127	9795.8447
888.54211	9250.1309
888.5929	8771.6436
888.64374	7819.0332
888.69458	8084.0264
888.74542	8577.1182
888.79626	9034.876
888.84711	9472.9365
888.89795	8764.46
888.94873	8907.9814
888.99957	9120.21
889.05042	8720.5781
889.10126	8750.7549
889.1521	7905.6074
889.20294	8113.6743
889.25378	8266.3643
889.30457	8005.5439
889.35541	7757.6611
889.40625	6743.5181
889.45709	7021.4824
889.50793	7202.5464
889.55878	8099.6216
889.60962	8822.541
889.66046	8635.9131
889.71124	9142.4053
889.76208	8619.2822
889.81293	7794.1919
889.86377	6889.7798
889.91461	5840.9536
889.96545	5866.8911
890.0163	6093.9688
890.06708	7160.748
890.11792	7982.439
890.16876	8101.9512
890.2196	8499.3975
890.27045	8212.8584
890.32129	7746.9751
890.37213	7191.8027
890.42291	6407.1777
890.47375	6162.7041
890.5246	6311.8081
890.57544	6709.7207
890.62628	7067.3936
890.67712	6547.9609
890.72797	6466.0767
890.77875	6475.7871
890.82959	6831.6929
890.88043	7066.0942
890.93127	6665.9077
890.98212	6700.3345
891.03296	6467.1265
891.0838	6541.5601
891.13458	6475.0337
891.18542	5798.23
891.23627	5702.8491
891.28711	5649.5229
891.33795	5970.1318
891.38879	6103.3872
891.43964	5476.3345
891.49042	5308.3501
891.54126	5201.7329
891.5921	5452.5601
891.64294	5705.3682
891.69379	5468.9043
891.74463	5401.2461
891.79547	5309.0903
891.84625	5312.0967
891.89709	4937.1929
891.94794	4250.4478
891.99878	3858.9695
892.04962	3696.7229
892.10046	4006.6675
892.15131	4354.7725
892.20209	4476.9072
892.25293	4591.6016
892.30377	4458.2954
892.35461	4356.0239
892.40546	4150.3315
892.4563	3718.9419
892.50714	3434.0752
892.55792	3231.0012
892.60876	3319.0173
892.65961	3457.3457
892.71045	3345.6482
892.76129	3229.0891
892.81213	3082.9353
892.86298	3133.5405
892.91376	3297.989
892.9646	3426.4219
893.01544	3475.5854
893.06628	3406.0269
893.11713	3416.6165
893.16797	3288.4141
893.21881	2934.5923
893.26959	2534.4546
893.32043	2347.8643
893.37128	2507.0688
893.42212	2746.6401
893.47296	3053.7129
893.5238	3217.5706
893.57465	3179.2036
893.62543	3225.2288
893.67627	3105.6089
893.72711	2858.3699
893.77795	2544.9521
893.8288	2314.4358
893.87964	2460.0034
893.93048	2586.1375
893.98132	2689.8313
894.0321	2647.5613
894.08295	2521.5037
894.13379	2479.9939
894.18463	2570.0999
894.23547	2681.6492
894.28632	2601.4858
894.33716	2439.2734
894.38794	2499.9812
894.43878	2499.5105
894.48962	2470.9871
894.54047	2347.6069
894.59131	2103.51
894.64215	2076.4854
894.69299	2160.3484
894.74377	2142.6729
894.79462	2185.823
894.84546	1994.5347
894.8963	1932.057
894.94714	1898.6299
894.99799	1981.0239
895.04883	2155.4678
895.09961	2047.3988
895.15045	2027.3579
895.20129	2021.3391
895.25214	1901.8655
895.30298	1764.984
895.35382	1436.5845
895.40466	1329.2244
895.45544	1371.8231
895.50629	1520.9154
895.55713	1763.8479
895.60797	1787.3021
895.65881	1874.8477
895.70966	1892.1753
895.7605	1747.7595
895.81128	1618.4463
895.86212	1392.0002
895.91296	1199.7026
895.96381	1279.8975
896.01465	1355.2784
896.06549	1433.7249
896.11633	1430.3717
896.16711	1396.5685
896.21796	1418.5107
896.2688	1448.7415
896.31964	1545.7333
896.37048	1464.1241
896.42133	1446.4613
896.47217	1481.2684
896.52295	1423.9535
896.57379	1478.0569
896.62463	1293.9183
896.67548	1166.2312
896.72632	1129.3447
896.77716	1215.1123
896.828	1386.6232
896.87878	1460.3132
896.92963	1491.7217
896.98047	1456.9052
897.03131	1424.3284
897.08215	1463.9707
897.133	1395.952
897.18384	1254.9087
897.23462	1196.0347
897.28546	1201.924
897.3363	1298.5638
897.38715	1335.7068
897.43799	1303.0413
897.48883	1219.4291
897.53967	1183.1659
897.59045	1283.9218
897.6413	1337.2687
897.69214	1302.2214
897.74298	1306.8453
897.79382	1270.73
897.84467	1287.0483
897.89551	1277.4772
897.94635	1178.1555
897.99713	1069.2623
898.04797	1041.4851
898.09882	1076.2086
898.14966	1093.1375
898.2005	1093.8004
898.25134	1063.1464
898.30219	1004.2304
898.35297	1038.681
898.40381	1104.2928
898.45465	1141.2676
898.50549	1129.9839
898.55634	1114.1815
898.60718	1093.4628
898.65802	1056.4043
898.7088	944.49927
898.75964	796.42316
898.81049	711.43915
898.86133	753.33704
898.91217	885.96191
898.96301	1036.3827
899.01385	1128.7281
899.06464	1153.3066
899.11548	1170.0687
899.16632	1115.1
899.21716	983.24286
899.26801	842.55981
899.31885	747.0166
899.36969	754.1886
899.42047	810.78674
899.47131	906.47821
899.52216	977.87762
899.573	984.38232
899.62384	1014.0877
899.67468	1036.7474
899.72552	1006.0552
899.77631	1003.9445
899.82715	969.95422
899.87799	961.20709
899.92883	977.28857
899.97968	978.57697
900.03052	942.0567
900.08136	913.5556
900.13214	879.34772
900.18298	925.81262
900.23383	978.12683
900.28467	1068.9464
900.33551	1045.7384
900.38635	1036.8135
900.43719	1051.1924
900.48798	1040.0089
900.53882	1047.2507
900.58966	957.98694
900.6405	935.75867
900.69135	940.02759
900.74219	953.71594
900.79303	1020.6881
900.84381	947.2179
900.89465	872.51129
900.9455	851.7594
900.99634	878.10779
901.04718	961.11536
901.09802	1017.3565
901.14886	1020.0947
901.19965	1047.314
901.25049	1007.2165
901.30133	984.54205
901.35217	871.44623
901.40302	747.72986
901.45386	696.53363
901.5047	714.89014
901.55548	783.80841
901.60632	822.49072
901.65717	796.03882
901.70801	779.79559
901.75885	748.6983
901.80969	788.04651
901.86053	793.58331
901.91132	807.05109
901.96216	739.17615
902.013	727.65643
902.06384	763.83624
902.11469	733.37335
902.16553	659.35822
902.21637	562.07599
902.26721	524.14154
902.31799	583.55475
902.36884	648.3562
902.41968	754.2431
902.47052	798.47272
902.52136	793.47931
902.5722	770.22064
902.62305	719.86786
902.67383	607.51715
902.72467	514.35181
902.77551	472.86237
902.82635	497.15546
902.8772	553.49078
902.92804	610.6665
902.97888	681.23151
903.02966	667.38489
903.08051	657.77515
903.13135	664.91699
903.18219	627.84271
903.23303	588.63354
903.28387	552.30756
903.33472	546.71985
903.3855	585.23907
903.43634	583.75476
903.48718	565.36139
903.53802	520.13232
903.58887	484.83191
903.63971	528.99103
903.69055	528.51636
903.74133	551.83636
903.79218	532.5484
903.84302	501.17142
903.89386	510.26294
903.9447	516.78021
903.99554	535.03259
904.04639	516.02667
904.09717	451.05865
904.14801	471.52032
904.19885	491.07489
904.24969	461.44189
904.30054	445.12894
904.35138	364.6398
904.40222	345.05844
904.453	374.23047
904.50385	411.89709
904.55469	442.67078
904.60553	432.07468
904.65637	463.73557
904.70721	449.41968
904.75806	408.53265
904.80884	350.72937
904.85968	296.22922
904.91052	255.56062
904.96136	257.36203
905.01221	299.12009
905.06305	346.74365
905.11389	355.2334
905.16467	337.8739
905.21552	343.16397
905.26636	338.32974
905.3172	331.31332
905.36804	314.92236
905.41888	302.38098
905.46973	283.66699
905.52051	283.01312
905.57135	291.17767
905.62219	280.83414
905.67303	248.52277
905.72388	233.27858
905.77472	254.36119
905.82556	281.11737
905.87634	322.14462
905.92719	321.24905
905.97803	341.3623
906.02887	339.746
906.07971	294.49731
906.13055	260.00381
906.1814	240.6384
906.23218	213.24101
906.28302	226.09248
906.33386	238.60649
906.3847	269.20654
906.43555	291.83261
906.48639	294.98581
906.53723	281.15381
906.58807	284.85205
906.63885	304.2912
906.6897	284.44904
906.74054	251.72275
906.79138	251.71475
906.84222	260.57895
906.89307	268.33923
906.94391	275.5
906.99469	254.27066
907.04553	236.89211
907.09637	224.05807
907.14722	243.50905
907.19806	282.83914
907.2489	266.22324
907.29974	245.95938
907.35052	248.31821
907.40137	254.63905
907.45221	251.42667
907.50305	245.67555
907.55389	245.40414
907.60474	234.66367
907.65558	244.09924
907.70636	247.17712
907.7572	214.98958
907.80804	193.24588
907.85889	185.98444
907.90973	193.73883
907.96057	206.30983
908.01141	217.61395
908.06219	236.21426
908.11304	240.77325
908.16388	244.79912
908.21472	241.86989
908.26556	193.85126
908.31641	174.96245
908.36725	159.78712
908.41803	153.78906
908.46887	173.0659
908.51971	196.3472
908.57056	210.96693
908.6214	229.57344
908.67224	235.66521
908.72308	242.8318
908.77386	211.82149
908.82471	188.62711
908.87555	187.6174
908.92639	177.42021
908.97723	172.71217
909.02808	197.01257
909.07892	181.51411
909.1297	194.78651
909.18054	182.70302
909.23138	187.63058
909.28223	197.26817
909.33307	206.58121
909.38391	223.91159
909.43475	199.75548
909.48553	214.04607
909.53638	219.90883
909.58722	189.36035
909.63806	210.88268
909.6889	185.02206
909.73975	178.01936
909.79059	181.79121
909.84137	188.13753
909.89221	221.26892
909.94305	245.01295
909.9939	211.53548
910.04474	224.47925
910.09558	217.38609
910.14642	219.56755
910.1972	231.22943
910.24805	207.54453
910.29889	203.5582
910.34973	215.64738
910.40057	197.25949
910.45142	199.4496
910.50226	198.21217
910.5531	183.35977
910.60388	186.85324
910.65472	206.53889
910.70557	235.0575
910.75641	225.43608
910.80725	231.86264
910.85809	233.02675
910.90894	222.79985
910.95972	236.34685
911.01056	185.24138
911.0614	176.55673
911.11224	195.99973
911.16309	197.53517
911.21393	195.95001
911.26477	196.15854
911.31555	180.91641
911.36639	169.43648
911.41724	174.37105
911.46808	190.53555
911.51892	205.4931
911.56976	196.98402
911.62061	200.6752
911.67139	213.32268
911.72223	207.75273
911.77307	197.29388
911.82391	182.31462
911.87476	161.02357
911.9256	155.13547
911.97644	164.77016
912.02722	178.48323
912.07806	199.58224
912.12891	213.06706
912.17975	212.25899
912.23059	203.81267
912.28143	207.52798
912.33228	194.30019
912.38306	180.22685
912.4339	171.01826
912.48474	168.91711
912.53558	178.54945
912.58643	201.83687
912.63727	192.23112
912.68811	187.36736
912.73889	194.89073
912.78973	203.5834
912.84058	200.44839
912.89142	192.98643
912.94226	195.24274
912.9931	191.5733
913.04395	193.35095
913.09473	203.85542
913.14557	201.93788
913.19641	184.22014
913.24725	169.1243
913.2981	169.95081
913.34894	192.16475
913.39978	198.75441
913.45056	200.2101
913.5014	191.02406
913.55225	182.27071
913.60309	189.62958
913.65393	199.56763
913.70477	190.79439
913.75562	189.19469
913.8064	193.86794
913.85724	189.36107
913.90808	185.54239
913.95892	191.49733
914.00977	180.15977
914.06061	160.60535
914.11145	157.67113
914.16223	161.97978
914.21307	173.50627
914.26392	194.91252
914.31476	192.4906
914.3656	184.48257
914.41644	179.63593
914.46729	167.28807
914.51807	157.80832
914.56891	155.3094
914.61975	147.50169
914.67059	143.14946
914.72144	156.85646
914.77228	166.82962
914.82312	170.799
914.87396	149.37369
914.92474	152.45314
914.97559	146.8167
915.02643	157.36945
915.07727	162.59209
915.12811	169.00317
915.17896	165.21706
915.2298	147.7036
915.28058	157.80328
915.33142	148.05455
915.38226	143.5161
915.43311	131.54269
915.48395	131.32533
915.53479	140.25874
915.58563	144.4716
915.63641	161.59088
915.68726	164.01407
915.7381	160.36862
915.78894	159.67253
915.83978	155.44469
915.89063	152.15517
915.94147	139.90558
915.99225	133.00566
916.04309	127.8448
916.09393	132.84308
916.14478	165.56024
916.19562	151.63072
916.24646	130.39488
916.2973	144.66582
916.34808	146.37325
916.39893	159.21541
916.44977	151.58318
916.50061	127.78911
916.55145	140.67368
916.60229	129.67162
916.65314	141.49289
916.70392	150.99977
916.75476	139.24828
916.8056	133.30846
916.85645	135.60497
916.90729	127.12293
916.95813	138.32132
917.00897	129.06123
917.05975	124.93055
917.1106	127.71218
917.16144	122.19493
917.21228	132.69232
917.26312	132.80754
917.31396	124.45586
917.36481	132.03767
917.41559	128.24037
917.46643	126.62689
917.51727	131.64352
917.56812	119.22091
917.61896	105.50468
917.6698	104.26274
917.72064	111.93087
917.77142	114.94479
917.82227	115.45698
917.87311	122.41431
917.92395	125.31648
917.97479	116.05807
918.02563	127.07876
918.07648	113.13237
918.12726	98.695015
918.1781	91.998123
918.22894	96.104652
918.27979	99.334129
918.33063	100.87804
918.38147	108.90838
918.43231	105.09579
918.48309	97.861122
918.53394	104.55285
918.58478	107.95542
918.63562	102.28197
918.68646	94.823105
918.7373	96.875763
918.78815	101.89491
918.83899	101.71709
918.88977	98.998741
918.94061	97.911324
918.99146	93.800827
919.0423	90.381203
919.09314	98.36747
919.14398	101.55096
919.19482	103.47395
919.24561	105.44072
919.29645	101.79268
919.34729	104.3522
919.39813	95.89473
919.44897	99.997322
919.49982	97.412354
919.55066	91.83297
919.60144	91.622467
919.65228	86.241943
919.70313	93.699867
919.75397	97.469894
919.80481	102.24649
919.85565	90.193489
919.90649	94.053131
919.95728	95.195541
920.00812	96.480431
920.05896	98.746811
920.1098	94.714264
920.16064	98.760368
920.21149	101.43454
920.26233	102.89567
920.31311	101.82317
920.36395	91.35894
920.41479	92.533524
920.46564	88.846909
920.51648	87.049141
920.56732	98.938919
920.61816	94.255829
920.66895	89.574806
920.71979	88.303169
920.77063	87.771347
920.82147	86.446159
920.87231	95.920593
920.92316	89.272346
920.974	88.004158
921.02478	93.146065
921.07562	87.904236
921.12646	73.180183
921.17731	78.612106
921.22815	74.960945
921.27899	79.438141
921.32983	73.930168
921.38062	78.359818
921.43146	92.153137
921.4823	88.432098
921.53314	91.614334
921.58398	93.40136
921.63483	91.207199
921.68567	86.719856
921.73645	72.898781
921.78729	66.978508
921.83813	69.503738
921.88898	73.140465
921.93982	83.878342
921.99066	83.442513
922.0415	83.881424
922.09229	85.38723
922.14313	81.590759
922.19397	82.820656
922.24481	80.440948
922.29565	75.826866
922.3465	80.713127
922.39734	83.933273
922.44812	83.405922
922.49896	84.310791
922.5498	78.6903
922.60065	76.653366
922.65149	80.23838
922.70233	76.723976
922.75317	78.015549
922.80396	86.406357
922.8548	85.2705
922.90564	82.69799
922.95648	79.380157
923.00732	86.967514
923.05817	82.455032
923.10901	81.025299
923.15985	76.65696
923.21063	76.041664
923.26147	80.399094
923.31232	85.9683
923.36316	80.917114
923.414	75.76458
923.46484	70.797661
923.51569	74.011841
923.56647	78.633171
923.61731	81.389389
923.66815	84.139465
923.71899	81.74543
923.76984	80.110466
923.82068	81.317001
923.87152	82.456772
923.9223	75.497589
923.97314	71.719673
924.02399	72.621422
924.07483	69.708862
924.12567	70.981728
924.17651	73.674126
924.22736	73.608521
924.27814	72.877663
924.32898	76.596451
924.37982	78.079414
924.43066	81.470795
924.48151	81.291054
924.53235	75.840202
924.58319	69.242096
924.63397	68.022789
924.68481	70.608093
924.73566	68.813332
924.7865	69.536781
924.83734	66.054588
924.88818	64.349724
924.93903	69.494926
924.98981	74.139427
925.04065	72.765198
925.09149	78.747177
925.14233	79.240486
925.19318	79.036087
925.24402	73.719788
925.29486	69.766167
925.34564	64.922348
925.39648	63.655518
925.44733	62.037971
925.49817	67.009254
925.54901	71.745285
925.59985	78.974609
925.6507	78.354523
925.70148	74.328835
925.75232	79.069397
925.80316	82.409103
925.854	76.579445
925.90485	69.302658
925.95569	66.217804
926.00653	67.987968
926.05731	77.25618
926.10815	76.314484
926.159	77.896217
926.20984	73.897934
926.26068	69.884666
926.31152	75.373199
926.36237	73.537132
926.41315	74.874062
926.46399	79.820198
926.51483	78.037224
926.56567	71.221138
926.61652	75.173897
926.66736	77.317627
926.7182	75.278618
926.76898	77.753616
926.81982	72.332344
926.87067	74.445473
926.92151	73.293312
926.97235	78.201714
927.02319	71.044846
927.07404	66.81179
927.12488	72.665817
927.17566	72.084953
927.2265	70.164063
927.27734	75.848351
927.32819	80.990799
927.37903	75.496666
927.42987	69.049286
927.48071	73.51857
927.53149	76.024307
927.58234	73.281822
927.63318	62.868912
927.68402	64.71492
927.73486	64.367287
927.78571	66.411293
927.83655	64.666122
927.88733	70.345657
927.93817	74.565453
927.98901	75.298866
928.03986	75.562279
928.0907	70.453087
928.14154	68.915154
928.19238	66.174606
928.24316	67.19001
928.29401	66.288376
928.34485	62.431164
928.39569	67.786125
928.44653	63.410828
928.49738	63.504143
928.54822	62.465446
928.599	66.633247
928.64984	67.709518
928.70068	68.881332
928.75153	67.43988
928.80237	69.966293
928.85321	71.527328
928.90405	71.226898
928.95483	66.746857
929.00568	61.697628
929.05652	62.693283
929.10736	64.743782
929.1582	67.5373
929.20905	68.754143
929.25989	65.097176
929.31067	70.246208
929.36151	72.360649
929.41235	73.540314
929.4632	73.890228
929.51404	68.086426
929.56488	68.743195
929.61572	64.491684
929.6665	62.0513
929.71735	60.856606
929.76819	66.432121
929.81903	66.15255
929.86987	64.767235
929.92072	65.185959
929.97156	65.953529
930.02234	67.778008
930.07318	67.25386
930.12402	69.748695
930.17487	68.979691
930.22571	63.85014
930.27655	65.461205
930.32739	65.419731
930.37817	66.827179
930.42902	71.575737
930.47986	64.636795
930.5307	64.480133
930.58154	67.559273
930.63239	62.824406
930.68323	62.21352
930.73401	58.370552
930.78485	57.08234
930.83569	60.546108
930.88654	60.014893
930.93738	62.846287
930.98822	62.599472
931.03906	62.515778
931.08984	62.923111
931.14069	60.890717
931.19153	58.043056
931.24237	59.512794
931.29321	56.676632
931.34406	52.674206
931.3949	56.11195
931.44574	55.383068
931.49652	60.616055
931.54736	60.706448
931.59821	64.365341
931.64905	59.834721
931.69989	59.40873
931.75073	60.097141
931.80157	57.757431
931.85236	59.512943
931.9032	55.934803
931.95404	57.823959
932.00488	54.496952
932.05573	54.528969
932.10657	56.494946
932.15741	63.663666
932.20819	59.441303
932.25903	55.262775
932.30988	60.188988
932.36072	59.018642
932.41156	61.663113
932.4624	63.054859
932.51324	63.186714
932.56403	61.1152
932.61487	61.161617
932.66571	62.821724
932.71655	54.599712
932.7674	55.310524
932.81824	53.689316
932.86908	58.837593
932.91986	59.39772
932.9707	59.689201
933.02155	58.057869
933.07239	56.477654
933.12323	56.025925
933.17407	58.97467
933.22491	59.691902
933.2757	59.318817
933.32654	58.266438
933.37738	59.523357
933.42822	62.152275
933.47906	53.845261
933.52991	54.127148
933.58075	51.667133
933.63153	56.588932
933.68237	54.401314
933.73322	53.18317
933.78406	60.550911
933.8349	56.432011
933.88574	50.792809
933.93658	52.234745
933.98737	55.555187
934.03821	59.334484
934.08905	59.713821
934.13989	54.96389
934.19073	52.243015
934.24158	50.991447
934.29242	56.005478
934.3432	54.88327
934.39404	54.204941
934.44489	56.226593
934.49573	55.017315
934.54657	52.063419
934.59741	55.113594
934.64825	58.994228
934.69904	55.823086
934.74988	55.716751
934.80072	56.589737
934.85156	56.252831
934.9024	56.209026
934.95325	59.24881
935.00409	53.372623
935.05487	51.819859
935.10571	52.990295
935.15656	54.338223
935.2074	53.533485
935.25824	53.252224
935.30908	56.219727
935.35992	55.942894
935.41071	53.157681
935.46155	54.612003
935.51239	54.542484
935.56323	55.30653
935.61407	52.899364
935.66492	52.125408
935.71576	52.323433
935.7666	50.494156
935.81738	52.527065
935.86823	54.084301
935.91907	56.733597
935.96991	53.841522
936.02075	51.426769
936.07159	51.894653
936.12244	52.085121
936.17322	59.620682
936.22406	53.641693
936.2749	54.160538
936.32574	58.609917
936.37659	55.236988
936.42743	60.221985
936.47827	50.825115
936.52905	55.036095
936.5799	54.339046
936.63074	55.848793
936.68158	54.372215
936.73242	56.406075
936.78326	50.569748
936.83411	55.416832
936.88489	57.777008
936.93573	54.043751
936.98657	54.672276
937.03741	53.093033
937.08826	55.689587
937.1391	52.005852
937.18994	59.91637
937.24072	52.184269
937.29156	50.185947
937.34241	53.748508
937.39325	55.213676
937.44409	53.923943
937.49493	53.276768
937.54578	56.177597
937.59656	54.311451
937.6474	54.593197
937.69824	51.554798
937.74908	54.267689
937.79993	53.756313
937.85077	54.410271
937.90161	52.128735
937.95239	51.834042
938.00323	50.251209
938.05408	53.143734
938.10492	50.420166
938.15576	49.024002
938.2066	52.515045
938.25745	52.710602
938.30823	50.153965
938.35907	55.426727
938.40991	54.253292
938.46075	55.306911
938.5116	55.774426
938.56244	50.489639
938.61328	48.635704
938.66406	49.506908
938.7149	53.088116
938.76575	49.986252
938.81659	50.194138
938.86743	53.222878
938.91827	49.979866
938.96912	50.472271
939.0199	54.788574
939.07074	53.022369
939.12158	50.983974
939.17242	52.010468
939.22327	54.358562
939.27411	53.997421
939.32495	50.826569
939.37573	50.79261
939.42657	51.293972
939.47742	55.665283
939.52826	53.259678
939.5791	55.763332
939.62994	54.95908
939.68079	54.076248
939.73163	52.731098
939.78241	54.084465
939.83325	52.103363
939.88409	51.163708
939.93494	54.535938
939.98578	47.292122
940.03662	47.584248
940.08746	52.54147
940.13824	50.141346
940.18909	52.671894
940.23993	50.712265
940.29077	52.452873
940.34161	57.0121
940.39246	54.140057
940.4433	58.419292
940.49408	48.068916
940.54492	49.696037
940.59576	50.356155
940.64661	60.914822
940.69745	49.844769
940.74829	54.626484
940.79913	55.167332
940.84991	49.125042
940.90076	57.079685
940.9516	51.647232
941.00244	50.962032
941.05328	51.705799
941.10413	45.638672
941.15497	44.579807
941.20575	51.895081
941.25659	53.82127
941.30743	47.432022
941.35828	53.024445
941.40912	55.681923
941.45996	51.606701
941.5108	48.148232
941.56158	50.103901
941.61243	53.351013
941.66327	52.293812
941.71411	51.756588
941.76495	54.426807
941.8158	51.191929
941.86664	46.553131
941.91742	51.483898
941.96826	49.25972
942.0191	55.323318
942.06995	56.736446
942.12079	54.198082
942.17163	48.942974
942.22247	49.37323
942.27325	51.379402
942.3241	50.570274
942.37494	46.894047
942.42578	48.942028
942.47662	50.387394
942.52747	47.880737
942.57831	47.542133
942.62909	50.779064
942.67993	49.508789
942.73077	51.026535
942.78162	55.713184
942.83246	55.11628
942.8833	47.047409
942.93414	43.506969
942.98492	51.042915
943.03577	52.957779
943.08661	51.230007
943.13745	49.48077
943.18829	51.69841
943.23914	49.259167
943.28998	52.284386
943.34076	53.118801
943.3916	53.631458
943.44244	55.525745
943.49329	50.35321
943.54413	48.86816
943.59497	49.687195
943.64581	44.978405
943.69659	53.322582
943.74744	47.130684
943.79828	49.483181
943.84912	53.556015
943.89996	53.88092
943.95081	52.95068
944.00165	51.936447
944.05249	54.83075
944.10327	54.873413
944.15411	54.996628
944.20496	54.01133
944.2558	51.002911
944.30664	52.014893
944.35748	52.903687
944.40833	53.954376
944.45911	52.820408
944.50995	50.370502
944.56079	54.646645
944.61163	50.576168
944.66248	46.883564
944.71332	47.375885
944.76416	49.722874
944.81494	47.910984
944.86578	43.737007
944.91663	47.304146
944.96747	45.703808
945.01831	49.620907
945.06915	51.206417
945.12	49.9487
945.17078	52.642082
945.22162	51.414486
945.27246	49.290379
945.3233	47.565033
945.37415	46.274544
945.42499	45.332825
945.47583	46.694126
945.52661	46.554794
945.57745	45.830418
945.6283	48.919712
945.67914	49.35181
945.72998	48.190277
945.78082	46.793892
945.83167	49.288284
945.88245	46.758617
945.93329	44.806305
945.98413	46.453876
946.03497	48.484474
946.08582	50.301529
946.13666	49.475994
946.1875	50.478592
946.23828	46.979424
946.28912	46.828228
946.33997	46.563015
946.39081	52.858059
946.44165	49.108936
946.49249	48.435059
946.54333	53.532066
946.59412	52.859226
946.64496	53.236736
946.6958	51.162865
946.74664	52.761795
946.79749	51.047859
946.84833	47.668091
946.89917	47.627296
946.94995	48.642475
947.00079	47.290512
947.05164	46.170124
947.10248	48.455559
947.15332	48.890079
947.20416	46.320419
947.255	42.527344
947.30579	49.910816
947.35663	49.09317
947.40747	47.050522
947.45831	47.914188
947.50916	50.695099
947.56	49.914192
947.61084	50.965355
947.66162	44.960964
947.71246	47.865532
947.76331	46.882759
947.81415	47.781914
947.86499	45.449463
947.91583	54.449566
947.96667	47.774166
948.01752	45.078789
948.0683	46.08062
948.11914	47.381351
948.16998	44.434269
948.22083	47.071434
948.27167	43.871067
948.32251	53.503395
948.37335	52.263882
948.42413	53.042953
948.47498	48.596981
948.52582	45.610359
948.57666	49.441444
948.6275	46.100937
948.67834	48.089546
948.72919	46.827084
948.77997	47.713364
948.83081	46.011402
948.88165	49.011341
948.9325	49.812435
948.98334	47.61644
949.03418	46.201931
949.08502	47.901569
949.1358	46.840179
949.18665	45.34552
949.23749	46.929714
949.28833	41.890011
949.33917	43.916782
949.39001	47.536804
949.44086	48.362564
949.49164	46.400249
949.54248	49.256863
949.59332	46.733841
949.64417	48.219013
949.69501	48.992847
949.74585	45.149284
949.79669	45.815987
949.84747	45.006508
949.89832	46.570591
949.94916	47.957817
950	45.2146
