700	158.93156
700.05084	159.20401
700.10168	141.41383
700.15253	156.93074
700.20331	155.78307
700.25415	151.37646
700.30499	170.20302
700.35583	167.02486
700.40668	138.62157
700.45752	157.30173
700.50836	148.47885
700.55914	157.66377
700.60999	164.94057
700.66083	155.08415
700.71167	160.71219
700.76251	141.59515
700.81335	168.34563
700.8642	150.7504
700.91498	150.70164
700.96582	163.75227
701.01666	155.76193
701.0675	159.42632
701.11835	158.91304
701.16919	159.84105
701.22003	160.82581
701.27081	168.27556
701.32166	164.83031
701.3725	173.41859
701.42334	161.85802
701.47418	156.84999
701.52502	158.31836
701.57587	161.8761
701.62665	159.92896
701.67749	165.61185
701.72833	159.23294
701.77917	169.13295
701.83002	165.04031
701.88086	159.66328
701.9317	149.50969
701.98248	135.71957
702.03333	153.17145
702.08417	171.34787
702.13501	171.14641
702.18585	160.77065
702.23669	163.4342
702.28754	165.6743
702.33838	159.43161
702.38916	164.17615
702.44	166.67274
702.49084	170.68871
702.54169	163.98402
702.59253	179.95474
702.64337	158.67592
702.69421	154.49344
702.745	159.56442
702.79584	168.914
702.84668	156.43582
702.89752	172.63266
702.94836	157.4496
702.99921	153.94969
703.05005	157.31836
703.10083	157.81453
703.15167	162.06927
703.20251	167.5869
703.25336	162.25632
703.3042	186.06944
703.35504	181.31949
703.40588	165.64377
703.45667	178.13124
703.50751	155.5235
703.55835	167.02432
703.60919	167.31836
703.66003	159.78448
703.71088	159.94951
703.76172	170.90948
703.8125	152.65501
703.86334	163.46388
703.91418	172.19531
703.96503	170.7872
704.01587	153.7782
704.06671	160.84982
704.11755	172.05406
704.16833	160.3233
704.21918	171.30606
704.27002	167.29843
704.32086	160.67407
704.3717	171.20039
704.42255	173.43983
704.47339	160.77037
704.52417	173.21333
704.57501	176.93933
704.62585	152.77496
704.6767	156.28226
704.72754	161.94522
704.77838	159.76642
704.82922	166.91786
704.88	180.40515
704.93085	169.73051
704.98169	165.51955
705.03253	169.65517
705.08337	163.31836
705.13422	167.52736
705.18506	164.64455
705.23584	162.57518
705.28668	167.10207
705.33752	167.44539
705.38837	168.07054
705.43921	161.46205
705.49005	172.86485
705.54089	160.13686
705.59167	153.6461
705.64252	160.40154
705.69336	155.99937
705.7442	158.259
705.79504	182.40504
705.84589	192.28432
705.89673	193.96542
705.94751	184.30617
705.99835	162.80795
706.04919	153.20419
706.10004	161.92059
706.15088	181.84903
706.20172	158.47929
706.25256	165.97899
706.30341	163.31836
706.35419	164.60812
706.40503	178.41008
706.45587	165.56378
706.50671	170.02831
706.55756	161.54929
706.6084	175.31964
706.65924	176.97479
706.71002	177.30858
706.76086	173.50412
706.81171	162.07771
706.86255	175.13205
706.91339	183.5598
706.96423	186.98669
707.01508	171.59154
707.06586	181.9149
707.1167	182.31749
707.16754	172.35878
707.21838	178.41434
707.26923	188.25699
707.32007	180.73308
707.37091	177.48032
707.42169	187.53394
707.47253	183.6907
707.52338	198.16472
707.57422	195.43019
707.62506	186.53224
707.6759	186.10968
707.72675	194.82716
707.77753	182.45023
707.82837	181.07036
707.87921	190.8405
707.93005	180.63303
707.9809	175.90714
708.03174	174.29759
708.08258	171.23003
708.13336	182.69551
708.1842	189.76505
708.23505	182.864
708.28589	180.23514
708.33673	176.29333
708.38757	180.36906
708.43842	190.68156
708.4892	187.85089
708.54004	186.79576
708.59088	183.2784
708.64172	184.57787
708.69257	182.14197
708.74341	182.81808
708.79425	187.67227
708.84503	184.99127
708.89587	178.59389
708.94672	172.25156
708.99756	182.80551
709.0484	195.86275
709.09924	180.73409
709.15009	163.17165
709.20087	190.80841
709.25171	187.28665
709.30255	195.18497
709.35339	204.37274
709.40424	192.31297
709.45508	175.85974
709.50592	193.89307
709.5567	189.86542
709.60754	184.99472
709.65839	181.56195
709.70923	190.67496
709.76007	198.11649
709.81091	191.22232
709.86176	184.01262
709.91254	188.24417
709.96338	172.84494
710.01422	185.34985
710.06506	183.48784
710.11591	204.50294
710.16675	186.08884
710.21759	174.48495
710.26837	175.07054
710.31921	189.08636
710.37006	181.18117
710.4209	181.80841
710.47174	198.60799
710.52258	194.32143
710.57343	200.16032
710.62427	193.09679
710.67505	190.31836
710.72589	173.34024
710.77673	173.82806
710.82758	194.49825
710.87842	190.43996
710.92926	196.83772
710.9801	189.06517
711.03088	195.05878
711.08173	206.42636
711.13257	207.96236
711.18341	202.50221
711.23425	196.38458
711.2851	202.32213
711.33594	205.35886
711.38672	201.00684
711.43756	196.1575
711.4884	184.10893
711.53925	187.57251
711.59009	195.18649
711.64093	196.06018
711.69177	198.94041
711.74255	198.79433
711.7934	192.91704
711.84424	188.50523
711.89508	207.36678
711.94592	204.22676
711.99677	197.40254
712.04761	202.66887
712.09839	206.67949
712.14923	199.88487
712.20007	198.93253
712.25092	209.80663
712.30176	216.81517
712.3526	214.72466
712.40344	196.2753
712.45422	178.45413
712.50507	186.14037
712.55591	199.53102
712.60675	199.17657
712.65759	210.87953
712.70844	205.57556
712.75928	203.05984
712.81006	182.24817
712.8609	209.99364
712.91174	207.22469
712.96259	204.95007
713.01343	188.83012
713.06427	186.51349
713.11511	190.9684
713.16589	209.61302
713.21674	224.21178
713.26758	203.51358
713.31842	198.12798
713.36926	203.10686
713.4201	210.8833
713.47095	200.14577
713.52173	212.14908
713.57257	211.51454
713.62341	211.03586
713.67426	212.74554
713.7251	195.25089
713.77594	199.06746
713.82678	232.65205
713.87756	200.22234
713.92841	207.06233
713.97925	214.92682
714.03009	199.2879
714.08093	205.66176
714.13177	206.85727
714.18262	217.13782
714.2334	217.04324
714.28424	210.21049
714.33508	205.48402
714.38593	214.80647
714.43677	216.28281
714.48761	206.43858
714.53845	209.50131
714.58929	208.08896
714.64008	213.85391
714.69092	212.17871
714.74176	202.17006
714.7926	203.59395
714.84344	204.08835
714.89429	206.56149
714.94513	205.20143
714.99591	207.08353
715.04675	206.98268
715.0976	195.52213
715.14844	192.31836
715.19928	196.12166
715.25012	207.77626
715.30096	215.90335
715.35175	211.55771
715.40259	209.0986
715.45343	207.35312
715.50427	200.37393
715.55511	202.65565
715.60596	201.38203
715.6568	206.26534
715.70758	220.12825
715.75842	212.8837
715.80927	228.59514
715.86011	212.51675
715.91095	197.69511
715.96179	203.97972
716.01263	200.1535
716.06342	208.72052
716.11426	228.70988
716.1651	213.83061
716.21594	193.55923
716.26678	207.42627
716.31763	215.69498
716.36847	212.49451
716.41925	221.45651
716.47009	215.90759
716.52094	210.91284
716.57178	205.42451
716.62262	206.32753
716.67346	183.19666
716.7243	217.0731
716.77509	196.38213
716.82593	212.7282
716.87677	206.52444
716.92761	221.60986
716.97845	228.9068
717.0293	208.00575
717.08014	232.50893
717.13092	216.4138
717.18176	217.57719
717.2326	220.02107
717.28345	211.74493
717.33429	201.88063
717.38513	216.64211
717.43597	205.57556
717.48676	206.87183
717.5376	215.34099
717.58844	209.58356
717.63928	219.99327
717.69012	216.7735
717.74097	217.01385
717.79181	216.79187
717.84259	217.72675
717.89343	223.62207
717.94427	220.79927
717.99512	222.74728
718.04596	213.52374
718.0968	208.38728
718.14764	199.8752
718.19843	197.16322
718.24927	205.72606
718.30011	205.67699
718.35095	210.63217
718.40179	211.47125
718.45264	208.07895
718.50348	214.42175
718.55426	213.18056
718.6051	215.78578
718.65594	220.44089
718.70679	220.08415
718.75763	225.08638
718.80847	222.15146
718.85931	218.17815
718.91016	222.09793
718.96094	227.73558
719.01178	228.25214
719.06262	230.746
719.11346	232.9691
719.16431	218.02106
719.21515	220.67398
719.26599	232.67772
719.31677	223.33855
719.36761	208.84055
719.41846	222.92064
719.4693	231.9841
719.52014	219.85149
719.57098	228.03809
719.62183	229.11368
719.67261	227.62515
719.72345	235.32127
719.77429	225.45749
719.82513	218.46573
719.87598	226.26689
719.92682	236.72423
719.97766	226.22435
720.02844	218.44702
720.07928	216.41269
720.13013	233.58783
720.18097	226.08461
720.23181	224.22154
720.28265	236.55168
720.3335	222.05406
720.38428	215.70081
720.43512	230.22159
720.48596	222.32686
720.5368	233.15657
720.58765	221.65569
720.63849	221.31834
720.68933	214.70273
720.74011	226.1337
720.79095	235.2646
720.8418	220.90501
720.89264	241.32167
720.94348	237.24687
720.99432	224.78639
721.04517	241.1732
721.09595	217.46823
721.14679	233.78566
721.19763	239.13063
721.24847	232.66524
721.29932	219.45073
721.35016	247.77527
721.401	242.56294
721.45178	240.98932
721.50262	237.59464
721.55347	236.22948
721.60431	222.16983
721.65515	217.01321
721.70599	232.99997
721.75684	234.30269
721.80762	238.52345
721.85846	243.39857
721.9093	234.55914
721.96014	224.26819
722.01099	228.558
722.06183	229.18576
722.11267	219.21103
722.16345	221.3351
722.21429	237.0999
722.26514	240.47104
722.31598	227.90657
722.36682	219.29369
722.41766	228.64938
722.46851	238.66823
722.51929	234.05345
722.57013	235.62698
722.62097	243
722.67181	232.70288
722.72266	226.35941
722.7735	233.67526
722.82434	235.07596
722.87512	231.96333
722.92596	227.92723
722.97681	253.49889
723.02765	249.71725
723.07849	236.29175
723.12933	251.67912
723.18018	254.30386
723.23102	260.37839
723.2818	253.79079
723.33264	247.57079
723.38348	225.27609
723.43433	225.1516
723.48517	241.40059
723.53601	234.85181
723.58685	237.32707
723.63763	247.71875
723.68848	243.21599
723.73932	247.65256
723.79016	246.1918
723.841	230.27483
723.89185	239.59232
723.94269	249.73837
723.99347	244.97401
724.04431	241.66339
724.09515	238.91846
724.146	244.35272
724.19684	221.82101
724.24768	235.83543
724.29852	224.89772
724.3493	244.86298
724.40015	236.31013
724.45099	234.02335
724.50183	244.09036
724.55267	238.52431
724.60352	234.50459
724.65436	244.65942
724.70514	240.67938
724.75598	240.31836
724.80682	242.12503
724.85767	248.55609
724.90851	249.03856
724.95935	248.13438
725.01019	244.00551
725.06097	252.56931
725.11182	243.28058
725.16266	258.96375
725.2135	238.32268
725.26434	244.19945
725.31519	254.08867
725.36603	247.04367
725.41681	249.59772
725.46765	251.08215
725.51849	249.77286
725.56934	260.7984
725.62018	249.57787
725.67102	240.44847
725.72186	245.44565
725.77264	257.46564
725.82349	252.81111
725.87433	251.2206
725.92517	261.21454
725.97601	246.98792
726.02686	244.23637
726.0777	255.95195
726.12848	254.9389
726.17932	242.57564
726.23016	242.70204
726.28101	249.26646
726.33185	256.73447
726.38269	246.98491
726.43353	244.74765
726.48431	254.16457
726.53516	245.51007
726.586	241.96004
726.63684	253.53654
726.68768	246.43872
726.73853	234.88225
726.78937	241.29868
726.84015	233.4196
726.89099	237.35591
726.94183	255.03902
726.99268	257.96133
727.04352	255.79442
727.09436	261.76865
727.1452	245.37357
727.19604	240.54308
727.24683	246.08522
727.29767	254.6463
727.34851	244.22374
727.39935	238.20277
727.4502	249.94949
727.50104	248.65311
727.55188	266.9537
727.60266	239.18166
727.6535	246.98064
727.70435	264.884
727.75519	261.69202
727.80603	241.25665
727.85687	248.06934
727.90771	260.67322
727.9585	257.78278
728.00934	251.6996
728.06018	256.29639
728.11102	260.38086
728.16187	272.65472
728.21271	246.64412
728.26355	270.42404
728.31433	249.86346
728.36517	261.14478
728.41602	257.99854
728.46686	252.18312
728.5177	275.96017
728.56854	260.21292
728.61938	251.00809
728.67017	264.83237
728.72101	248.72189
728.77185	271.47171
728.82269	249.45752
728.87354	266.84708
728.92438	272.01764
728.97522	243.85368
729.026	259.45956
729.07684	264.00317
729.12769	251.66441
729.17853	266.56165
729.22937	262.11636
729.28021	257.02344
729.33105	258.83038
729.38184	269.23151
729.43268	268.06207
729.48352	249.65694
729.53436	257.98611
729.58521	255.61186
729.63605	256.3053
729.68689	275.177
729.73767	268.56497
729.78851	275.8298
729.83936	274.9389
729.8902	260.41144
729.94104	263.49631
729.99188	269.28522
730.04272	281.15991
730.09351	274.32065
730.14435	262.21759
730.19519	268.00531
730.24603	268.14383
730.29688	273.39294
730.34772	282.39459
730.39856	288.18195
730.44934	277.22281
730.50018	272.78891
730.55103	271.80118
730.60187	272.01724
730.65271	270.65976
730.70355	266.1073
730.75439	261.51846
730.80518	265.27618
730.85602	283.25485
730.90686	289.30307
730.9577	286.52621
731.00854	283.75107
731.05939	259.65591
731.11023	259.526
731.16101	282.30429
731.21185	275.32117
731.2627	276.26923
731.31354	279.53619
731.36438	281.0607
731.41522	282.49423
731.46606	273.65833
731.51691	274.73953
731.56769	283.84744
731.61853	279.7121
731.66937	270.46262
731.72021	289.83606
731.77106	285.09491
731.8219	282.73517
731.87274	271.53912
731.92352	266.7666
731.97437	284.17596
732.02521	277.0986
732.07605	286.86304
732.12689	268.47195
732.17773	271.61606
732.22858	267.7457
732.27936	285.06329
732.3302	283.09149
732.38104	292.30261
732.43188	284.86823
732.48273	279.96405
732.53357	290.60446
732.58441	280.36554
732.63519	283.82303
732.68604	272.04495
732.73688	272.60071
732.78772	302.16409
732.83856	287.20688
732.8894	294.24515
732.94025	275.26962
732.99103	281.59586
733.04187	296.11917
733.09271	291.53464
733.14355	281.58337
733.1944	258.53879
733.24524	286.47272
733.29608	289.67459
733.34686	282.06641
733.39771	286.11261
733.44855	279.91583
733.49939	279.88904
733.55023	259.28583
733.60107	285.57071
733.65192	282.59344
733.7027	285.16797
733.75354	297.52557
733.80438	273.05655
733.85522	277.608
733.90607	280.60992
733.95691	286.75296
734.00775	286.08011
734.05853	282.41483
734.10938	289.465
734.16022	293.79492
734.21106	287.88327
734.2619	297.08536
734.31274	285.84064
734.36359	283.54651
734.41437	285.44922
734.46521	297.12238
734.51605	296.73074
734.56689	293.10147
734.61774	307.3428
734.66858	303.66583
734.71942	284.38181
734.7702	294.4285
734.82104	297.45895
734.87189	302.87189
734.92273	306.1514
734.97357	288.46213
735.02441	289.51331
735.07526	293.30835
735.12604	305.64749
735.17688	304.32721
735.22772	312.4519
735.27856	310.99933
735.32941	308.25931
735.38025	317.90411
735.43109	311.46609
735.48193	302.80737
735.53271	297.83746
735.58356	291.93832
735.6344	292.24561
735.68524	303.21515
735.73608	308.43811
735.78693	305.59274
735.83777	309.82117
735.88855	300.98453
735.93939	297.61142
735.99023	305.01804
736.04108	313.48001
736.09192	314.83063
736.14276	299.51849
736.1936	308.67242
736.24438	304.90616
736.29523	312.51349
736.34607	316.10629
736.39691	311.78119
736.44775	312.17853
736.4986	314.12802
736.54944	313.9332
736.60022	301.43204
736.65106	305.66815
736.7019	313.75098
736.75275	306.34622
736.80359	310.04602
736.85443	293.48959
736.90527	291.06012
736.95605	300.12863
737.0069	296.11151
737.05774	305.47656
737.10858	301.5213
737.15942	310.69998
737.21027	305.41129
737.26111	322.41226
737.31189	322.49319
737.36273	320.20639
737.41357	318.48621
737.46442	300.2485
737.51526	313.83829
737.5661	308.30276
737.61694	329.47467
737.66772	314.35843
737.71857	308.34714
737.76941	317.3089
737.82025	315.14264
737.87109	315.87427
737.92194	305.39432
737.97278	315.64819
738.02356	318.06323
738.0744	308.06949
738.12524	329.01358
738.17609	314.77109
738.22693	319.22791
738.27777	295.04047
738.32861	330.19986
738.37939	324.79266
738.43024	313.36255
738.48108	314.31976
738.53192	313.92108
738.58276	320.47452
738.63361	319.67691
738.68445	327.05734
738.73523	326.29056
738.78607	310.16006
738.83691	331.99564
738.88776	309.05527
738.9386	319.91269
738.98944	298.97031
739.04028	322.1832
739.09106	318.15961
739.14191	324.47919
739.19275	329.62808
739.24359	322.83313
739.29443	313.13431
739.34528	314.75589
739.39612	312.40952
739.4469	324.52679
739.49774	334.37686
739.54858	319.45761
739.59943	327.75903
739.65027	323.7883
739.70111	343.79541
739.75195	335.91107
739.8028	335.09952
739.85358	331.1972
739.90442	340.08072
739.95526	323.4577
740.0061	319.80896
740.05695	329.7645
740.10779	320.93204
740.15863	312.61719
740.20941	310.36874
740.26025	318.91922
740.3111	331.55737
740.36194	333.0705
740.41278	326.01407
740.46362	335.58249
740.51447	326.82169
740.56525	323.11258
740.61609	336.68509
740.66693	332.03735
740.71777	337.5401
740.76862	332.37524
740.81946	338.47787
740.8703	347.48898
740.92108	330.06522
740.97192	334.11752
741.02277	337.15753
741.07361	329.50418
741.12445	341.76437
741.17529	345.159
741.22614	347.8746
741.27692	343.26541
741.32776	336.09818
741.3786	345.55032
741.42944	345.58218
741.48029	341.58069
741.53113	337.71127
741.58197	337.07236
741.63275	346.42279
741.68359	347.69943
741.73444	347.9184
741.78528	336.69327
741.83612	352.67581
741.88696	337.89218
741.93781	325.74048
741.98859	325.34799
742.03943	347.81021
742.09027	366.56635
742.14111	351.45041
742.19196	348.73013
742.2428	358.91925
742.29364	344.492
742.34442	339.02798
742.39526	350.67877
742.44611	360.98706
742.49695	348.99615
742.54779	339.13889
742.59863	344.91461
742.64948	351.80978
742.70026	362.96301
742.7511	357.32138
742.80194	336.63889
742.85278	350.52914
742.90363	348.48026
742.95447	361.72089
743.00531	356.61398
743.05609	358.42542
743.10693	366.26663
743.15778	359.15137
743.20862	346.50079
743.25946	358.89081
743.3103	371.69943
743.36115	370.33841
743.41193	354.96561
743.46277	354.05347
743.51361	362.453
743.56445	357.33899
743.6153	363.67938
743.66614	361.87811
743.71698	362.62656
743.76782	363.07559
743.8186	368.33511
743.86945	373.58945
743.92029	380.32004
743.97113	371.02615
744.02197	365.76666
744.07281	382.47314
744.12366	369.38705
744.17444	362.48712
744.22528	369.03583
744.27612	374.04535
744.32697	378.74759
744.37781	368.69946
744.42865	379.54126
744.47949	390.51086
744.53027	379.65427
744.58112	368.31442
744.63196	361.28818
744.6828	371.97473
744.73364	377.06882
744.78448	381.97867
744.83533	375.52081
744.88611	379.08893
744.93695	390.55145
744.98779	380.16379
745.03864	375.44559
745.08948	390.8772
745.14032	386.0361
745.19116	379.35541
745.24194	371.72455
745.29279	363.73584
745.34363	385.40573
745.39447	381.01111
745.44531	387.87503
745.49615	393.83603
745.547	383.6218
745.59778	394.54285
745.64862	398.55768
745.69946	382.31836
745.75031	361.95801
745.80115	384.83698
745.85199	398.06879
745.90283	380.67096
745.95361	372.97433
746.00446	392.1532
746.0553	385.59625
746.10614	368.32419
746.15698	371.87512
746.20782	379.15479
746.25867	399.31412
746.30945	385.97632
746.36029	393.53998
746.41113	397.20386
746.46198	401.44287
746.51282	394.08868
746.56366	395.70026
746.6145	387.13449
746.66528	392.28302
746.71613	398.3551
746.76697	401.97006
746.81781	410.85828
746.86865	418.44623
746.91949	388.5722
746.97034	386.1904
747.02112	405.63504
747.07196	396.10553
747.1228	415.23495
747.17365	420.21671
747.22449	404.62405
747.27533	408.9917
747.32617	400.53873
747.37695	399.46796
747.4278	416.20193
747.47864	404.40237
747.52948	399.06537
747.58032	410.84174
747.63116	411.70609
747.68201	423.72183
747.73279	401.57599
747.78363	408.31042
747.83447	411.33029
747.88531	422.73145
747.93616	417.69501
747.987	423.71561
748.03784	416.05981
748.08868	411.77197
748.13947	420.39169
748.19031	402.99631
748.24115	396.83359
748.29199	425.91446
748.34283	416.38336
748.39368	414.4451
748.44452	415.32379
748.4953	412.2507
748.54614	407.9129
748.59698	410.84882
748.64783	417.52341
748.69867	418.96954
748.74951	425.61102
748.80035	426.77261
748.85114	424.00751
748.90198	417.95502
748.95282	404.46167
749.00366	411.1142
749.0545	419.88235
749.10535	418.03018
749.15619	417.88242
749.20697	422.26013
749.25781	407.49774
749.30865	410.87357
749.3595	439.83862
749.41034	434.1557
749.46118	428.24274
749.51202	437.32617
749.56281	437.54517
749.61365	448.02667
749.66449	439.34152
749.71533	424.9165
749.76617	428.69388
749.81702	451.48471
749.86786	459.43954
749.91864	442.41617
749.96948	416.82541
750.02032	415.56409
750.07117	421.5155
750.12201	425.00339
750.17285	416.28
750.22369	441.99106
750.27448	449.75522
750.32532	446.97406
750.37616	461.3284
750.427	456.02252
750.47784	441.07684
750.52869	445.82867
750.57953	459.91187
750.63031	443.43073
750.68115	437.16595
750.73199	423.11728
750.78284	429.24179
750.83368	461.94653
750.88452	456.39377
750.93536	445.39896
750.98615	427.45291
751.03699	423.21671
751.08783	473.02264
751.13867	441.25342
751.18951	446.55753
751.24036	473.09891
751.2912	467.38171
751.34198	417.81754
751.39282	457.05814
751.44366	466.97018
751.49451	469.98758
751.54535	469.31851
751.59619	434.19479
751.64703	459.91791
751.69781	430.64703
751.74866	446.95334
751.7995	468.80405
751.85034	458.1095
751.90118	469.41824
751.95203	444.5575
752.00287	498.05182
752.05365	463.65802
752.10449	466.70944
752.15533	470.58728
752.20618	461.31842
752.25702	475.63702
752.30786	490.68356
752.3587	470.35803
752.40955	463.41351
752.46033	489.17554
752.51117	481.78482
752.56201	487.64844
752.61285	475.07349
752.6637	463.70831
752.71454	475.38708
752.76538	490.61246
752.81616	471.13708
752.867	465.52979
752.91785	470.65738
752.96869	464.87955
753.01953	474.09
753.07037	481.7406
753.12122	494.85568
753.172	498.23395
753.22284	495.16092
753.27368	498.68942
753.32452	511.4783
753.37537	501.28983
753.42621	482.76721
753.47705	460.56479
753.52783	472.62665
753.57867	489.31372
753.62952	483.60571
753.68036	488.7659
753.7312	491.27994
753.78204	496.80334
753.83289	488.81711
753.88367	481.01321
753.93451	483.61957
753.98535	494.03323
754.03619	506.37787
754.08704	493.75308
754.13788	512.67017
754.18872	526.78644
754.2395	508.92685
754.29034	493.06543
754.34119	504.9599
754.39203	531.73059
754.44287	517.0788
754.49371	505.44321
754.54456	532.38892
754.59534	498.31555
754.64618	510.07788
754.69702	528.17358
754.74786	521.70978
754.79871	512.50092
754.84955	530.33057
754.90039	522.16455
754.95117	520.71582
755.00201	553.50964
755.05286	541.19183
755.1037	531.77557
755.15454	529.92279
755.20538	529.6131
755.25623	536.72034
755.30701	511.46097
755.35785	523.29156
755.40869	526.45856
755.45953	556.04071
755.51038	542.87445
755.56122	541.44049
755.61206	521.94501
755.66284	522.29913
755.71368	527.91162
755.76453	528.94934
755.81537	518.33337
755.86621	552.30756
755.91705	522.35742
755.9679	520.73755
756.01868	539.95026
756.06952	579.83331
756.12036	556.47852
756.1712	579.21118
756.22205	531.04852
756.27289	557.44092
756.32373	542.01526
756.37457	565.76385
756.42535	600.35101
756.4762	550.0661
756.52704	575.9444
756.57788	531.80493
756.62872	558.30438
756.67957	552.12921
756.73041	568.63062
756.78119	549.82678
756.83203	502.64087
756.88287	568.97113
756.93372	573.06512
756.98456	547.05957
757.0354	573.19354
757.08624	559.83209
757.13702	596.22186
757.18787	545.26678
757.23871	574.6604
757.28955	555.33954
757.34039	555.6377
757.39124	569.11652
757.44208	551.24896
757.49286	562.23889
757.5437	572.82092
757.59454	588.0235
757.64539	579.79095
757.69623	576.75348
757.74707	564.77374
757.79791	574.5567
757.84869	575.94183
757.89954	569.85803
757.95038	587.53748
758.00122	578.78284
758.05206	566.04865
758.10291	562.21246
758.15375	611.42755
758.20453	601.28088
758.25537	579.13458
758.30621	596.24109
758.35706	585.95746
758.4079	603.29468
758.45874	594.16882
758.50958	598.79248
758.56036	608.38293
758.61121	605.40588
758.66205	607.09418
758.71289	609.39777
758.76373	591.58289
758.81458	597.39008
758.86542	616.62152
758.9162	585.43616
758.96704	599.76782
759.01788	604.53278
759.06873	601.61743
759.11957	627.7998
759.17041	606.35962
759.22125	599.46344
759.27203	611.93256
759.32288	602.13275
759.37372	596.50433
759.42456	603.49072
759.4754	611.65948
759.52625	609.74377
759.57709	609.87695
759.62787	600.8327
759.67871	598.31757
759.72955	623.34406
759.7804	614.92969
759.83124	595.61261
759.88208	601.03204
759.93292	626.36249
759.9837	629.15314
760.03455	624.03162
760.08539	591.55469
760.13623	594.9859
760.18707	607.78833
760.23792	601.50354
760.28876	632.98761
760.33954	615.54614
760.39038	635.1087
760.44122	645.29071
760.49207	640.70605
760.54291	623.50348
760.59375	645.68292
760.64459	657.95453
760.69543	637.37732
760.74622	627.20886
760.79706	653.53241
760.8479	658.84003
760.89874	647.18188
760.94958	655.53192
761.00043	621.73126
761.05127	658.01227
761.10205	637.44122
761.15289	635.04919
761.20374	687.64526
761.25458	650.27936
761.30542	636.35089
761.35626	692.56921
761.4071	680.79956
761.45789	658.07483
761.50873	636.71173
761.55957	688.13275
761.61041	649.89063
761.66125	676.17645
761.7121	630.81836
761.76294	677.65253
761.81372	653.35577
761.86456	660.6803
761.91541	694.38318
761.96625	662.90381
762.01709	683.35687
762.06793	648.66583
762.11877	716.18713
762.16956	667.18909
762.2204	691.99969
762.27124	683.64221
762.32208	653.49463
762.37292	676.01801
762.42377	675.60962
762.47461	692.85809
762.52539	685.00439
762.57623	677.02606
762.62708	706.53857
762.67792	672.74762
762.72876	717.51556
762.7796	711.01135
762.83044	657.50897
762.88123	709.06024
762.93207	699.95258
762.98291	695.3562
763.03375	694.12628
763.08459	744.24072
763.13544	700.11499
763.18628	713.19067
763.23706	707.37671
763.2879	730.14343
763.33875	732.9953
763.38959	734.21692
763.44043	683.80139
763.49127	727.91669
763.54211	732.36011
763.5929	707.91858
763.64374	723.08972
763.69458	703.91846
763.74542	696.13501
763.79626	704.34387
763.84711	715.26117
763.89795	709.82159
763.94873	725.80157
763.99957	706.45337
764.05042	729.47919
764.10126	703.10345
764.1521	687.82623
764.20294	722.65033
764.25378	720.67633
764.30457	739.20087
764.35541	708.41632
764.40625	718.97992
764.45709	729.11237
764.50793	733.39856
764.55878	725.05103
764.60962	705.60577
764.66046	746.41486
764.71124	748.47253
764.76208	736.95074
764.81293	745.91278
764.86377	743.02661
764.91461	732.85907
764.96545	734.74323
765.0163	744.72205
765.06708	746.10864
765.11792	746.03021
765.16876	755.76776
765.2196	754.78284
765.27045	736.6524
765.32129	744.77655
765.37213	756.94293
765.42291	750.98163
765.47375	764.23956
765.5246	759.82733
765.57544	756.31763
765.62628	762.55005
765.67712	760.53156
765.72797	766.7572
765.77875	765.93024
765.82959	760.29272
765.88043	774.64185
765.93127	788.70508
765.98212	771.76831
766.03296	770.31348
766.0838	769.4212
766.13458	781.90637
766.18542	775.58484
766.23627	780.91925
766.28711	780.68298
766.33795	768.46149
766.38879	759.34894
766.43964	742.79767
766.49042	774.38812
766.54126	762.00854
766.5921	759.89508
766.64294	752.48535
766.69379	764.86212
766.74463	793.0506
766.79547	825.04883
766.84625	806.21204
766.89709	774.28601
766.94794	768.50659
766.99878	787.60968
767.04962	789.76746
767.10046	787.16522
767.15131	787.28528
767.20209	813.22681
767.25293	818.92499
767.30377	821.0166
767.35461	767.81775
767.40546	801.86078
767.4563	800.57971
767.50714	793.24609
767.55792	815.58429
767.60876	822.02112
767.65961	805.66455
767.71045	823.73474
767.76129	837.44568
767.81213	839.3349
767.86298	842.43744
767.91376	802.54309
767.9646	812.5932
768.01544	788.78479
768.06628	829.06305
768.11713	823.04584
768.16797	823.97919
768.21881	798.34375
768.26959	838.32092
768.32043	835.63953
768.37128	825.41553
768.42212	839.10449
768.47296	810.94946
768.5238	807.04175
768.57465	816.90833
768.62543	836.2854
768.67627	867.25055
768.72711	840.08124
768.77795	815.22498
768.8288	846.5495
768.87964	838.6955
768.93048	813.02979
768.98132	820.25769
769.0321	825.52649
769.08295	802.96881
769.13379	838.16638
769.18463	859.53979
769.23547	848.75323
769.28632	869.31232
769.33716	851.672
769.38794	831.80566
769.43878	824.3053
769.48962	818.71002
769.54047	863.80151
769.59131	858.0976
769.64215	858.07001
769.69299	875.69385
769.74377	846.15369
769.79462	838.85059
769.84546	861.92792
769.8963	855.80127
769.94714	866.64496
769.99799	869.54639
770.04883	885.58252
770.09961	864.11505
770.15045	866.41833
770.20129	894.77332
770.25214	905.79712
770.30298	908.20374
770.35382	883.08435
770.40466	882.05652
770.45544	887.6543
770.50629	877.36084
770.55713	862.78705
770.60797	891.20294
770.65881	900.9137
770.70966	897.44482
770.7605	911.95581
770.81128	899.92883
770.86212	916.21289
770.91296	922.22723
770.96381	916.66669
771.01465	887.88116
771.06549	906.97095
771.11633	918.55573
771.16711	911.08557
771.21796	923.27881
771.2688	922.2655
771.31964	923.7865
771.37048	909.80554
771.42133	900.69293
771.47217	913.37268
771.52295	907.1908
771.57379	914.22144
771.62463	918.62769
771.67548	909.1449
771.72632	920.52765
771.77716	919.87329
771.828	925.42975
771.87878	929.55225
771.92963	934.20392
771.98047	951.81311
772.03131	935.8244
772.08215	952.23047
772.133	944.81116
772.18384	940.78796
772.23462	957.67377
772.28546	948.00055
772.3363	943.55603
772.38715	940.14941
772.43799	963.14917
772.48883	969.38959
772.53967	954.40442
772.59045	949.05609
772.6413	951.22571
772.69214	953.76746
772.74298	981.00488
772.79382	999.72247
772.84467	981.44568
772.89551	970.68793
772.94635	955.25024
772.99713	959.8327
773.04797	975.89044
773.09882	974.3382
773.14966	974.41461
773.2005	938.83136
773.25134	941.0484
773.30219	986.54797
773.35297	973.32544
773.40381	964.40063
773.45465	989.75067
773.50549	989.29095
773.55634	959.1131
773.60718	976.61139
773.65802	981.7287
773.7088	991.29779
773.75964	1012.6786
773.81049	989.64642
773.86133	986.59106
773.91217	958.44598
773.96301	975.87555
774.01385	976.48505
774.06464	993.04236
774.11548	1010.0528
774.16632	998.02185
774.21716	1004.8623
774.26801	987.65161
774.31885	974.38892
774.36969	995.61243
774.42047	1008.3324
774.47131	1004.532
774.52216	1015.6198
774.573	1015.6755
774.62384	1021.6445
774.67468	1025.0503
774.72552	1047.9021
774.77631	1049.5299
774.82715	1024.7438
774.87799	1026.8164
774.92883	1018.9017
774.97968	1008.4263
775.03052	1018.8302
775.08136	1022.9202
775.13214	1030.3657
775.18298	1013.6301
775.23383	1010.7084
775.28467	1021.3223
775.33551	1005.7216
775.38635	1034.1046
775.43719	1042.9169
775.48798	1056.3335
775.53882	1046.4152
775.58966	1024.9935
775.6405	1041.906
775.69135	1011.4339
775.74219	1066.8102
775.79303	1008.4035
775.84381	1062.3417
775.89465	1038.7747
775.9455	1042.9723
775.99634	1010.9331
776.04718	1036.5286
776.09802	1040.7771
776.14886	1050.8962
776.19965	1044.8259
776.25049	1097.2194
776.30133	1054.0199
776.35217	1038.8795
776.40302	1063.3849
776.45386	1045.92
776.5047	1044.2858
776.55548	1044.6985
776.60632	1070.1287
776.65717	1051.7407
776.70801	1091.5934
776.75885	1077.9639
776.80969	1069.1908
776.86053	1062.244
776.91132	1079.1995
776.96216	1075.5713
777.013	1064.4774
777.06384	1075.3633
777.11469	1083.7238
777.16553	1123.7919
777.21637	1085.9032
777.26721	1125.6348
777.31799	1087.1323
777.36884	1107.3563
777.41968	1121.1006
777.47052	1098.0092
777.52136	1110.5933
777.5722	1111.1786
777.62305	1109.4135
777.67383	1089.8246
777.72467	1103.9052
777.77551	1103.3174
777.82635	1121.6152
777.8772	1084.7795
777.92804	1121.8959
777.97888	1116.1809
778.02966	1106.0613
778.08051	1115.5183
778.13135	1108.4652
778.18219	1083.1035
778.23303	1085.97
778.28387	1115.7874
778.33472	1103.4561
778.3855	1110.1401
778.43634	1137.0577
778.48718	1128.4877
778.53802	1116.326
778.58887	1117.3921
778.63971	1098.5908
778.69055	1106.4188
778.74133	1126.8826
778.79218	1142.176
778.84302	1152.8348
778.89386	1172.9994
778.9447	1146.0768
778.99554	1140.1841
779.04639	1110.3219
779.09717	1113.0574
779.14801	1152.2379
779.19885	1130.5562
779.24969	1144.8817
779.30054	1136.5343
779.35138	1156.9032
779.40222	1144.7742
779.453	1154.8644
779.50385	1144.6481
779.55469	1159.7159
779.60553	1148.5808
779.65637	1139.4886
779.70721	1168.9449
779.75806	1197.7977
779.80884	1192.474
779.85968	1166.5759
779.91052	1156.9163
779.96136	1181.6541
780.01221	1198.0133
780.06305	1153.8372
780.11389	1192.5388
780.16467	1162.7054
780.21552	1163.6924
780.26636	1182.5066
780.3172	1176.4377
780.36804	1179.7521
780.41888	1208.2439
780.46973	1213.1799
780.52051	1197
780.57135	1183.5123
780.62219	1171.1265
780.67303	1195.8956
780.72388	1218.6332
780.77472	1222.3572
780.82556	1201.4539
780.87634	1189.3251
780.92719	1214.6332
780.97803	1212.9689
781.02887	1181.34
781.07971	1217.4961
781.13055	1212.4701
781.1814	1226.0272
781.23218	1187.9817
781.28302	1214.9443
781.33386	1252.3754
781.3847	1244.6067
781.43555	1268.9468
781.48639	1179.8887
781.53723	1250.6196
781.58807	1182.4287
781.63885	1197.3127
781.6897	1220.3416
781.74054	1262.698
781.79138	1226.9803
781.84222	1280.6436
781.89307	1264.4379
781.94391	1240.2659
781.99469	1268.3624
782.04553	1292.6829
782.09637	1272.0913
782.14722	1329.6073
782.19806	1282.4395
782.2489	1312.244
782.29974	1257.9625
782.35052	1294.064
782.40137	1303.7429
782.45221	1282.9982
782.50305	1312.1456
782.55389	1228.6213
782.60474	1268.7052
782.65558	1242.2357
782.70636	1231.2391
782.7572	1225.434
782.80804	1279.0941
782.85889	1242.8975
782.90973	1278.6011
782.96057	1281.0746
783.01141	1322.7278
783.06219	1336.0367
783.11304	1272.5453
783.16388	1265.3589
783.21472	1272.892
783.26556	1275.7175
783.31641	1300.5757
783.36725	1387.2126
783.41803	1336.4888
783.46887	1334.5842
783.51971	1296.5422
783.57056	1326.325
783.6214	1258.1079
783.67224	1329.7327
783.72308	1313.2703
783.77386	1377.8705
783.82471	1324.9288
783.87555	1356.6855
783.92639	1354.866
783.97723	1399.266
784.02808	1372.6486
784.07892	1376.5726
784.1297	1391.2585
784.18054	1332.6564
784.23138	1326.4072
784.28223	1325.214
784.33307	1383.0623
784.38391	1367.5154
784.43475	1390.8652
784.48553	1385.067
784.53638	1393.6107
784.58722	1353.7432
784.63806	1402.1531
784.6889	1409.4509
784.73975	1421.4672
784.79059	1391.2455
784.84137	1366.8142
784.89221	1392.7383
784.94305	1442.0959
784.9939	1390.3165
785.04474	1393.8583
785.09558	1411.7218
785.14642	1426.2029
785.1972	1419.6121
785.24805	1427.1711
785.29889	1405.6875
785.34973	1378.7162
785.40057	1377.4298
785.45142	1368.259
785.50226	1398.3995
785.5531	1419.5167
785.60388	1447.4375
785.65472	1478.6727
785.70557	1471.1738
785.75641	1425.0869
785.80725	1390.6976
785.85809	1410.0587
785.90894	1454.4106
785.95972	1447.0671
786.01056	1463.6226
786.0614	1487.9514
786.11224	1468.1163
786.16309	1433.3239
786.21393	1412.0203
786.26477	1434.6053
786.31555	1434.6226
786.36639	1425.7065
786.41724	1437.5513
786.46808	1478.0814
786.51892	1464.2874
786.56976	1458.7915
786.62061	1497.0494
786.67139	1492.715
786.72223	1502.1038
786.77307	1489.5294
786.82391	1475.1254
786.87476	1487.0671
786.9256	1544.2257
786.97644	1496.6886
787.02722	1516.5288
787.07806	1502.272
787.12891	1498.4784
787.17975	1524.3132
787.23059	1533.8533
787.28143	1494.0204
787.33228	1542.668
787.38306	1484.1508
787.4339	1488.988
787.48474	1510.1532
787.53558	1582.3368
787.58643	1558.3071
787.63727	1556.9547
787.68811	1545.6621
787.73889	1580.3638
787.78973	1513.2531
787.84058	1496.6786
787.89142	1533.4598
787.94226	1568.2904
787.9931	1560.6771
788.04395	1569.0295
788.09473	1608.9576
788.14557	1586.0789
788.19641	1642.9662
788.24725	1606.6064
788.2981	1637.8542
788.34894	1628.6309
788.39978	1595.5585
788.45056	1543.2201
788.5014	1540.481
788.55225	1556.6777
788.60309	1635.4271
788.65393	1624.6865
788.70477	1632.476
788.75562	1595.804
788.8064	1616.4647
788.85724	1595.2928
788.90808	1635.4412
788.95892	1619.9382
789.00977	1627
789.06061	1635.4067
789.11145	1682.8125
789.16223	1659.1438
789.21307	1626.8541
789.26392	1671.0132
789.31476	1686.3756
789.3656	1719.1782
789.41644	1653.5322
789.46729	1678.0476
789.51807	1631.3134
789.56891	1703.2729
789.61975	1667.344
789.67059	1655.8337
789.72144	1615.0253
789.77228	1743.3159
789.82312	1693.9545
789.87396	1747.2032
789.92474	1756.0239
789.97559	1733.1036
790.02643	1647.9058
790.07727	1654.8053
790.12811	1661.3829
790.17896	1723.8907
790.2298	1720.4463
790.28058	1804.9187
790.33142	1735.8063
790.38226	1766.6373
790.43311	1662.5591
790.48395	1690.7032
790.53479	1643.4451
790.58563	1719.2977
790.63641	1716.1344
790.68726	1739.8552
790.7381	1675.1725
790.78894	1733.3185
790.83978	1814.7209
790.89063	1755.5072
790.94147	1760.1451
790.99225	1726.3058
791.04309	1728.3232
791.09393	1705.505
791.14478	1755.5159
791.19562	1796.2859
791.24646	1777.8014
791.2973	1755.735
791.34808	1847.2271
791.39893	1809.6498
791.44977	1810.8
791.50061	1764.7722
791.55145	1838.6547
791.60229	1847.333
791.65314	1885.2787
791.70392	1826.9917
791.75476	1853.9725
791.8056	1802.7366
791.85645	1893.7919
791.90729	1857.9045
791.95813	1856.3923
792.00897	1831.3094
792.05975	1886.5118
792.1106	1812.3998
792.16144	1840.73
792.21228	1903.1392
792.26312	1906.9048
792.31396	1814.9102
792.36481	1887.3085
792.41559	1864.0936
792.46643	1890.7158
792.51727	1861.4725
792.56812	1888.353
792.61896	1871.5785
792.6698	1857.4788
792.72064	1862.0411
792.77142	1807.4591
792.82227	1863.2616
792.87311	1956.6047
792.92395	1946.3325
792.97479	1922.1394
793.02563	1951.0597
793.07648	1857.3455
793.12726	1804.8362
793.1781	1856.254
793.22894	1873.6942
793.27979	1913.1208
793.33063	1939.5642
793.38147	1950.6785
793.43231	1960.8838
793.48309	1961.6703
793.53394	1951.6749
793.58478	1949.9436
793.63562	1977.9597
793.68646	1939.532
793.7373	1929.522
793.78815	1926.2162
793.83899	1978.3436
793.88977	1972.7991
793.94061	1958.5609
793.99146	1987.2267
794.0423	2044.9956
794.09314	1986.9513
794.14398	1967.9285
794.19482	1953.399
794.24561	1990.3425
794.29645	2021.7571
794.34729	2038.6748
794.39813	1999.4321
794.44897	2030.2605
794.49982	2077.4946
794.55066	2083.7964
794.60144	2011.6224
794.65228	2039.7582
794.70313	1986.0173
794.75397	1946.5029
794.80481	1978.1941
794.85565	2000.6941
794.90649	2020.9
794.95728	2044.2585
795.00812	2039.0592
795.05896	2054.9568
795.1098	2101.8704
795.16064	2071.1519
795.21149	2029.3723
795.26233	2042.3503
795.31311	2054.3
795.36395	2024.3184
795.41479	2002.7296
795.46564	1993.9613
795.51648	2041.5227
795.56732	2110.6689
795.61816	2152.2998
795.66895	2144.6841
795.71979	2065.9514
795.77063	2010.0818
795.82147	2017.7053
795.87231	2024.0604
795.92316	2041.9476
795.974	2101.6631
796.02478	2151.6516
796.07562	2143.8955
796.12646	2150.916
796.17731	2151.0022
796.22815	2113.354
796.27899	2136.8401
796.32983	2165.2444
796.38062	2150.6177
796.43146	2113.0344
796.4823	2136.7351
796.53314	2187.7239
796.58398	2177.0303
796.63483	2174.165
796.68567	2194.1838
796.73645	2158.635
796.78729	2139.7944
796.83813	2122.8821
796.88898	2147.3054
796.93982	2181.3213
796.99066	2187.4648
797.0415	2119.4883
797.09229	2118.7356
797.14313	2160.2625
797.19397	2211.626
797.24481	2247.9087
797.29565	2263.5039
797.3465	2238.1047
797.39734	2219.1101
797.44812	2140.1077
797.49896	2114.761
797.5498	2118.0496
797.60065	2143.1531
797.65149	2199.4053
797.70233	2236.4719
797.75317	2237.9492
797.80396	2246.8965
797.8548	2202.1692
797.90564	2196.1467
797.95648	2172.4438
798.00732	2241.5569
798.05817	2153.4465
798.10901	2163.9346
798.15985	2198.3052
798.21063	2253.5684
798.26147	2277.1326
798.31232	2314.5857
798.36316	2301.7537
798.414	2264.4424
798.46484	2188.7827
798.51569	2202.7842
798.56647	2208.1672
798.61731	2313.5967
798.66815	2334.0647
798.71899	2353.6213
798.76984	2332.3035
798.82068	2332.9399
798.87152	2304.1262
798.9223	2309.9849
798.97314	2277.8054
799.02399	2320.5513
799.07483	2331.134
799.12567	2324.8054
799.17651	2291.3137
799.22736	2361.2417
799.27814	2353.4539
799.32898	2350.3599
799.37982	2343.4663
799.43066	2402.6909
799.48151	2352.2197
799.53235	2397.5803
799.58319	2346.5435
799.63397	2402.5779
799.68481	2308.5415
799.73566	2339.6448
799.7865	2316.1606
799.83734	2337.958
799.88818	2365.4175
799.93903	2441.6736
799.98981	2450.501
800.04065	2419.1602
800.09149	2380.386
800.14233	2300.8003
800.19318	2261.3582
800.24402	2300.7756
800.29486	2343.4041
800.34564	2411.2556
800.39648	2459.6538
800.44733	2490.488
800.49817	2443.0471
800.54901	2401.6069
800.59985	2342.3105
800.6507	2361.3108
800.70148	2363.8745
800.75232	2365.5532
800.80316	2340.7163
800.854	2399.1545
800.90485	2428.3396
800.95569	2532.7854
801.00653	2530.6035
801.05731	2528.7212
801.10815	2486.9016
801.159	2400.4526
801.20984	2381.6116
801.26068	2397.3584
801.31152	2471.2905
801.36237	2526.6646
801.41315	2506.0571
801.46399	2537.7068
801.51483	2586.1931
801.56567	2564.0374
801.61652	2523.7695
801.66736	2565.4529
801.7182	2562.9854
801.76898	2574.4934
801.81982	2546.4077
801.87067	2517.5916
801.92151	2564.3755
801.97235	2583.6057
802.02319	2601.7502
802.07404	2634.0171
802.12488	2574.7466
802.17566	2614.9895
802.2265	2572.0659
802.27734	2599.2612
802.32819	2565.5608
802.37903	2601.8352
802.42987	2506.3423
802.48071	2537.9973
802.53149	2512.7354
802.58234	2640.0718
802.63318	2622.6453
802.68402	2680.5408
802.73486	2699.1992
802.78571	2613.0376
802.83655	2539.657
802.88733	2421.1865
802.93817	2415.1157
802.98901	2604.3347
803.03986	2639.7219
803.0907	2691.6316
803.14154	2679.8511
803.19238	2735.29
803.24316	2639.4795
803.29401	2636.0789
803.34485	2555.8813
803.39569	2657.6724
803.44653	2688.2639
803.49738	2693.0649
803.54822	2660.2969
803.599	2725.2288
803.64984	2776.9753
803.70068	2735.3918
803.75153	2775.0889
803.80237	2811.7959
803.85321	2710.0596
803.90405	2755.0903
803.95483	2652.3257
804.00568	2735.4055
804.05652	2748.6721
804.10736	2870.7693
804.1582	2722.7832
804.20905	2775.5398
804.25989	2840.7151
804.31067	2876.6658
804.36151	2790.7651
804.41235	2823.3357
804.4632	2813.8782
804.51404	2867.9373
804.56488	2725.2217
804.61572	2764.8367
804.6665	2764.709
804.71735	2865.4485
804.76819	2885.5352
804.81903	2926.6851
804.86987	2860.5969
804.92072	2861.6699
804.97156	2735.8772
805.02234	2825.2512
805.07318	2750.2952
805.12402	2821.5029
805.17487	2782.6157
805.22571	2787.8684
805.27655	2790.3242
805.32739	2881.9521
805.37817	2927.885
805.42902	2907.0815
805.47986	2846.8516
805.5307	2887.3975
805.58154	2760.8931
805.63239	2725.6111
805.68323	2659.3254
805.73401	2821.6279
805.78485	2902.3589
805.83569	3040.3599
805.88654	2991.1316
805.93738	3018.5601
805.98822	2913.27
806.03906	2859.0281
806.08984	2817.95
806.14069	2908.949
806.19153	2969.6335
806.24237	2997.3469
806.29321	2922.5547
806.34406	3026.9089
806.3949	3044.2263
806.44574	3039.2012
806.49652	2964.9731
806.54736	3006.542
806.59821	2993.3164
806.64905	2971.4495
806.69989	2944.0632
806.75073	3013.7393
806.80157	3054.8931
806.85236	3081.804
806.9032	3064.6685
806.95404	3058.0793
807.00488	3118.4465
807.05573	3132.9424
807.10657	3095.2429
807.15741	3075.1611
807.20819	3110.7366
807.25903	3054.3787
807.30988	2955.3284
807.36072	2919.4368
807.41156	2996.0034
807.4624	3038.6968
807.51324	3123.8965
807.56403	3132.4622
807.61487	3162.7241
807.66571	3096.3713
807.71655	3052.1145
807.7674	2959.1765
807.81824	2947.0933
807.86908	2982.7476
807.91986	3094.9558
807.9707	3067.4548
808.02155	3075.9763
808.07239	3088.3245
808.12323	3162.197
808.17407	3114.7375
808.22491	3171.218
808.2757	3131.4238
808.32654	3064.8342
808.37738	2922.7715
808.42822	2994.4736
808.47906	3093.8369
808.52991	3190.156
808.58075	3234.7354
808.63153	3297.4626
808.68237	3231.3286
808.73322	3214.3735
808.78406	3056.7166
808.8349	3010.3843
808.88574	3066.7273
808.93658	3177.2231
808.98737	3187.4377
809.03821	3207.2253
809.08905	3211.0603
809.13989	3250.4475
809.19073	3302.0857
809.24158	3276.8796
809.29242	3296.4819
809.3432	3301.979
809.39404	3299.0425
809.44489	3163.5298
809.49573	3189.6877
809.54657	3245.3931
809.59741	3284.6831
809.64825	3314.4626
809.69904	3301.1399
809.74988	3261.0056
809.80072	3373.2837
809.85156	3310.7178
809.9024	3340.9656
809.95325	3261.4224
810.00409	3253.4983
810.05487	3174.1379
810.10571	3158.0625
810.15656	3143.3757
810.2074	3265.2866
810.25824	3284.5222
810.30908	3413.469
810.35992	3358.8464
810.41071	3358.1292
810.46155	3232.1802
810.51239	3139.7258
810.56323	3057.083
810.61407	3189.6431
810.66492	3255.2278
810.71576	3396.3027
810.7666	3396.9688
810.81738	3418.9448
810.86823	3365.5601
810.91907	3390.2344
810.96991	3334.2334
811.02075	3377.9524
811.07159	3327.8682
811.12244	3268.5466
811.17322	3238.0649
811.22406	3261.3445
811.2749	3421.3689
811.32574	3507.0586
811.37659	3519.7251
811.42743	3496.0117
811.47827	3502.1382
811.52905	3452.8806
811.5799	3389.3254
811.63074	3327.4534
811.68158	3479.314
811.73242	3454.3535
811.78326	3571.9421
811.83411	3513.8735
811.88489	3594.0239
811.93573	3528.2593
811.98657	3571.5337
812.03741	3521.969
812.08826	3624.5835
812.1391	3541.5945
812.18994	3580.5674
812.24072	3376.5151
812.29156	3512.5327
812.34241	3416.2944
812.39325	3665.6584
812.44409	3523.2368
812.49493	3558.249
812.54578	3553.0977
812.59656	3661.0291
812.6474	3545.6846
812.69824	3575.7761
812.74908	3559.4194
812.79993	3540.8103
812.85077	3428.7483
812.90161	3369.6963
812.95239	3358.9304
813.00323	3503.8044
813.05408	3710.9238
813.10492	3761.5698
813.15576	3730.4443
813.2066	3615.6062
813.25745	3489.2012
813.30823	3314.9392
813.35907	3419.7578
813.40991	3371.8386
813.46075	3720.905
813.5116	3624.2097
813.56244	3809.4033
813.61328	3701.3911
813.66406	3746.5588
813.7149	3584.6455
813.76575	3662.2158
813.81659	3523.7656
813.86743	3771.6824
813.91827	3560.5901
813.96912	3688.5833
814.0199	3574.9551
814.07074	3871.9438
814.12158	3847.5786
814.17242	3900.9014
814.22327	3821.2295
814.27411	3884.425
814.32495	3777.5647
814.37573	3813.1187
814.42657	3746.6428
814.47742	3804.2981
814.52826	3855.2134
814.5791	3835.9639
814.62994	3805.9646
814.68079	3862.2888
814.73163	3899.7178
814.78241	3892.5854
814.83325	3918.8335
814.88409	3953.4133
814.93494	3966.6365
814.98578	3847.1387
815.03662	3731.5706
815.08746	3680.3892
815.13824	3819.748
815.18909	3842.6711
815.23993	3985.2488
815.29077	3832.0198
815.34161	3989.1208
815.39246	3910.2917
815.4433	3999.292
815.49408	3777.2688
815.54492	3924.3975
815.59576	3826.3528
815.64661	3803.7937
815.69745	3695.7209
815.74829	3800.4639
815.79913	3878.7593
815.84991	4048.7705
815.90076	4082.0186
815.9516	4165.4482
816.00244	4086.7629
816.05328	3921.312
816.10413	3792.1917
816.15497	3676.3491
816.20575	3849.6001
816.25659	3975.3135
816.30743	4155.791
816.35828	4075.5081
816.40912	4096.4956
816.45996	4169.2075
816.5108	4123.2183
816.56158	3880.4568
816.61243	4068.1616
816.66327	4000.366
816.71411	4193.5757
816.76495	4019.1677
816.8158	4084.7976
816.86664	4115.2607
816.91742	4269.0576
816.96826	4241.9521
817.0191	4259.5029
817.06995	4299.1221
817.12079	4302.8813
817.17163	4270.3325
817.22247	4200.4351
817.27325	4150.6807
817.3241	4266.584
817.37494	4342.4009
817.42578	4241.8125
817.47662	4175.769
817.52747	4216.1929
817.57831	4378.875
817.62909	4378.332
817.67993	4445.0679
817.73077	4315.1611
817.78162	4288.6572
817.83246	4142.0884
817.8833	4031.2698
817.93414	3993.354
817.98492	4194.6401
818.03577	4235.7773
818.08661	4378.7065
818.13745	4299.1665
818.18829	4425.8682
818.23914	4324.124
818.28998	4208.666
818.34076	4145.4287
818.3916	4178.791
818.44244	4175.1353
818.49329	4182.103
818.54413	4176.8232
818.59497	4237.3906
818.64581	4332.8306
818.69659	4450.3813
818.74744	4513.7651
818.79828	4455.0728
818.84912	4512.0313
818.89996	4288.0864
818.95081	4177.5078
819.00165	4132.9907
819.05249	4288.0913
819.10327	4418.9404
819.15411	4613.4658
819.20496	4583.0698
819.2558	4727.4097
819.30664	4610.1279
819.35748	4560.0757
819.40833	4346.0767
819.45911	4447.0928
819.50995	4600.9961
819.56079	4580.1587
819.61163	4558.5986
819.66248	4583.7051
819.71332	4639.5205
819.76416	4732.7231
819.81494	4719.3208
819.86578	4670.0942
819.91663	4746.311
819.96747	4744.626
820.01831	4729.9282
820.06915	4567.0269
820.12	4562.0562
820.17078	4608.708
820.22162	4715.8936
820.27246	4582.8911
820.3233	4582.1753
820.37415	4663.1763
820.42499	4815.895
820.47583	4802.915
820.52661	4857.0889
820.57745	4864.5723
820.6283	4703.5889
820.67914	4498.3135
820.72998	4386.2524
820.78082	4401.5366
820.83167	4534.23
820.88245	4767.5313
820.93329	4829.4839
820.98413	4888.7715
821.03497	4826.4072
821.08582	4746.5029
821.13666	4590.2026
821.1875	4493.748
821.23828	4505.397
821.28912	4644.2124
821.33997	4663.6104
821.39081	4736.1396
821.44165	4731.6597
821.49249	4785.9307
821.54333	4845.1841
821.59412	4880.0298
821.64496	4926.4844
821.6958	4965.3262
821.74664	4843.4502
821.79749	4706.4946
821.84833	4692.8057
821.89917	4728.7085
821.94995	4937.3472
822.00079	5079.6172
822.05164	5091.7603
822.10248	5065.1182
822.15332	5105.0142
822.20416	5024.2666
822.255	4926.9878
822.30579	4911.7031
822.35663	5110.7192
822.40747	5139.189
822.45831	4998.8135
822.50916	4939.0376
822.56	5047.8892
822.61084	5195.7813
822.66162	5181.3945
822.71246	5243.6152
822.76331	5267.3672
822.81415	5203.6572
822.86499	5098.7861
822.91583	5066.6675
822.96667	5054.8364
823.01752	5062.8745
823.0683	5105.6758
823.11914	5106.5781
823.16998	5003.5342
823.22083	5096.0234
823.27167	5182.2793
823.32251	5192.0186
823.37335	5267.377
823.42413	5246.729
823.47498	5162.6162
823.52582	4950.4858
823.57666	4762.394
823.6275	4723.0718
823.67834	4877.8745
823.72919	5104.7817
823.77997	5316.937
823.83081	5382.0244
823.88165	5443.1899
823.9325	5400.0083
823.98334	5143.1953
824.03418	4932.02
824.08502	4954.7734
824.1358	5085.6094
824.18665	5190.1719
824.23749	5198.7314
824.28833	5286.4609
824.33917	5396.3721
824.39001	5337.0889
824.44086	5361.0669
824.49164	5323.2026
824.54248	5359.1489
824.59332	5357.5996
824.64417	5294.5371
824.69501	5183.4341
824.74585	5208.4424
824.79669	5378
824.84747	5520.4116
824.89832	5556.1279
824.94916	5518.5054
825	5629.9917
825.05084	5645.8921
825.10168	5595.9595
825.15253	5455.6348
825.20331	5454.6172
825.25415	5496.125
825.30499	5498.999
825.35583	5358.2471
825.40668	5329.0269
825.45752	5451.4585
825.50836	5604.916
825.55914	5660.9829
825.60999	5711.0225
825.66083	5726.1641
825.71167	5636.0439
825.76251	5454.7427
825.81335	5274.4805
825.8642	5253.0986
825.91498	5310.1372
825.96582	5482.5693
826.01666	5458.0635
826.0675	5417.187
826.11835	5443.439
826.16919	5621.106
826.22003	5673.4829
826.27081	5613.3931
826.32166	5556.5635
826.3725	5515.0806
826.42334	5336.9243
826.47418	5146.645
826.52502	5143.7148
826.57587	5348.085
826.62665	5661.104
826.67749	5794.1729
826.72833	5868.7393
826.77917	5809.6484
826.83002	5702.1099
826.88086	5425.8237
826.9317	5206.5601
826.98248	5210.5205
827.03333	5535.1836
827.08417	5748.9683
827.13501	5821.0449
827.18585	5810.3198
827.23669	5884.6772
827.28754	5943.0122
827.33838	5832.2778
827.38916	5738.5649
827.44	5793.0952
827.49084	5966.6621
827.54169	5813.7881
827.59253	5631.498
827.64337	5591.8652
827.69421	5827.2139
827.745	5985.7163
827.79584	6023.0293
827.84668	5896.9619
827.89752	5962.7275
827.94836	6026.4502
827.99921	6001.8711
828.05005	5971.7686
828.10083	5920.7578
828.15167	5963.5537
828.20251	5862.8691
828.25336	5707.2598
828.3042	5503.3379
828.35504	5685.9756
828.40588	5916.7642
828.45667	6129.3604
828.50751	6217.3867
828.55835	6293.2915
828.60919	6112.4116
828.66003	5796.1733
828.71088	5535.5415
828.76172	5469.9102
828.8125	5640.7725
828.86334	5828.7622
828.91418	5907.0234
828.96503	5865.8213
829.01587	5962.7661
829.06671	5963.3223
829.11755	5941.1855
829.16833	5852.9067
829.21918	5890.1299
829.27002	5868.4849
829.32086	5843.3823
829.3717	5559.8188
829.42255	5502.3872
829.47339	5796.5298
829.52417	6112.4766
829.57501	6299.3613
829.62585	6326.2529
829.6767	6401.29
829.72754	6243.7593
829.77838	6071.064
829.82922	5763.2485
829.88	5696.4102
829.93085	5922.2148
829.98169	6273.2769
830.03253	6339.6914
830.08337	6309.5571
830.13422	6340.6831
830.18506	6406.5054
830.23584	6410.4829
830.28668	6350.4243
830.33752	6347.1489
830.38837	6419.7695
830.43921	6461.7578
830.49005	6248.5127
830.54089	6183.2959
830.59167	6202.1919
830.64252	6431.4165
830.69336	6443.0952
830.7442	6439.2686
830.79504	6411.4243
830.84589	6493.9463
830.89673	6517.4717
830.94751	6414.8848
830.99835	6382.5649
831.04919	6378.6572
831.10004	6303.6265
831.15088	6042.4072
831.20172	5956.1577
831.25256	6060.0049
831.30341	6376.9507
831.35419	6588.2129
831.40503	6769.0503
831.45587	6718.3389
831.50671	6655.7568
831.55756	6367.9165
831.6084	5956.1113
831.65924	5729.5923
831.71002	5897.2422
831.76086	6258.5034
831.81171	6460.373
831.86255	6622.79
831.91339	6608.9204
831.96423	6661.5718
832.01508	6535.856
832.06586	6398.0996
832.1167	6227.8184
832.16754	6289.9741
832.21838	6442.1274
832.26923	6380.6108
832.32007	6238.46
832.37091	6334.1611
832.42169	6701.5044
832.47253	6875.1807
832.52338	7006.3608
832.57422	6966.5625
832.62506	6966.938
832.6759	6832.4214
832.72675	6635.0522
832.77753	6441.9556
832.82837	6510.0151
832.87921	6761.6431
832.93005	7029.061
832.9809	7052.4849
833.03174	6966.6733
833.08258	7082.7261
833.13336	7095.3408
833.1842	7033.5566
833.23505	6947.1323
833.28589	7089.9185
833.33673	7131.5889
833.38757	7041.1816
833.43842	6700.7231
833.4892	6632.3154
833.54004	6836.4336
833.59088	7017.8369
833.64172	7102.9644
833.69257	7086.5522
833.74341	7177.1641
833.79425	7168.4712
833.84503	7059.7627
833.89587	6848.6421
833.94672	6891.5776
833.99756	6886.813
834.0484	6871.9468
834.09924	6639.439
834.15009	6432.8433
834.20087	6595.8735
834.25171	6982.3677
834.30255	7259.8696
834.35339	7399.4434
834.40424	7458.749
834.45508	7168.0356
834.50592	6811.2104
834.5567	6442.4204
834.60754	6289.4316
834.65839	6410.751
834.70923	6890.6934
834.76007	7232.2813
834.81091	7398.1812
834.86176	7497.9185
834.91254	7488.2261
834.96338	7319.6353
835.01422	6977.7095
835.06506	6918.0796
835.11591	6982.668
835.16675	7140.4326
835.21759	7161.2295
835.26837	7150.8306
835.31921	7159.2803
835.37006	7392.3564
835.4209	7600.1372
835.47174	7580.9795
835.52258	7571.2075
835.57343	7613.1348
835.62427	7609.2661
835.67505	7383.1938
835.72589	7243.4912
835.77673	7243.166
835.82758	7566.3784
835.87842	7667.5854
835.92926	7592.6782
835.9801	7546.4902
836.03088	7598.9912
836.08173	7744.9961
836.13257	7799.6846
836.18341	7770.3892
836.23425	7763.1919
836.2851	7883.6445
836.33594	7622.8018
836.38672	7278.1543
836.43756	7072.9033
836.4884	7236.3604
836.53925	7494.0464
836.59009	7740.5806
836.64093	7816.2285
836.69177	7813.2266
836.74255	7836.6724
836.7934	7622.0205
836.84424	7423.1162
836.89508	7215.4727
836.94592	7267.4136
836.99677	7345.7168
837.04761	7362.0957
837.09839	7208.958
837.14923	7270.9126
837.20007	7499.6514
837.25092	7729.1621
837.30176	7898.5308
837.3526	7923.6626
837.40344	7906.4385
837.45422	7580.3252
837.50507	7203.9243
837.55591	6818.8306
837.60675	7004.6167
837.65759	7427.4204
837.70844	7964.7329
837.75928	8204.6387
837.81006	8257.5703
837.8609	8264.9717
837.91174	7991.4395
837.96259	7757.9023
838.01343	7443.0073
838.06427	7587.6445
838.11511	7849.3604
838.16589	8104.5742
838.21674	7955.5371
838.26758	7930.3018
838.31842	8014.0542
838.36926	8184.8042
838.4201	8253.1279
838.47095	8241.9697
838.52173	8346.5449
838.57257	8417.292
838.62341	8373.5068
838.67426	8027.9438
838.7251	7949.1592
838.77594	8032.0894
838.82678	8310.8477
838.87756	8291.4932
838.92841	8042.8667
838.97925	8043.7197
839.03009	8221.5586
839.08093	8478.1396
839.13177	8421.7236
839.18262	8548.0977
839.2334	8459.8193
839.28424	8314.582
839.33508	7828.4731
839.38593	7469.3062
839.43677	7389.3394
839.48761	7729.9512
839.53845	8132.0752
839.58929	8394.7383
839.64008	8569.7188
839.69092	8400.6729
839.74176	8410.0664
839.7926	7939.812
839.84344	7656.981
839.89429	7539.7661
839.94513	7749.5581
839.99591	7938.0908
840.04675	7914.3213
840.0976	7996.1816
840.14844	8028.6455
840.19928	8450.8584
840.25012	8456.4043
840.30096	8553.75
840.35175	8416.6064
840.40259	8459.4453
840.45343	8168.1226
840.50427	7782.7393
840.55511	7618.3794
840.60596	7742.4019
840.6568	8256.749
840.70758	8572.8467
840.75842	9026.3896
840.80927	8846.9316
840.86011	8962.5078
840.91095	8642.916
840.96179	8349.79
841.01263	8190.4946
841.06342	8349.0918
841.11426	8690.3936
841.1651	8818.1475
841.21594	8752.0234
841.26678	8543.6201
841.31763	8820.3242
841.36847	8853.0439
841.41925	9069.7158
841.47009	8894.8408
841.52094	9011.5732
841.57178	9144.7441
841.62262	9022.5381
841.67346	8733.835
841.7243	8341.2939
841.77509	8621.3496
841.82593	8691.0381
841.87677	8914.7549
841.92761	8608.6934
841.97845	8658.3643
842.0293	8821.3662
842.08014	9113.3633
842.13092	9114.0342
842.18176	8926.6406
842.2326	9000.2598
842.28345	8762.4883
842.33429	8412.0215
842.38513	7735.8623
842.43597	7859.0337
842.48676	8133.7104
842.5376	8789.1289
842.58844	9203.4727
842.63928	9341.9414
842.69012	9382.0088
842.74097	8892.1006
842.79181	8599.127
842.84259	7917.8755
842.89343	8014.7627
842.94427	8155.6865
842.99512	8708.377
843.04596	8827.7598
843.0968	8781.2168
843.14764	8970.8652
843.19843	9123.6084
843.24927	9330.1465
843.30011	8931.4639
843.35095	8994.1738
843.40179	8906.2393
843.45264	9174.002
843.50348	8723.2861
843.55426	8465.5938
843.6051	8565.0215
843.65594	9029.0313
843.70679	9602.7207
843.75763	9630.3525
843.80847	9833.127
843.85931	9591.4971
843.91016	9669.5596
843.96094	9388.1016
844.01178	9215.8271
844.06262	9114.3779
844.11346	9491.6514
844.16431	9900.4502
844.21515	9442.0361
844.26599	9313.4463
844.31677	9059.0488
844.36761	9653.0527
844.41846	9680.8281
844.4693	9941.7461
844.52014	9776.2246
844.57098	9752.0713
844.62183	9673.9561
844.67261	9223.9121
844.72345	9012.2578
844.77429	8753.2451
844.82513	9246.1631
844.87598	9333.6074
844.92682	9476.6162
844.97766	9228.7061
845.02844	9409.7764
845.07928	9667.2871
845.13013	9674.416
845.18097	9786.2354
845.23181	9508.2217
845.28265	9628.8984
845.3335	9105.1445
845.38428	8684.6543
845.43512	8355.0938
845.48596	8489.0947
845.5368	9235.374
845.58765	9748.5918
845.63849	10347.283
845.68933	10137.923
845.74011	10264.535
845.79095	9551.8691
845.8418	9064.333
845.89264	8552.6572
845.94348	8697.666
845.99432	9209.1729
846.04517	9727.6211
846.09595	10001.583
846.14679	9911.3574
846.19763	10129.978
846.24847	10011.369
846.29932	10139.787
846.35016	9707.8281
846.401	9768.9053
846.45178	10032.602
846.50262	10072.282
846.55347	9879.2285
846.60431	9452.7646
846.65515	9843.4697
846.70599	10121.217
846.75684	10762.683
846.80762	10523.062
846.85846	10533.556
846.9093	10521.166
846.96014	10523.663
847.01099	10480.621
847.06183	9902.7402
847.11267	10219.322
847.16345	10303.175
847.21429	10473.397
847.26514	9964.2441
847.31598	9778.5605
847.36682	9951.6758
847.41766	10344.492
847.46851	10789.571
847.51929	10709.006
847.57013	11018.757
847.62097	10765.393
847.67181	10485.515
847.72266	9616.3232
847.7735	9320.2686
847.82434	9428.4844
847.87512	9811.333
847.92596	10284.992
847.97681	10146.377
848.02765	10442.399
848.07849	10216.929
848.12933	10560.521
848.18018	10258.952
848.23102	10119.333
848.2818	10046.396
848.33264	9978.9355
848.38348	9941.9023
848.43433	9356.8164
848.48517	9449.8311
848.53601	9447.9775
848.58685	10379.295
848.63763	10886.954
848.68848	11189.559
848.73932	11171.958
848.79016	10863.438
848.841	10710.941
848.89185	9741.2725
848.94269	9391.0557
848.99347	9355.0576
849.04431	10366.262
849.09515	10843.74
849.146	11117.518
849.19684	11253.844
849.24768	11120.581
849.29852	11217.302
849.3493	10810.147
849.40015	10718.683
849.45099	10538.685
849.50183	11123.611
849.55267	11002.563
849.60352	10946.468
849.65436	10638.154
849.70514	10666.822
849.75598	11387.837
849.80682	11311.249
849.85767	11411.47
849.90851	11094.779
849.95935	11455.599
850.01019	11555.312
850.06097	11447.155
850.11182	11043.806
850.16266	10745.708
850.2135	11207.17
850.26434	10818.508
850.31519	10723.433
850.36603	10237.072
850.41681	10572.082
850.46765	11013.082
850.51849	11421.563
850.56934	11838.032
850.62018	11638.066
850.67102	11777.474
850.72186	11093.494
850.77264	10463.897
850.82349	9730.5107
850.87433	9744.9082
850.92517	10315.703
850.97601	10987.778
851.02686	11431.152
851.0777	11354.564
851.12848	11716.676
851.17932	11185.533
851.23016	11072.146
851.28101	10480.622
851.33185	10485.942
851.38269	10680.033
851.43353	10755.478
851.48431	10860.603
851.53516	10252.429
851.586	10449.76
851.63684	10960.511
851.68768	11924.104
851.73853	11998.213
851.78937	11822.721
851.84015	11905.501
851.89099	11701.02
851.94183	11365.673
851.99268	10383.638
852.04352	10477.144
852.09436	11002.431
852.1452	11935.882
852.19604	12231.35
852.24683	12169.477
852.29767	12330.249
852.34851	12158.309
852.39935	12387.571
852.4502	11735.52
852.50104	11776.688
852.55188	11952.436
852.60266	12319.425
852.6535	12316.421
852.70435	11583.795
852.75519	11542.628
852.80603	11664.01
852.85687	12381.502
852.90771	12265.397
852.9585	12331.845
853.00934	12360.079
853.06018	12531.437
853.11102	12524.714
853.16187	11959.813
853.21271	11940.978
853.26355	11798.273
853.31433	12077.565
853.36517	11773.229
853.41602	11211.312
853.46686	11017.27
853.5177	11456.65
853.56854	12324.147
853.61938	12581.652
853.67017	12945.242
853.72101	12647.893
853.77185	12517.385
853.82269	11708.87
853.87354	10675.402
853.92438	10352.071
853.97522	10527.496
854.026	11584.979
854.07684	12212.432
854.12769	12863
854.17853	12871.659
854.22937	12977.838
854.28021	12534.961
854.33105	11764.65
854.38184	11392.467
854.43268	11202.354
854.48352	11763.13
854.53436	11992.416
854.58521	12081.813
854.63605	11860.535
854.68689	12193.626
854.73767	12830.031
854.78851	13022.114
854.83936	13121.016
854.8902	12858.652
854.94104	13103.043
854.99188	12849.187
855.04272	12386.229
855.09351	11866.828
855.14435	11809.261
855.19519	12559.763
855.24603	13288.188
855.29688	13608.736
855.34772	13170.774
855.39856	13262.875
855.44934	13452.415
855.50018	13433.167
855.55103	13351.407
855.60187	13093.568
855.65271	13446.52
855.70355	13401.479
855.75439	13167.156
855.80518	12546.212
855.85602	12229.339
855.90686	12560.641
855.9577	13163.97
856.00854	13495.139
856.05939	13390.676
856.11023	13596.118
856.16101	13548.445
856.21185	13329.067
856.2627	12612.078
856.31354	12199.23
856.36438	12315.731
856.41522	12543.145
856.46606	12680.531
856.51691	12179.338
856.56769	12156.676
856.61853	12509.158
856.66937	13182.378
856.72021	13489.975
856.77106	13559.678
856.8219	13629.972
856.87274	13240.967
856.92352	12655.534
856.97437	11539.45
857.02521	11044.73
857.07605	11326.954
857.12689	12399.646
857.17773	13421.704
857.22858	13986.98
857.27936	14385.999
857.3302	14136.51
857.38104	13726.028
857.43188	12723.163
857.48273	12019.63
857.53357	11944.009
857.58441	12435.738
857.63519	13327.169
857.68604	13431.526
857.73688	13409.817
857.78772	13461.178
857.83856	13938.337
857.8894	14081.91
857.94025	13920.267
857.99103	13803.937
858.04187	13844.303
858.09271	14256.658
858.14355	13952.525
858.1944	13443.307
858.24524	13235.734
858.29608	13817.44
858.34686	14277.715
858.39771	14276.721
858.44855	14257.033
858.49939	13966.271
858.55023	14198.427
858.60107	14323.134
858.65192	14453.093
858.7027	14321.421
858.75354	14357.252
858.80438	14441.01
858.85522	13803.423
858.90607	13082.305
858.95691	12307.126
859.00775	12705.957
859.05853	13560.061
859.10938	14391.545
859.16022	14735.234
859.21106	14590.909
859.2619	14626.45
859.31274	13935.023
859.36359	13281.74
859.41437	12492.508
859.46521	12299.583
859.51605	12792.486
859.56689	13234.904
859.61774	13314.61
859.66858	12948.056
859.71942	13423.159
859.7702	13748.882
859.82104	14138.646
859.87189	14155.775
859.92273	13840.212
859.97357	13936.919
860.02441	13559.503
860.07526	13039.851
860.12604	11975.23
860.17688	11910.002
860.22772	12664.161
860.27856	13848.946
860.32941	14925.197
860.38025	14928.236
860.43109	15266.249
860.48193	14860.856
860.53271	14245.059
860.58356	13338.34
860.6344	12746.994
860.68524	13117.497
860.73608	13905.827
860.78693	14876.493
860.83777	14539.058
860.88855	14462.399
860.93939	14541.75
860.99023	14910.796
861.04108	15142.554
861.09192	14502.893
861.14276	14608.108
861.1936	14760.423
861.24438	15183.291
861.29523	14612.024
861.34607	14007.881
861.39691	13982.066
861.44775	14262.879
861.4986	15167.964
861.54944	14594.975
861.60022	14373.204
861.65106	14224.181
861.7019	14599.755
861.75275	15353.469
861.80359	14948.01
861.85443	14993.68
861.90527	14632.937
861.95605	14780.936
862.0069	13990.503
862.05774	12874.511
862.10858	12489.802
862.15942	12826.85
862.21027	14192.05
862.26111	14719.193
862.31189	15559.338
862.36273	15545.894
862.41357	15202.567
862.46442	14641.979
862.51526	13043.33
862.5661	12433.865
862.61694	12135.927
862.66772	13177.767
862.71857	13843.203
862.76941	14132.157
862.82025	14335.488
862.87109	14221.81
862.92194	14782.81
862.97278	14566.313
863.02356	14331.478
863.0744	14065.505
863.12524	14215.268
863.17609	14535.757
863.22693	13736.939
863.27777	13434.456
863.32861	12876.552
863.37939	13807.249
863.43024	14892.249
863.48108	15545.268
863.53192	16005.344
863.58276	15483.717
863.63361	16006.857
863.68445	15204.622
863.73523	14593.737
863.78607	13776.247
863.83691	13941.785
863.88776	15046.045
863.9386	15454.763
863.98944	15914.525
864.04028	15055.086
864.09106	15205.699
864.14191	15788.988
864.19275	15676.353
864.24359	15865.033
864.29443	15141.807
864.34528	16078.29
864.39612	15764.345
864.4469	15522.316
864.49774	14767.326
864.54858	14128.358
864.59943	14959.082
864.65027	14944.656
864.70111	15714.764
864.75195	15020.814
864.8028	15011.104
864.85358	15432.87
864.90442	15483.342
864.95526	15883.269
865.0061	15054.938
865.05695	15294.597
865.10779	15085.449
865.15863	14613.725
865.20941	13814.92
865.26025	12783.446
865.3111	13391.551
865.36194	14041.426
865.41278	15616.882
865.46362	16306.334
865.51447	16468.291
865.56525	16604.338
865.61609	15496.661
865.66693	14436.965
865.71777	12728.315
865.76862	12607.447
865.81946	13071.882
865.8703	14328.616
865.92108	15487.808
865.97192	15628.441
866.02277	16050.563
866.07361	15829.163
866.12445	15909.957
866.17529	15312.374
866.22614	14545.848
866.27692	14766.743
866.32776	15069.924
866.3786	15690.1
866.42944	15104.451
866.48029	14696.126
866.53113	14923.44
866.58197	15572.019
866.63275	16736.361
866.68359	16513.703
866.73444	16650.098
866.78528	16558.268
866.83612	16723.791
866.88696	16480.705
866.93781	15470.176
866.98859	15441.644
867.03943	15567.557
867.09027	16602.191
867.14111	16641.609
867.19196	16007.48
867.2428	15718.418
867.29364	15728.038
867.34442	16704.664
867.39526	16927.453
867.44611	17044.104
867.49695	16985.037
867.54779	16902.436
867.59863	16802.758
867.64948	15506.335
867.70026	14679.135
867.7511	14307.281
867.80194	14988.44
867.85278	15855.338
867.90363	16184.019
867.95447	16453.869
868.00531	16121.389
868.05609	16443.398
868.10693	16189.928
868.15778	15662.884
868.20862	15412.033
868.25946	15287.179
868.3103	15526.687
868.36115	14891.814
868.41193	14275.479
868.46277	13789.598
868.51361	14123.427
868.56445	15307.69
868.6153	16289.489
868.66614	17082.068
868.71698	17058.137
868.76782	17079.262
868.8186	16255.484
868.86945	14786.992
868.92029	13767.881
868.97113	13304.244
869.02197	14237.48
869.07281	15657.549
869.12366	16895.076
869.17444	17331.018
869.22528	17359.449
869.27612	17468.932
869.32697	16770.15
869.37781	16089.983
869.42865	15397.144
869.47949	15488.177
869.53027	16256.187
869.58112	16789.627
869.63196	16698.984
869.6828	16030.266
869.73364	16310.054
869.78448	16947.701
869.83533	17594.332
869.88611	17610.746
869.93695	17221.707
869.98779	17404.055
870.03864	17499.607
870.08948	17577.619
870.14032	16894.502
870.19116	16302.98
870.24194	16614.18
870.29279	17098.373
870.34363	17198.273
870.39447	16326.149
870.44531	15752.14
870.49615	15959.196
870.547	16829.59
870.59778	17627.988
870.64862	17771.727
870.69946	17875.693
870.75031	17607.807
870.80115	17078.885
870.85199	15883.664
870.90283	14557.999
870.95361	14140.47
871.00446	14733.939
871.0553	16096.496
871.10614	16855.912
871.15698	17286.842
871.20782	17382.816
871.25867	17161.824
871.30945	16854.229
871.36029	15764.642
871.41113	15031.672
871.46198	14884.016
871.51282	15356.478
871.56366	15649.938
871.6145	15250.962
871.66528	14926.567
871.71613	14936.573
871.76697	15915.8
871.81781	16787.418
871.86865	17227.586
871.91949	17490.789
871.97034	17331.693
872.02112	17224.143
872.07196	16109.532
872.1228	14873.219
872.17365	14138.974
872.22449	14589.533
872.27533	16175.581
872.32617	17289.01
872.37695	18116.779
872.4278	18178.414
872.47864	18229.342
872.52948	18225.865
872.58032	17334.398
872.63116	16547.408
872.68201	16040.354
872.73279	16668.9
872.78363	17601.949
872.83447	17636.699
872.88531	17216.748
872.93616	16586.02
872.987	17174.027
873.03784	17814.602
873.08868	18096.848
873.13947	17804.867
873.19031	17413.121
873.24115	17946.941
873.29199	17893.506
873.34283	17652.498
873.39368	16927.547
873.44452	16443.932
873.4953	17069.83
873.54614	16964.754
873.59698	16807.844
873.64783	15985.513
873.69867	15584.245
873.74951	16319.933
873.80035	17065.154
873.85114	18068.65
873.90198	17894.971
873.95282	17993.51
874.00366	17696.99
874.0545	16356.962
874.10535	14983.434
874.15619	13562.608
874.20697	13766.31
874.25781	14764.003
874.30865	16338.438
874.3595	17659.438
874.41034	17794.209
874.46118	18249.457
874.51202	17530.342
874.56281	16404.17
874.61365	15149.602
874.66449	14217.157
874.71533	14683.43
874.76617	15300.36
874.81702	16164.899
874.86786	16035.13
874.91864	15658.354
874.96948	16217.872
875.02032	16723.936
875.07117	17634.219
875.12201	17211.643
875.17285	17078.387
875.22369	17300.756
875.27448	17146.193
875.32532	16865.191
875.37616	15506.279
875.427	15068.641
875.47784	15459.314
875.52869	16908.684
875.57953	18337.99
875.63031	18151.088
875.68115	18144.873
875.73199	17900.734
875.78284	18182.914
875.83368	17893.879
875.88452	16880.924
875.93536	16874.4
875.98615	17020.336
876.03699	17920.557
876.08783	17681.303
876.13867	16658.98
876.18951	16306.391
876.24036	16353.432
876.2912	17582.436
876.34198	17791.225
876.39282	17835.596
876.44366	17760.215
876.49451	17766.102
876.54535	18016.648
876.59619	16883.957
876.64703	16085.886
876.69781	15639.673
876.74866	15966.595
876.7995	16653.418
876.85034	15991.586
876.90118	15616.199
876.95203	15203.618
877.00287	15900.389
877.05365	16902.623
877.10449	16880.594
877.15533	17464.303
877.20618	16952.172
877.25702	16890.268
877.30786	16139.586
877.3587	14301.002
877.40955	13281.355
877.46033	12760.507
877.51117	14052.296
877.56201	15538.255
877.61285	16981.854
877.6637	18070.813
877.71454	17519.799
877.76538	17679.98
877.81616	16335.068
877.867	14606.107
877.91785	13613.003
877.96869	13298.581
878.01953	14797.666
878.07037	15561.685
878.12122	16232.21
878.172	16218.599
878.22284	16035.566
878.27368	17113.893
878.32452	16598.461
878.37537	16755.799
878.42621	15909.739
878.47705	15850.915
878.52783	16914.76
878.57867	16297.045
878.62952	16116.633
878.68036	15001.844
878.7312	15083.574
878.78204	16165.56
878.83289	16655.549
878.88367	17502.816
878.93451	16336.339
878.98535	16497.99
879.03619	16712.719
879.08704	16722.227
879.13788	16780.475
879.18872	15544.684
879.2395	16244.632
879.29034	16431.543
879.34119	16213.285
879.39203	15553.708
879.44287	13830.617
879.49371	14427.999
879.54456	14742.466
879.59534	16135.376
879.64618	16670.711
879.69702	16054.069
879.74786	16845.514
879.79871	16280.729
879.84955	15656.972
879.90039	14115.987
879.95117	12880.777
880.00201	13168.756
880.05286	13484.179
880.1037	14662.406
880.15454	14449.563
880.20538	13872.334
880.25623	14278.595
880.30701	14121.901
880.35785	15028.604
880.40869	14639.864
880.45953	14356.136
880.51038	14752.535
880.56122	14081.615
880.61206	13962.832
880.66284	12245.274
880.71368	11589.576
880.76453	11764.069
880.81537	12670.82
880.86621	14811.805
880.91705	15099.188
880.9679	15708.397
881.01868	15645.686
881.06952	14967.088
881.12036	14352.317
881.1712	12230.697
881.22205	11808.69
881.27289	11845.584
881.32373	13218.416
881.37457	14523.044
881.42535	14412.981
881.4762	14588.781
881.52704	14214.706
881.57788	14551.891
881.62872	14814.439
881.67957	13774.643
881.73041	13725.836
881.78119	13571.271
881.83203	14362.575
881.88287	14567.84
881.93372	13507.299
881.98456	13310.808
882.0354	12837.658
882.08624	13917.812
882.13702	14422.218
882.18787	13914.258
882.23871	13690.207
882.28955	13194.594
882.34039	13875.857
882.39124	14041.896
882.44208	13629.127
882.49286	13516.88
882.5437	13088.487
882.59454	13785.243
882.64539	13014.243
882.69623	11991.944
882.74707	11186.729
882.79791	11009.095
882.84869	12036.097
882.89954	12798.216
882.95038	13728.544
883.00122	13789.2
883.05206	13500.552
883.10291	13365.999
883.15375	12012.514
883.20453	10945.348
883.25537	9898.8545
883.30621	9841.4434
883.35706	10834.335
883.4079	11540.359
883.45874	11956.487
883.50958	11808.395
883.56036	11709.966
883.61121	11903.881
883.66205	11587.683
883.71289	11297.446
883.76373	10776.326
883.81458	10889.59
883.86542	11097.532
883.9162	10825.599
883.96704	10413.335
884.01788	9650.0146
884.06873	9681.6182
884.11957	10384.483
884.17041	11283.753
884.22125	12058.437
884.27203	11860.168
884.32288	11954.592
884.37372	11669.841
884.42456	10962.073
884.4754	10137.39
884.52625	9214.9326
884.57709	9328.2363
884.62787	9966.8037
884.67871	10847.502
884.72955	11058.708
884.7804	10722.305
884.83124	10668.699
884.88208	10473.772
884.93292	10608.13
884.9837	10373.418
885.03455	9834.6768
885.08539	9892.5283
885.13623	9970.1738
885.18707	10116.409
885.23792	9619.1768
885.28876	8846.1094
885.33954	8722.0811
885.39038	8919.5518
885.44122	9393.4229
885.49207	9272.3203
885.54291	8851.1064
885.59375	8695.5225
885.64459	8682.5918
885.69543	8927.5928
885.74622	8616.124
885.79706	8283.8809
885.8479	8123.8081
885.89874	8005.5933
885.94958	7909.8638
886.00043	7153.0552
886.05127	6547.4302
886.10205	6277.3101
886.15289	6509.959
886.20374	7367.2744
886.25458	7721.9834
886.30542	7937.8081
886.35626	7792.6865
886.4071	7462.7017
886.45789	6985.2754
886.50873	5999.6187
886.55957	5365.6655
886.61041	5046.103
886.66125	5192.394
886.7121	5961.2959
886.76294	6332.9902
886.81372	6696.1528
886.86456	6602.1821
886.91541	6445.9487
886.96625	6320.7515
887.01709	5789.501
887.06793	5569.3867
887.11877	5245.5122
887.16956	5463.5039
887.2204	5713.9141
887.27124	5489.0439
887.32208	5322.936
887.37292	4991.0962
887.42377	5201.123
887.47461	5666.625
887.52539	5723.8608
887.57623	5847.8892
887.62708	5589
887.67792	5599.3086
887.72876	5618.1821
887.7796	5224.2134
887.83044	4939.5601
887.88123	4558.9526
887.93207	4749.6538
887.98291	5072.0151
888.03375	5228.5532
888.08459	5193.9834
888.13544	4806.4058
888.18628	4886.3398
888.23706	5063.5093
888.2879	4966.6777
888.33875	4955.2173
888.38959	4660.0527
888.44043	4826.7422
888.49127	4892.7471
888.54211	4448.7188
888.5929	4334.8174
888.64374	3798.0933
888.69458	3904.1694
888.74542	4074.0354
888.79626	4272.1611
888.84711	4491.041
888.89795	4144.4146
888.94873	4189.6997
888.99957	4269.1953
889.05042	4050.866
889.10126	4013.0906
889.1521	3545.509
889.20294	3633.1389
889.25378	3675.3159
889.30457	3660.8035
889.35541	3531.0703
889.40625	3082.1111
889.45709	3258.136
889.50793	3257.4978
889.55878	3586.7141
889.60962	3952.449
889.66046	3807.248
889.71124	3853.7815
889.76208	3743.4722
889.81293	3432.4495
889.86377	3118.1328
889.91461	2633.1091
889.96545	2620.209
890.0163	2776.812
890.06708	3197.9377
890.11792	3662.8003
890.16876	3509.5808
890.2196	3682.7307
890.27045	3581.1587
890.32129	3464.6025
890.37213	3241.3135
890.42291	2882.7126
890.47375	2872.3601
890.5246	2950.3633
890.57544	3142.1045
890.62628	3383.3572
890.67712	3115.7349
890.72797	3048.7986
890.77875	3092.6926
890.82959	3266.7227
890.88043	3400.7781
890.93127	3228.1938
890.98212	3210.7915
891.03296	3179.4006
891.0838	3224.248
891.13458	3220.3452
891.18542	2977.6846
891.23627	2929.9121
891.28711	2912.3098
891.33795	3104.2061
891.38879	3216.1563
891.43964	2949.323
891.49042	2843.2544
891.54126	2801.0374
891.5921	2967.6873
891.64294	3110.6331
891.69379	3065.5071
891.74463	3091.2842
891.79547	3077.9182
891.84625	3100.9229
891.89709	2960.5618
891.94794	2581.2522
891.99878	2366.5044
892.04962	2313.3323
892.10046	2466.2273
892.15131	2720.2034
892.20209	2842.1448
892.25293	2910.877
892.30377	2848.1282
892.35461	2819.2947
892.40546	2742.5618
892.4563	2500.2649
892.50714	2356.9385
892.55792	2313.9995
892.60876	2410.8328
892.65961	2521.9458
892.71045	2441.4536
892.76129	2321.1123
892.81213	2266.9563
892.86298	2366.7676
892.91376	2499.9456
892.9646	2616.6042
893.01544	2689.4443
893.06628	2673.6458
893.11713	2692.0469
893.16797	2609.4116
893.21881	2346.2676
893.26959	2135.1533
893.32043	2028.896
893.37128	2120.8682
893.42212	2354.3865
893.47296	2585.9866
893.5238	2756.3806
893.57465	2737.5452
893.62543	2776.9695
893.67627	2686.0164
893.72711	2508.7659
893.77795	2299.2563
893.8288	2105.7822
893.87964	2187.7578
893.93048	2381.9536
893.98132	2492.7263
894.0321	2467.6479
894.08295	2355.3157
894.13379	2251.6885
894.18463	2298.7415
894.23547	2374.0144
894.28632	2395.3633
894.33716	2295.3213
894.38794	2267.1614
894.43878	2269.0393
894.48962	2298.3408
894.54047	2179.5623
894.59131	1978.0238
894.64215	1940.8278
894.69299	1974.4598
894.74377	1981.2012
894.79462	2005.7439
894.84546	1782.3356
894.8963	1713.3446
894.94714	1751.5608
894.99799	1829.2194
895.04883	1913.0015
895.09961	1826.2517
895.15045	1782.1842
895.20129	1722.0371
895.25214	1614.5597
895.30298	1505.0487
895.35382	1281.8289
895.40466	1228.917
895.45544	1208.7562
895.50629	1325.3108
895.55713	1452.0159
895.60797	1520.593
895.65881	1580.4084
895.70966	1518.5183
895.7605	1408.516
895.81128	1306.5557
895.86212	1110.1229
895.91296	1027.4045
895.96381	1023.2422
896.01465	1072.7603
896.06549	1173.774
896.11633	1148.2377
896.16711	1106.7941
896.21796	1089.1787
896.2688	1100.8719
896.31964	1172.031
896.37048	1159.0347
896.42133	1074.165
896.47217	1073.1525
896.52295	1067.0916
896.57379	1080.7009
896.62463	939.20551
896.67548	862.74005
896.72632	853.36285
896.77716	894.8009
896.828	1012.4683
896.87878	1025.7563
896.92963	1033.0884
896.98047	1055.2822
897.03131	1040.6089
897.08215	1022.4623
897.133	970.99786
897.18384	856.24286
897.23462	840.80377
897.28546	843.63867
897.3363	906.06866
897.38715	933.52136
897.43799	877.15179
897.48883	850.65515
897.53967	828.61047
897.59045	855.19415
897.6413	872.46704
897.69214	885.41327
897.74298	829.29425
897.79382	821.86584
897.84467	863.50763
897.89551	820.99786
897.94635	763.47797
897.99713	710.25317
898.04797	704.35651
898.09882	714.63904
898.14966	717.66339
898.2005	696.99622
898.25134	687.13519
898.30219	670.64874
898.35297	686.56036
898.40381	696.65839
898.45465	698.77319
898.50549	717.0415
898.55634	689.43756
898.60718	684.89124
898.65802	655.14221
898.7088	573.8269
898.75964	528.00891
898.81049	502.7872
898.86133	502.39188
898.91217	550.35956
898.96301	612.52393
899.01385	657.38312
899.06464	680.27332
899.11548	670.2583
899.16632	629.39703
899.21716	551.03876
899.26801	492.27737
899.31885	455.43134
899.36969	453.96701
899.42047	490.61667
899.47131	543.99908
899.52216	575.26453
899.573	577.38342
899.62384	574.54529
899.67468	576.16412
899.72552	569.22937
899.77631	542.70605
899.82715	509.32306
899.87799	510.55356
899.92883	528.78497
899.97968	548.55835
900.03052	518.9068
900.08136	496.51578
900.13214	487.90732
900.18298	484.19455
900.23383	526.06238
900.28467	565.90503
900.33551	559.59027
900.38635	537.78131
900.43719	556.63879
900.48798	538.50977
900.53882	540.36243
900.58966	526.85071
900.6405	481.62122
900.69135	485.88498
900.74219	503.19653
900.79303	526.93585
900.84381	498.51099
900.89465	449.15329
900.9455	444.97415
900.99634	473.19568
901.04718	516.36798
901.09802	519.21649
901.14886	524.90961
901.19965	524.07654
901.25049	495.52133
901.30133	481.46539
901.35217	439.24197
901.40302	387.41702
901.45386	385.63742
901.5047	387.88715
901.55548	416.0123
901.60632	421.38461
901.65717	439.28867
901.70801	419.89883
901.75885	407.02893
901.80969	425.1412
901.86053	438.36032
901.91132	413.12512
901.96216	404.84299
902.013	400.40808
902.06384	417.995
902.11469	395.19977
902.16553	348.04764
902.21637	331.69351
902.26721	311.11697
902.31799	345.70316
902.36884	384.27072
902.41968	415.66125
902.47052	441.84177
902.52136	442.45349
902.5722	437.96152
902.62305	406.14166
902.67383	374.03763
902.72467	336.97913
902.77551	304.79706
902.82635	326.5163
902.8772	350.87903
902.92804	368.48416
902.97888	404.6301
903.02966	410.49063
903.08051	424.57617
903.13135	426.55124
903.18219	402.33624
903.23303	385.61288
903.28387	387.56451
903.33472	370.05807
903.3855	382.44904
903.43634	388.1308
903.48718	370.08777
903.53802	383.46689
903.58887	371.53018
903.63971	390.23517
903.69055	418.29599
903.74133	416.00525
903.79218	391.74969
903.84302	389.31384
903.89386	408.32239
903.9447	398.03043
903.99554	405.12701
904.04639	395.84888
904.09717	370.24673
904.14801	384.73242
904.19885	405.19806
904.24969	387.77765
904.30054	369.51337
904.35138	322.44836
904.40222	336.53479
904.453	334.80746
904.50385	376.66095
904.55469	404.75995
904.60553	385.5145
904.65637	403.36285
904.70721	414.52231
904.75806	370.56775
904.80884	339.5907
904.85968	292.39648
904.91052	281.49976
904.96136	289.27826
905.01221	309.56418
905.06305	333.78555
905.11389	341.00314
905.16467	332.07486
905.21552	353.36981
905.26636	344.42365
905.3172	334.6572
905.36804	316.46262
905.41888	278.67245
905.46973	296.66119
905.52051	286.29425
905.57135	286.45691
905.62219	274.78714
905.67303	261.39502
905.72388	255.45369
905.77472	271.51712
905.82556	284.69907
905.87634	295.48907
905.92719	313.2399
905.97803	301.13998
906.02887	297.28989
906.07971	277.76575
906.13055	264.18024
906.1814	240.10321
906.23218	204.66081
906.28302	224.91331
906.33386	243.09843
906.3847	263.64063
906.43555	271.6875
906.48639	264.48019
906.53723	255.20065
906.58807	256.43942
906.63885	269.20605
906.6897	249.50992
906.74054	230.73825
906.79138	228.91508
906.84222	232.40541
906.89307	239.40929
906.94391	243.00874
906.99469	227.70911
907.04553	208.23274
907.09637	207.77963
907.14722	218.9771
907.19806	229.10217
907.2489	220.66374
907.29974	209.71388
907.35052	200.50552
907.40137	206.18272
907.45221	201.94997
907.50305	195.43782
907.55389	186.86275
907.60474	173.95654
907.65558	174.30963
907.70636	186.5912
907.7572	181.45891
907.80804	156.03209
907.85889	143.01192
907.90973	155.86322
907.96057	164.10489
908.01141	171.38904
908.06219	177.92032
908.11304	173.11417
908.16388	176.81293
908.21472	183.8343
908.26556	153.25047
908.31641	136.49306
908.36725	133.78975
908.41803	128.61501
908.46887	125.99783
908.51971	136.95959
908.57056	156.4702
908.6214	151.55951
908.67224	148.25172
908.72308	160.73215
908.77386	138.46324
908.82471	144.07437
908.87555	129.48143
908.92639	122.24232
908.97723	123.99344
909.02808	136.29208
909.07892	145.59909
909.1297	137.53331
909.18054	122.76412
909.23138	122.78359
909.28223	127.68623
909.33307	124.7291
909.38391	143.15565
909.43475	138.54585
909.48553	133.42789
909.53638	145.63376
909.58722	124.31563
909.63806	131.77028
909.6889	131.49425
909.73975	116.48095
909.79059	118.65317
909.84137	137.94839
909.89221	139.62233
909.94305	143.0584
909.9939	130.25488
910.04474	142.91748
910.09558	135.61777
910.14642	127.31266
910.1972	129.6245
910.24805	127.78343
910.29889	131.92398
910.34973	132.2339
910.40057	126.0817
910.45142	136.91701
910.50226	123.18389
910.5531	119.10368
910.60388	108.1644
910.65472	132.05692
910.70557	126.87757
910.75641	131.41493
910.80725	110.52653
910.85809	121.34873
910.90894	126.79089
910.95972	117.13737
911.01056	115.88862
911.0614	110.93325
911.11224	115.48022
911.16309	114.24095
911.21393	115.74521
911.26477	115.40366
911.31555	100.53535
911.36639	103.29529
911.41724	105.74973
911.46808	107.82226
911.51892	113.64471
911.56976	118.29239
911.62061	124.73296
911.67139	124.96883
911.72223	112.35979
911.77307	105.26187
911.82391	101.14956
911.87476	86.308701
911.9256	89.69899
911.97644	91.005775
912.02722	102.85476
912.07806	109.61735
912.12891	112.80932
912.17975	127.37488
912.23059	120.43437
912.28143	115.92971
912.33228	105.13577
912.38306	91.592407
912.4339	83.518059
912.48474	84.506538
912.53558	96.469345
912.58643	107.01057
912.63727	104.74533
912.68811	94.841248
912.73889	99.1315
912.78973	103.70751
912.84058	101.91534
912.89142	102.77988
912.94226	101.57537
912.9931	96.97834
913.04395	101.83354
913.09473	105.54251
913.14557	98.510529
913.19641	98.22644
913.24725	98.766998
913.2981	97.901611
913.34894	103.79131
913.39978	106.24873
913.45056	107.02266
913.5014	104.65147
913.55225	98.771774
913.60309	96.860817
913.65393	95.201874
913.70477	105.94011
913.75562	105.6296
913.8064	104.2998
913.85724	102.30977
913.90808	101.45435
913.95892	102.58131
914.00977	99.92569
914.06061	101.45896
914.11145	92.903397
914.16223	85.700294
914.21307	94.330696
914.26392	101.80817
914.31476	103.92182
914.3656	95.603012
914.41644	99.119339
914.46729	97.829185
914.51807	102.68494
914.56891	93.169754
914.61975	85.235962
914.67059	85.892891
914.72144	82.540489
914.77228	85.295494
914.82312	92.396332
914.87396	92.656235
914.92474	85.001022
914.97559	85.729675
915.02643	91.666107
915.07727	95.681686
915.12811	94.708916
915.17896	80.326393
915.2298	94.511742
915.28058	94.198853
915.33142	92.019287
915.38226	84.594406
915.43311	79.410683
915.48395	76.343178
915.53479	81.934998
915.58563	82.637894
915.63641	98.811699
915.68726	99.055267
915.7381	99.841492
915.78894	93.276321
915.83978	96.796585
915.89063	100.92368
915.94147	75.772697
915.99225	74.780762
916.04309	87.622253
916.09393	91.983467
916.14478	95.732994
916.19562	102.60203
916.24646	95.000816
916.2973	101.38284
916.34808	99.378822
916.39893	98.316605
916.44977	102.40255
916.50061	93.226326
916.55145	88.275642
916.60229	92.922638
916.65314	91.288658
916.70392	102.10668
916.75476	95.758797
916.8056	90.283974
916.85645	96.326881
916.90729	82.769318
916.95813	90.843086
917.00897	84.49836
917.05975	97.194084
917.1106	87.434105
917.16144	85.928368
917.21228	96.509087
917.26312	109.12428
917.31396	98.301918
917.36481	99.822662
917.41559	96.726768
917.46643	91.360191
917.51727	89.045105
917.56812	82.760963
917.61896	73.294746
917.6698	67.132202
917.72064	77.910278
917.77142	86.710213
917.82227	88.15934
917.87311	90.831367
917.92395	91.875175
917.97479	83.266251
918.02563	84.089493
918.07648	79.091721
918.12726	81.586861
918.1781	77.232735
918.22894	71.504639
918.27979	70.491196
918.33063	78.051193
918.38147	80.722839
918.43231	82.405258
918.48309	80.83683
918.53394	80.040222
918.58478	80.242661
918.63562	72.950027
918.68646	75.986412
918.7373	76.409554
918.78815	75.761024
918.83899	81.06321
918.88977	76.341873
918.94061	73.995003
918.99146	67.594902
919.0423	62.077751
919.09314	67.250923
919.14398	71.981308
919.19482	73.136375
919.24561	75.087143
919.29645	76.269272
919.34729	76.426964
919.39813	76.415092
919.44897	72.296455
919.49982	72.382668
919.55066	67.700287
919.60144	57.978886
919.65228	62.123508
919.70313	68.40493
919.75397	69.075279
919.80481	68.954063
919.85565	66.227142
919.90649	69.430008
919.95728	72.821693
920.00812	72.498024
920.05896	69.296211
920.1098	67.824219
920.16064	66.101349
920.21149	67.61068
920.26233	63.719604
920.31311	69.142662
920.36395	64.421021
920.41479	59.408405
920.46564	63.73542
920.51648	56.687901
920.56732	63.329945
920.61816	67.815536
920.66895	60.77388
920.71979	65.8992
920.77063	58.80299
920.82147	69.409729
920.87231	66.681137
920.92316	61.043175
920.974	70.087952
921.02478	62.437347
921.07562	54.297791
921.12646	66.44088
921.17731	59.735123
921.22815	55.047932
921.27899	58.931854
921.32983	57.714287
921.38062	60.568398
921.43146	55.735218
921.4823	63.267937
921.53314	71.073212
921.58398	60.621326
921.63483	61.354568
921.68567	57.543472
921.73645	52.446968
921.78729	56.396797
921.83813	50.325916
921.88898	52.785702
921.93982	51.49577
921.99066	59.58334
922.0415	60.893948
922.09229	58.333275
922.14313	59.723995
922.19397	59.2929
922.24481	56.801685
922.29565	55.710262
922.3465	55.889912
922.39734	54.309689
922.44812	56.542431
922.49896	63.645771
922.5498	59.953911
922.60065	58.251534
922.65149	54.203529
922.70233	56.843128
922.75317	56.455677
922.80396	56.315529
922.8548	56.608269
922.90564	59.560856
922.95648	58.58633
923.00732	57.49715
923.05817	57.689278
923.10901	59.275776
923.15985	54.486473
923.21063	52.670204
923.26147	56.316601
923.31232	55.552872
923.36316	53.434753
923.414	56.459126
923.46484	58.921146
923.51569	58.118721
923.56647	56.631432
923.61731	57.021454
923.66815	57.157608
923.71899	56.399578
923.76984	53.894073
923.82068	51.664818
923.87152	54.536751
923.9223	56.444756
923.97314	55.652691
924.02399	51.440308
924.07483	51.483879
924.12567	56.91687
924.17651	55.298943
924.22736	55.729393
924.27814	54.612751
924.32898	55.403572
924.37982	55.595325
924.43066	57.325062
924.48151	52.677799
924.53235	50.492882
924.58319	51.642929
924.63397	50.1856
924.68481	52.798393
924.73566	50.715271
924.7865	51.116695
924.83734	51.139706
924.88818	51.911945
924.93903	52.751781
924.98981	53.4771
925.04065	49.368523
925.09149	54.712009
925.14233	53.959293
925.19318	53.622288
925.24402	49.603661
925.29486	53.883938
925.34564	49.255009
925.39648	44.984795
925.44733	49.641571
925.49817	48.969196
925.54901	46.804562
925.59985	50.697826
925.6507	52.669983
925.70148	57.233849
925.75232	56.741638
925.80316	53.312027
925.854	57.918102
925.90485	51.788883
925.95569	53.124977
926.00653	49.683334
926.05731	48.096245
926.10815	53.788349
926.159	55.455212
926.20984	50.213249
926.26068	53.292305
926.31152	54.434566
926.36237	52.454708
926.41315	53.733364
926.46399	53.62859
926.51483	47.767624
926.56567	51.042786
926.61652	54.617489
926.66736	53.145943
926.7182	56.738884
926.76898	51.792149
926.81982	53.078697
926.87067	52.005112
926.92151	52.969666
926.97235	52.43943
927.02319	48.82954
927.07404	48.748653
927.12488	48.397991
927.17566	49.614498
927.2265	50.301029
927.27734	51.525833
927.32819	49.627804
927.37903	55.957878
927.42987	54.856033
927.48071	48.241005
927.53149	51.204887
927.58234	48.254524
927.63318	48.731579
927.68402	51.442402
927.73486	47.664402
927.78571	48.570488
927.83655	52.180573
927.88733	52.192848
927.93817	51.537636
927.98901	50.996349
928.03986	50.078804
928.0907	48.456497
928.14154	50.671555
928.19238	50.245308
928.24316	50.066425
928.29401	53.905159
928.34485	52.111843
928.39569	49.372585
928.44653	50.380344
928.49738	52.992928
928.54822	49.599545
928.599	48.472744
928.64984	49.317741
928.70068	51.797043
928.75153	50.469425
928.80237	49.611252
928.85321	48.476738
928.90405	49.623516
928.95483	52.400246
929.00568	52.859371
929.05652	49.390179
929.10736	47.269291
929.1582	48.193153
929.20905	51.834106
929.25989	50.920799
929.31067	52.405704
929.36151	52.660988
929.41235	50.362564
929.4632	51.957382
929.51404	50.772324
929.56488	47.647102
929.61572	50.047157
929.6665	50.982445
929.71735	52.633141
929.76819	49.46542
929.81903	51.980919
929.86987	54.643578
929.92072	49.892445
929.97156	50.423599
930.02234	52.706753
930.07318	54.748981
930.12402	53.304836
930.17487	48.472557
930.22571	50.678844
930.27655	50.723591
930.32739	50.224144
930.37817	47.880444
930.42902	46.336651
930.47986	50.094826
930.5307	49.821102
930.58154	48.251087
930.63239	51.174114
930.68323	49.389019
930.73401	48.863087
930.78485	49.095467
930.83569	48.097691
930.88654	50.578156
930.93738	50.495163
930.98822	48.91312
931.03906	45.815777
931.08984	52.293629
931.14069	51.282883
931.19153	50.598507
931.24237	48.546452
931.29321	47.181698
931.34406	45.118763
931.3949	44.562634
931.44574	45.21595
931.49652	49.246487
931.54736	47.072041
931.59821	45.675098
931.64905	49.895786
931.69989	49.818645
931.75073	50.446262
931.80157	46.287003
931.85236	46.496277
931.9032	46.308796
931.95404	48.936504
932.00488	42.630276
932.05573	45.021137
932.10657	45.826656
932.15741	47.708004
932.20819	47.53841
932.25903	47.522526
932.30988	44.144848
932.36072	49.015079
932.41156	47.991608
932.4624	44.990044
932.51324	46.640747
932.56403	45.35157
932.61487	44.320473
932.66571	47.68895
932.71655	44.06546
932.7674	46.33609
932.81824	47.153278
932.86908	51.417767
932.91986	49.423748
932.9707	46.249916
933.02155	51.974113
933.07239	50.038799
933.12323	43.182499
933.17407	44.487148
933.22491	47.597446
933.2757	46.97438
933.32654	47.347076
933.37738	46.655121
933.42822	46.087566
933.47906	47.245464
933.52991	47.443348
933.58075	53.092548
933.63153	49.280617
933.68237	44.598656
933.73322	43.419678
933.78406	46.546921
933.8349	45.549583
933.88574	46.331116
933.93658	44.594685
933.98737	44.36927
934.03821	45.101387
934.08905	44.235741
934.13989	46.443008
934.19073	48.933491
934.24158	47.528255
934.29242	46.581642
934.3432	43.653164
934.39404	47.100777
934.44489	48.819675
934.49573	44.720299
934.54657	46.402481
934.59741	47.017353
934.64825	41.896919
934.69904	43.535378
934.74988	46.602524
934.80072	46.065842
934.85156	46.299324
934.9024	45.98214
934.95325	45.938255
935.00409	44.926105
935.05487	43.327816
935.10571	44.04229
935.15656	42.597286
935.2074	42.537117
935.25824	42.564159
935.30908	44.092033
935.35992	47.307835
935.41071	43.946194
935.46155	46.718979
935.51239	46.460804
935.56323	44.846302
935.61407	44.756767
935.66492	42.969753
935.71576	43.928677
935.7666	43.541149
935.81738	41.983879
935.86823	43.983006
935.91907	44.705757
935.96991	43.536842
936.02075	49.338764
936.07159	45.155529
936.12244	46.210224
936.17322	45.058594
936.22406	41.843914
936.2749	42.686237
936.32574	43.201664
936.37659	44.338684
936.42743	45.118374
936.47827	48.527866
936.52905	49.337231
936.5799	46.215603
936.63074	40.172421
936.68158	46.046921
936.73242	43.481655
936.78326	47.841
936.83411	46.637959
936.88489	45.878334
936.93573	42.963158
936.98657	46.323429
937.03741	45.601456
937.08826	45.659622
937.1391	43.042046
937.18994	44.163303
937.24072	46.408764
937.29156	43.281338
937.34241	49.04427
937.39325	44.392803
937.44409	40.228722
937.49493	42.632839
937.54578	43.969414
937.59656	43.122784
937.6474	45.150623
937.69824	45.451435
937.74908	44.159012
937.79993	42.629585
937.85077	39.815956
937.90161	42.307034
937.95239	39.730709
938.00323	43.0481
938.05408	43.69677
938.10492	44.46994
938.15576	42.877846
938.2066	42.747414
938.25745	44.342697
938.30823	44.971218
938.35907	45.039951
938.40991	44.673752
938.46075	44.19244
938.5116	46.032467
938.56244	45.606636
938.61328	43.283146
938.66406	41.968361
938.7149	41.934731
938.76575	41.836941
938.81659	41.123848
938.86743	43.000732
938.91827	44.949642
938.96912	42.934162
939.0199	39.273445
939.07074	44.045113
939.12158	44.328148
939.17242	44.721615
939.22327	44.651398
939.27411	41.447884
939.32495	44.776047
939.37573	40.66235
939.42657	41.319832
939.47742	42.711262
939.52826	41.884415
939.5791	44.073593
939.62994	42.756824
939.68079	46.898701
939.73163	44.678135
939.78241	47.381859
939.83325	43.990398
939.88409	45.960598
939.93494	42.989979
939.98578	49.569012
940.03662	41.361862
940.08746	47.675213
940.13824	42.645046
940.18909	43.424385
940.23993	44.434162
940.29077	43.902695
940.34161	43.038498
940.39246	48.161064
940.4433	41.456867
940.49408	45.744892
940.54492	43.167992
940.59576	41.60313
940.64661	42.052048
940.69745	47.684868
940.74829	42.635254
940.79913	47.363678
940.84991	41.442928
940.90076	44.822475
940.9516	42.417442
941.00244	46.278694
941.05328	43.930099
941.10413	43.977737
941.15497	43.706268
941.20575	44.855824
941.25659	40.994736
941.30743	42.496387
941.35828	46.035046
941.40912	42.731243
941.45996	42.377159
941.5108	42.919334
941.56158	40.229935
941.61243	41.982063
941.66327	44.885151
941.71411	44.962559
941.76495	45.180202
941.8158	46.853542
941.86664	47.818104
941.91742	45.465187
941.96826	45.20195
942.0191	47.089153
942.06995	46.947823
942.12079	43.553307
942.17163	41.702377
942.22247	40.844536
942.27325	41.892578
942.3241	41.943439
942.37494	43.408855
942.42578	43.388687
942.47662	45.037334
942.52747	46.886112
942.57831	44.324413
942.62909	40.717041
942.67993	41.739368
942.73077	43.372147
942.78162	41.805382
942.83246	40.323582
942.8833	43.707081
942.93414	45.292572
942.98492	45.544827
943.03577	43.894382
943.08661	46.294094
943.13745	43.7304
943.18829	46.213951
943.23914	41.426266
943.28998	44.859947
943.34076	39.506367
943.3916	43.78767
943.44244	43.559975
943.49329	48.434986
943.54413	43.538815
943.59497	41.092987
943.64581	41.815357
943.69659	41.152493
943.74744	42.723492
943.79828	45.530773
943.84912	44.114571
943.89996	42.086094
943.95081	40.975098
944.00165	38.097424
944.05249	40.73045
944.10327	45.7967
944.15411	43.076698
944.20496	46.848484
944.2558	43.002598
944.30664	43.877274
944.35748	42.968613
944.40833	42
944.45911	41.940136
944.50995	41.066139
944.56079	42.422611
944.61163	47.584846
944.66248	44.905128
944.71332	44.34473
944.76416	40.129684
944.81494	42.345486
944.86578	48.783623
944.91663	42.791798
944.96747	41.509815
945.01831	39.567036
945.06915	38.898102
945.12	42.873611
945.17078	45.399723
945.22162	43.450691
945.27246	43.124535
945.3233	44.983189
945.37415	43.562222
945.42499	44.001526
945.47583	42.30978
945.52661	45.060383
945.57745	47.052982
945.6283	41.221031
945.67914	38.15181
945.72998	43.310715
945.78082	45.768028
945.83167	44.748417
945.88245	44.16193
945.93329	39.51395
945.98413	39.864975
946.03497	42.454414
946.08582	43.466114
946.13666	45.561363
946.1875	42.530621
946.23828	42.289764
946.28912	40.30727
946.33997	39.319698
946.39081	40.892578
946.44165	43.462425
946.49249	45
946.54333	41.727043
946.59412	39.928066
946.64496	42.018944
946.6958	44.323624
946.74664	44.969276
946.79749	47.838104
946.84833	42.271328
946.89917	40
946.94995	39.916821
947.00079	41.47023
947.05164	41.088535
947.10248	43.436066
947.15332	45.667549
947.20416	38.265533
947.255	37.849026
947.30579	40.63694
947.35663	44.481735
947.40747	40.348473
947.45831	40.816765
947.50916	41.832237
947.56	47.718887
947.61084	39.275482
947.66162	42.833668
947.71246	41.893456
947.76331	42.985405
947.81415	41.966698
947.86499	41.034111
947.91583	43.932507
947.96667	42.975941
948.01752	43.536488
948.0683	39.423717
948.11914	43.649174
948.16998	41.633274
948.22083	40.740902
948.27167	44.224945
948.32251	41.276936
948.37335	42.604282
948.42413	41.830418
948.47498	44.892578
948.52582	44.159725
948.57666	41.400963
948.6275	39.174297
948.67834	38.453545
948.72919	42.918552
948.77997	45
948.83081	45.300919
948.88165	45.53997
948.9325	44.932117
948.98334	46.109478
949.03418	43.546059
949.08502	39.901569
949.1358	43.953812
949.18665	45.27681
949.23749	44.23439
949.28833	41
949.33917	40.455276
949.39001	40.907299
949.44086	42.994411
949.49164	41.786232
949.54248	41.557598
949.59332	42.322098
949.64417	39.548756
949.69501	43.305454
949.74585	43.191143
949.79669	38.427982
949.84747	39.596302
949.89832	41
949.94916	45.080154
950	43.443447
