700	104.6132
700.05084	107.45837
700.10168	104.51096
700.15253	108.27987
700.20331	108
700.25415	109.15166
700.30499	123.75627
700.35583	100.16427
700.40668	105.11171
700.45752	111.99387
700.50836	112
700.55914	119.72218
700.60999	116.50194
700.66083	111.65961
700.71167	107.65791
700.76251	116.27662
700.81335	106.75616
700.8642	117.38959
700.91498	115.92824
700.96582	105.10616
701.01666	115.99251
701.0675	115.27202
701.11835	121.3157
701.16919	115.46088
701.22003	107.78885
701.27081	105.49908
701.32166	116.68208
701.3725	121.78916
701.42334	116.11904
701.47418	107.82614
701.52502	106.48649
701.57587	115.4519
701.62665	111.7815
701.67749	109.68133
701.72833	114.87748
701.77917	116.61542
701.83002	119.93471
701.88086	119.85114
701.9317	118.68197
701.98248	105.919
702.03333	100.15605
702.08417	111.99799
702.13501	119.42758
702.18585	125.8869
702.23669	117.15707
702.28754	104.92069
702.33838	109.80402
702.38916	116.85778
702.44	115.1468
702.49084	115.42799
702.54169	109.98349
702.59253	116.38117
702.64337	114.57413
702.69421	111.85471
702.745	121.39651
702.79584	112.24234
702.84668	119.17065
702.89752	113.52425
702.94836	105.43254
702.99921	114.6325
703.05005	104.11407
703.10083	116.37979
703.15167	114.0382
703.20251	128.46838
703.25336	104.2805
703.3042	115.90804
703.35504	110.1682
703.40588	130.23643
703.45667	127.31966
703.50751	128.30261
703.55835	103.62022
703.60919	120.25534
703.66003	122.88347
703.71088	109.11102
703.76172	108
703.8125	126.73681
703.86334	114.10175
703.91418	106.84229
703.96503	115.54376
704.01587	111.52245
704.06671	124.64118
704.11755	110.77599
704.16833	111.75404
704.21918	127.01865
704.27002	120.65099
704.32086	116.27114
704.3717	117.42457
704.42255	114.04431
704.47339	118.89284
704.52417	117.56703
704.57501	112.5235
704.62585	114.9773
704.6767	114.85554
704.72754	115.70175
704.77838	119.63691
704.82922	117.18092
704.88	108.68395
704.93085	114.43786
704.98169	120.72842
705.03253	121.81374
705.08337	116.93256
705.13422	111.74134
705.18506	116
705.23584	116
705.28668	113.19562
705.33752	106.7675
705.38837	106.86636
705.43921	115.59325
705.49005	116.10613
705.54089	115.53221
705.59167	125.95618
705.64252	120.17838
705.69336	118.02165
705.7442	115.39481
705.79504	112.88376
705.84589	119.9948
705.89673	119.74672
705.94751	121.89384
705.99835	121.79623
706.04919	128.05519
706.10004	127.78016
706.15088	123.408
706.20172	116.36205
706.25256	129.33502
706.30341	107.7642
706.35419	124.47275
706.40503	126.55082
706.45587	129.27901
706.50671	115.30148
706.55756	115.10411
706.6084	121.30924
706.65924	118.35648
706.71002	109.58787
706.76086	123.31789
706.81171	128.97542
706.86255	116.41875
706.91339	123.17616
706.96423	126.94541
707.01508	123.54449
707.06586	127.55717
707.1167	110.64524
707.16754	119.69148
707.21838	124.74031
707.26923	129.82739
707.32007	128.90802
707.37091	133.6483
707.42169	122.61824
707.47253	125.62082
707.52338	128.80392
707.57422	124.10374
707.62506	123.58046
707.6759	113.62357
707.72675	116.13869
707.77753	121.58458
707.82837	118.58675
707.87921	114.91291
707.93005	127.14884
707.9809	130.57556
708.03174	124.08007
708.08258	128.81708
708.13336	137.99629
708.1842	131.09827
708.23505	127.74561
708.28589	128.08197
708.33673	124.09231
708.38757	129.41069
708.43842	129.84001
708.4892	126.16747
708.54004	124.72425
708.59088	122.6505
708.64172	122.96196
708.69257	128
708.74341	125.73409
708.79425	120.88784
708.84503	118.55917
708.89587	114.92912
708.94672	115.10468
708.99756	120.61293
709.0484	129.2278
709.09924	132.31052
709.15009	131.49866
709.20087	135.21265
709.25171	128.36761
709.30255	129.04391
709.35339	123.24513
709.40424	119.77047
709.45508	133.0955
709.50592	117.74426
709.5567	125.54003
709.60754	140.02571
709.65839	128.12061
709.70923	130.26743
709.76007	135.86479
709.81091	131.32465
709.86176	132.3098
709.91254	135.93663
709.96338	125.36204
710.01422	126.90496
710.06506	119.79741
710.11591	135.89078
710.16675	122.80901
710.21759	119.25246
710.26837	126.88478
710.31921	134.29156
710.37006	125.17432
710.4209	129.69307
710.47174	144.03171
710.52258	131.25525
710.57343	128.09572
710.62427	127.54306
710.67505	127.07675
710.72589	129.4445
710.77673	130.80949
710.82758	130.2921
710.87842	123.76318
710.92926	127.7761
710.9801	131.20644
711.03088	136.28847
711.08173	134.13828
711.13257	133.77968
711.18341	136.51556
711.23425	131.26118
711.2851	127.00001
711.33594	131.62512
711.38672	129.35637
711.43756	130.46912
711.4884	130.37202
711.53925	128.13359
711.59009	134.04967
711.64093	139.00989
711.69177	139.0562
711.74255	138.49075
711.7934	138.78384
711.84424	133.6866
711.89508	133.92644
711.94592	137.62361
711.99677	136.0284
712.04761	139.04868
712.09839	142.033
712.14923	133.16557
712.20007	139.69882
712.25092	134.79012
712.30176	129.2025
712.3526	139.66878
712.40344	132
712.45422	132
712.50507	132.27849
712.55591	133.05338
712.60675	134.18718
712.65759	143.21376
712.70844	138.80504
712.75928	135.35591
712.81006	131.67995
712.8609	135.61038
712.91174	144.5963
712.96259	129.20973
713.01343	143.12148
713.06427	140.10121
713.11511	135.77118
713.16589	129.36433
713.21674	131.98985
713.26758	130.01859
713.31842	143.96716
713.36926	143.35129
713.4201	141.1257
713.47095	135.70375
713.52173	148.14224
713.57257	134.88094
713.62341	131.26041
713.67426	125.76336
713.7251	144.14789
713.77594	142.24969
713.82678	134.4207
713.87756	132.43924
713.92841	140.86157
713.97925	144.81538
714.03009	147.38379
714.08093	142.942
714.13177	132.41164
714.18262	144.5804
714.2334	133.92355
714.28424	139.17671
714.33508	140.68172
714.38593	137.66237
714.43677	127.39012
714.48761	135.74475
714.53845	140.18597
714.58929	136.2897
714.64008	138.16553
714.69092	138.56731
714.74176	135.61102
714.7926	125.30322
714.84344	122.84502
714.89429	138.01057
714.94513	145.10033
714.99591	139.1862
715.04675	136.48061
715.0976	137.61122
715.14844	141.92757
715.19928	143.98462
715.25012	143.24951
715.30096	142.91255
715.35175	136.42249
715.40259	136.01976
715.45343	139.5638
715.50427	142.81485
715.55511	146.41862
715.60596	143.85643
715.6568	149.01071
715.70758	152.1965
715.75842	142.5145
715.80927	154.0265
715.86011	153.05165
715.91095	142.0984
715.96179	134.62329
716.01263	134.70798
716.06342	138.82909
716.11426	134.90292
716.1651	139
716.21594	138.38948
716.26678	135.96758
716.31763	140.66739
716.36847	133.73392
716.41925	152.16368
716.47009	142.4617
716.52094	154.95253
716.57178	149.25687
716.62262	135.93307
716.67346	134.48718
716.7243	141.31152
716.77509	141.31152
716.82593	147.21376
716.87677	144.40405
716.92761	154.82443
716.97845	147.48869
717.0293	157.48164
717.08014	140.04858
717.13092	147.01837
717.18176	155.96645
717.2326	156.39981
717.28345	150.90039
717.33429	145.78114
717.38513	156.04042
717.43597	147.45218
717.48676	154.06544
717.5376	151.58473
717.58844	153.40544
717.63928	145.9536
717.69012	152.03593
717.74097	148.41072
717.79181	141.91327
717.84259	150.17017
717.89343	148.0976
717.94427	147.13171
717.99512	157.27989
718.04596	151.16835
718.0968	152.74129
718.14764	152.22153
718.19843	141.41193
718.24927	139.69196
718.30011	148.3819
718.35095	156.96391
718.40179	156.12988
718.45264	143.28951
718.50348	149.71255
718.55426	165.04594
718.6051	154.04982
718.65594	151.17834
718.70679	164.97099
718.75763	155.83846
718.80847	146.45764
718.85931	150.73216
718.91016	150.92593
718.96094	158.13474
719.01178	163.91003
719.06262	162.86537
719.11346	151.77959
719.16431	152.77588
719.21515	161.09717
719.26599	156.57111
719.31677	149.87804
719.36761	146.73203
719.41846	160.55737
719.4693	147.20056
719.52014	157.51987
719.57098	158.88116
719.62183	151.26511
719.67261	156.22958
719.72345	146.99854
719.77429	155.27998
719.82513	171.42418
719.87598	157.3078
719.92682	149.6158
719.97766	158.71725
720.02844	168
720.07928	168.31415
720.13013	170.08684
720.18097	161
720.23181	161.06451
720.28265	162.40891
720.3335	169.8985
720.38428	167.10756
720.43512	159.27524
720.48596	156.31471
720.5368	156.00458
720.58765	177.38161
720.63849	161.04576
720.68933	144.89568
720.74011	167.29222
720.79095	180.30551
720.8418	155.06982
720.89264	162.73161
720.94348	158.72525
720.99432	163.46495
721.04517	158.93115
721.09595	163.29579
721.14679	156.62332
721.19763	158.50209
721.24847	168.90927
721.29932	158.72517
721.35016	152.21854
721.401	164.2289
721.45178	168.31152
721.50262	168.81702
721.55347	165.39586
721.60431	166.34264
721.65515	162.44759
721.70599	167.81142
721.75684	172.64835
721.80762	172.00151
721.85846	169.18431
721.9093	163.79034
721.96014	159.27167
722.01099	168.44409
722.06183	175.71799
722.11267	169.07635
722.16345	161.74304
722.21429	161.65405
722.26514	160.47482
722.31598	168.30052
722.36682	169.97922
722.41766	172.14711
722.46851	175.4709
722.51929	168.36377
722.57013	173.1622
722.62097	167.01669
722.67181	152.4399
722.72266	158.82295
722.7735	172.90164
722.82434	171.6246
722.87512	159.47891
722.92596	174.08231
722.97681	177.88004
723.02765	172.44212
723.07849	172.64781
723.12933	180.5838
723.18018	171.37656
723.23102	170.61957
723.2818	179.87338
723.33264	179.08087
723.38348	177.67461
723.43433	185.64563
723.48517	168.994
723.53601	172.89601
723.58685	171.98988
723.63763	160.50328
723.68848	164.90204
723.73932	180.75818
723.79016	178.04794
723.841	178.12575
723.89185	175.10132
723.94269	161.73154
723.99347	161.87738
724.04431	199.57436
724.09515	182.59967
724.146	185.53876
724.19684	179.87425
724.24768	194.70787
724.29852	180.02266
724.3493	170.16273
724.40015	180.29268
724.45099	175.05351
724.50183	184.77904
724.55267	190.79404
724.60352	171.27472
724.65436	173.13182
724.70514	157.539
724.75598	180.11621
724.80682	183.21486
724.85767	184.20262
724.90851	194.858
724.95935	180.73045
725.01019	167.80702
725.06097	178.61491
725.11182	201.7191
725.16266	187.47411
725.2135	175.82224
725.26434	197.21684
725.31519	192.1508
725.36603	186.93874
725.41681	174.00948
725.46765	170.74196
725.51849	180.71385
725.56934	182.653
725.62018	180.1039
725.67102	183.94691
725.72186	192.3394
725.77264	194.43466
725.82349	190.26637
725.87433	191.97557
725.92517	188.50986
725.97601	179.7346
726.02686	177.94458
726.0777	189.71352
726.12848	190.769
726.17932	184.99226
726.23016	178.03044
726.28101	168.39507
726.33185	181.95586
726.38269	194.17354
726.43353	191.1524
726.48431	187.66554
726.53516	186.25674
726.586	186.8893
726.63684	184.24396
726.68768	190.19383
726.73853	188.18884
726.78937	179.00125
726.84015	187.25307
726.89099	191.60751
726.94183	191.27248
726.99268	191.64658
727.04352	193.82722
727.09436	188.09676
727.1452	196.02573
727.19604	201.2968
727.24683	207.36435
727.29767	199.04813
727.34851	185.66492
727.39935	196.86256
727.4502	207.48956
727.50104	200.66727
727.55188	206.0168
727.60266	197.19716
727.6535	189.4567
727.70435	184.89839
727.75519	193.85242
727.80603	201.62837
727.85687	203.23007
727.90771	202.95351
727.9585	197.06506
728.00934	202.44031
728.06018	199.29552
728.11102	199.40884
728.16187	187.22791
728.21271	204.53748
728.26355	188.04265
728.31433	196.94238
728.36517	205.25366
728.41602	204.52574
728.46686	208.75787
728.5177	202.05176
728.56854	204.42116
728.61938	213.99161
728.67017	204.11974
728.72101	219.61296
728.77185	202.93552
728.82269	194.69124
728.87354	212.84666
728.92438	187.94983
728.97522	207.405
729.026	215.37837
729.07684	217.17374
729.12769	217.31151
729.17853	203.09334
729.22937	215.03534
729.28021	202.87177
729.33105	215.12289
729.38184	204.7825
729.43268	214.21106
729.48352	206.56371
729.53436	218.25122
729.58521	208.98714
729.63605	212.22742
729.68689	204.46565
729.73767	206.52954
729.78851	206.6147
729.83936	200.2159
729.8902	192.30434
729.94104	211.00204
729.99188	210.57336
730.04272	206.10043
730.09351	203.33385
730.14435	221.64113
730.19519	228.34096
730.24603	216.19666
730.29688	206.3913
730.34772	209.07056
730.39856	207.93707
730.44934	210.86761
730.50018	205.21303
730.55103	219.06779
730.60187	217.42422
730.65271	213.30809
730.70355	222
730.75439	221.12329
730.80518	222.85239
730.85602	221.33461
730.90686	219.10432
730.9577	223.375
731.00854	225.07211
731.05939	217.65964
731.11023	215.43954
731.16101	221.74657
731.21185	219.0322
731.2627	214.14093
731.31354	211.52145
731.36438	212.96419
731.41522	220.00769
731.46606	224.28275
731.51691	214.66487
731.56769	217.94336
731.61853	224.325
731.66937	225.71922
731.72021	226.4968
731.77106	227.66095
731.8219	217.45338
731.87274	226.03267
731.92352	214.58945
731.97437	217.47691
732.02521	211.05768
732.07605	209.23108
732.12689	225.75963
732.17773	234.41377
732.22858	230.89561
732.27936	229.64676
732.3302	230.79111
732.38104	244.616
732.43188	227.98358
732.48273	225.53688
732.53357	224.49765
732.58441	221.53036
732.63519	218.3895
732.68604	249.30869
732.73688	217.86955
732.78772	235.06163
732.83856	230.16322
732.8894	212.17064
732.94025	234.82155
732.99103	239.51523
733.04187	217.0462
733.09271	236.00612
733.14355	224.65959
733.1944	241.79308
733.24524	223.71361
733.29608	247.83601
733.34686	246.46492
733.39771	225.98006
733.44855	254.90833
733.49939	236.26141
733.55023	243.95186
733.60107	246.68968
733.65192	243.59215
733.7027	237.58746
733.75354	230.09238
733.80438	237.29672
733.85522	237.12614
733.90607	224.77725
733.95691	241.38972
734.00775	244.59264
734.05853	239.82515
734.10938	247.16414
734.16022	256.22021
734.21106	251.25414
734.2619	237.07794
734.31274	234.92554
734.36359	248.80081
734.41437	247.40489
734.46521	252.7431
734.51605	248.2533
734.56689	244.3679
734.61774	236.53497
734.66858	242.29587
734.71942	255.00861
734.7702	238.91544
734.82104	243.36032
734.87189	245.8822
734.92273	254.46977
734.97357	260.39685
735.02441	245.25818
735.07526	252.45451
735.12604	262.57184
735.17688	258.49744
735.22772	252.48306
735.27856	244.65643
735.32941	252.6577
735.38025	261.46432
735.43109	258.5444
735.48193	263.8913
735.53271	256.2742
735.58356	246.85246
735.6344	255.5024
735.68524	259.9454
735.73608	264.61008
735.78693	267.0079
735.83777	264.4238
735.88855	261.62524
735.93939	259.8085
735.99023	262.5672
736.04108	265.66138
736.09192	271.40234
736.14276	276.60507
736.1936	280.16159
736.24438	270.51974
736.29523	265.89099
736.34607	267.39597
736.39691	276.89108
736.44775	271.33368
736.4986	271.5271
736.54944	272.13068
736.60022	267.03543
736.65106	272.66013
736.7019	271.51706
736.75275	270.45776
736.80359	279.48737
736.85443	282.09821
736.90527	283.32852
736.95605	265.73267
737.0069	267.27417
737.05774	281.52454
737.10858	273.4743
737.15942	275.17609
737.21027	282.19946
737.26111	264.08218
737.31189	275.70322
737.36273	274.41486
737.41357	273.55325
737.46442	276.32779
737.51526	279.88687
737.5661	292.15717
737.61694	279.44873
737.66772	295.34088
737.71857	294.61688
737.76941	293.32114
737.82025	283.64136
737.87109	303.3429
737.92194	287.39539
737.97278	275.1279
738.02356	293.62869
738.0744	286.87924
738.12524	286.29446
738.17609	297.09491
738.22693	291.23328
738.27777	298.68378
738.32861	289.78839
738.37939	301.32202
738.43024	284.13919
738.48108	298.91867
738.53192	297.53577
738.58276	287.1795
738.63361	284.34512
738.68445	306.09796
738.73523	295.97858
738.78607	299.72568
738.83691	289.88983
738.88776	305.98868
738.9386	302.52505
738.98944	290.57504
739.04028	304.91992
739.09106	302.72443
739.14191	315.86005
739.19275	295.29996
739.24359	304.88202
739.29443	315.97314
739.34528	309.87305
739.39612	309.57773
739.4469	310.16479
739.49774	317.69067
739.54858	320.70538
739.59943	314.06949
739.65027	304.91315
739.70111	310.75064
739.75195	306.55386
739.8028	305.21844
739.85358	308.68747
739.90442	314.44574
739.95526	303.3588
740.0061	305.28442
740.05695	320.37167
740.10779	323.25681
740.15863	316.22943
740.20941	318.74576
740.26025	317.01532
740.3111	312.26358
740.36194	312.99988
740.41278	323.29385
740.46362	325.34146
740.51447	321.91537
740.56525	322.90741
740.61609	323.67548
740.66693	328.98553
740.71777	327.40857
740.76862	320.52472
740.81946	326.27994
740.8703	327.07187
740.92108	334.40097
740.97192	341.90527
741.02277	337.25
741.07361	329.84192
741.12445	333.67639
741.17529	333.42453
741.22614	341.52194
741.27692	342.92685
741.32776	345.44351
741.3786	346.62961
741.42944	358.23657
741.48029	351.78745
741.53113	335.16187
741.58197	343.29367
741.63275	342.3046
741.68359	342.1763
741.73444	348.61765
741.78528	354.87207
741.83612	354.40338
741.88696	344.06619
741.93781	362.62753
741.98859	348.9642
742.03943	358.68823
742.09027	359.70856
742.14111	347.49841
742.19196	359.0531
742.2428	342.18933
742.29364	355.28305
742.34442	339.79141
742.39526	359.7735
742.44611	356.39056
742.49695	352.91919
742.54779	361.81519
742.59863	357.97665
742.64948	354.18088
742.70026	365.70584
742.7511	357.42752
742.80194	378.14334
742.85278	364.46198
742.90363	367.9465
742.95447	362.21674
743.00531	369.42438
743.05609	371.96423
743.10693	378.83804
743.15778	376.71588
743.20862	377.52191
743.25946	366.16113
743.3103	360.91406
743.36115	374.36664
743.41193	378.3208
743.46277	384.42664
743.51361	393.56299
743.56445	389.51181
743.6153	382.96411
743.66614	398.76135
743.71698	381.34323
743.76782	391.43817
743.8186	392.83374
743.86945	392.19412
743.92029	374.98694
743.97113	366.50696
744.02197	400.78354
744.07281	401.67783
744.12366	391.78159
744.17444	391.65289
744.22528	387.97858
744.27612	405.81033
744.32697	410.8038
744.37781	403.66507
744.42865	411.81433
744.47949	415.21985
744.53027	410.6268
744.58112	397.47464
744.63196	410.53488
744.6828	410.5202
744.73364	389.70215
744.78448	404.39215
744.83533	410.69357
744.88611	399.53235
744.93695	422.82571
744.98779	413.26654
745.03864	418.2901
745.08948	420.21704
745.14032	420.25754
745.19116	423.2963
745.24194	420.61209
745.29279	419.47101
745.34363	418.68427
745.39447	426.57162
745.44531	440.84308
745.49615	422.37677
745.547	423.70709
745.59778	427.92209
745.64862	440.65811
745.69946	453.01031
745.75031	430.83575
745.80115	432.81458
745.85199	452.43869
745.90283	457.11307
745.95361	432.61716
746.00446	447.85092
746.0553	440.5159
746.10614	441.16177
746.15698	457.82584
746.20782	444.53922
746.25867	444.55267
746.30945	449.13071
746.36029	427.9552
746.41113	464.90955
746.46198	452.70963
746.51282	456.00516
746.56366	460.49219
746.6145	444.77155
746.66528	474.94785
746.71613	464.17966
746.76697	464.4902
746.81781	465.73526
746.86865	467.84503
746.91949	444.82108
746.97034	450.89667
747.02112	470.24475
747.07196	458.8194
747.1228	473.67767
747.17365	476.49158
747.22449	483.0004
747.27533	455.10349
747.32617	459.36676
747.37695	470.54514
747.4278	453.70175
747.47864	463.50137
747.52948	463.30972
747.58032	466.04822
747.63116	477.01965
747.68201	479.27304
747.73279	474.45917
747.78363	490.19199
747.83447	480.09433
747.88531	474.94125
747.93616	482.35846
747.987	504.52133
748.03784	500.69162
748.08868	487.57339
748.13947	472.80725
748.19031	489.24612
748.24115	491.92081
748.29199	511.26215
748.34283	512.1499
748.39368	493.65652
748.44452	509.22006
748.4953	503.70016
748.54614	493.93466
748.59698	487.91895
748.64783	478.58429
748.69867	494.94727
748.74951	504.81653
748.80035	507.30701
748.85114	523.22028
748.90198	511.78073
748.95282	497.62851
749.00366	506.25055
749.0545	521.43829
749.10535	519.5318
749.15619	506.5206
749.20697	521.94635
749.25781	524.35138
749.30865	541.32983
749.3595	550.70618
749.41034	517.29248
749.46118	506.06598
749.51202	516.82996
749.56281	512.68481
749.61365	518.64069
749.66449	504.72415
749.71533	512.97925
749.76617	515.15442
749.81702	527.2912
749.86786	515.72394
749.91864	507.41077
749.96948	531.5545
750.02032	528.4433
750.07117	516.73285
750.12201	540.21674
750.17285	553.08459
750.22369	545.93213
750.27448	579.92163
750.32532	557.05078
750.37616	531.55536
750.427	553.1264
750.47784	569.92297
750.52869	578.24744
750.57953	526.28778
750.63031	548.93445
750.68115	554.71063
750.73199	554.67328
750.78284	567.27502
750.83368	583.42432
750.88452	556.40155
750.93536	601.48889
750.98615	559.30328
751.03699	576.62354
751.08783	539.34454
751.13867	613.99957
751.18951	550.93219
751.24036	576.72284
751.2912	561.862
751.34198	570.84192
751.39282	541.72443
751.44366	587.63745
751.49451	570.66919
751.54535	562.57135
751.59619	570.66168
751.64703	600.32172
751.69781	582.87634
751.74866	604.46497
751.7995	604.94391
751.85034	600.95825
751.90118	597.53046
751.95203	594.8515
752.00287	604.83917
752.05365	596.60834
752.10449	615.35205
752.15533	603.9411
752.20618	611.10675
752.25702	595.68036
752.30786	619.11548
752.3587	625.77753
752.40955	609.4873
752.46033	623.70166
752.51117	608.82062
752.56201	626.21259
752.61285	608.77966
752.6637	627.85547
752.71454	633.58337
752.76538	642.34045
752.81616	645.46082
752.867	622.01624
752.91785	646.34637
752.96869	653.45789
753.01953	661.79089
753.07037	641.68311
753.12122	648.34991
753.172	662.03156
753.22284	628.08508
753.27368	663.10828
753.32452	656.55206
753.37537	635.51202
753.42621	639.89893
753.47705	642.15356
753.52783	641.20886
753.57867	629.58838
753.62952	641.30115
753.68036	660.61182
753.7312	679.09473
753.78204	681.75562
753.83289	680.49847
753.88367	681.93585
753.93451	650.46692
753.98535	643.03772
754.03619	664.27655
754.08704	679.28735
754.13788	679.3078
754.18872	665.32837
754.2395	674.0274
754.29034	661.99207
754.34119	652.0968
754.39203	656.06488
754.44287	693.91742
754.49371	695.06317
754.54456	679.30756
754.59534	685.60284
754.64618	689.10345
754.69702	700.66351
754.74786	712.72772
754.79871	691.07666
754.84955	711.53253
754.90039	681.70758
754.95117	694.8429
755.00201	692.13
755.05286	684.65851
755.1037	713.44879
755.15454	713.06104
755.20538	706.20557
755.25623	710.52637
755.30701	721.69653
755.35785	709.45825
755.40869	722.45819
755.45953	735.19928
755.51038	722.95917
755.56122	739.0188
755.61206	740.65039
755.66284	712.66229
755.71368	738.1521
755.76453	745.46783
755.81537	727.97784
755.86621	721.90302
755.91705	765.5127
755.9679	769.80811
756.01868	737.83606
756.06952	736.33093
756.12036	762.52173
756.1712	722.56287
756.22205	708.065
756.27289	767.63562
756.32373	726.37378
756.37457	756.03778
756.42535	729.50684
756.4762	743.57397
756.52704	732.7663
756.57788	752.3465
756.62872	731.61493
756.67957	737.49744
756.73041	798.16846
756.78119	753.78925
756.83203	741.77344
756.88287	747.58777
756.93372	762.56769
756.98456	735.88269
757.0354	730.25787
757.08624	757.59576
757.13702	749.21027
757.18787	798.47003
757.23871	786.56635
757.28955	782.33301
757.34039	801.11188
757.39124	780.02319
757.44208	777.45825
757.49286	793.85364
757.5437	785.51251
757.59454	761.93408
757.64539	783.47028
757.69623	776.42816
757.74707	794.4115
757.79791	830.29205
757.84869	790.89282
757.89954	779.50806
757.95038	805.47644
758.00122	780.71161
758.05206	787.42285
758.10291	781.98816
758.15375	790.49402
758.20453	799.55133
758.25537	795.08929
758.30621	816.24811
758.35706	801.70166
758.4079	818.07642
758.45874	825.83557
758.50958	806.15759
758.56036	811.46326
758.61121	821.32343
758.66205	810.87677
758.71289	811.2663
758.76373	825.85345
758.81458	840.16357
758.86542	847.80151
758.9162	832.2005
758.96704	825.99823
759.01788	825.83148
759.06873	846.67102
759.11957	835.31409
759.17041	815.28198
759.22125	826.43597
759.27203	823.73804
759.32288	836.25122
759.37372	858.76849
759.42456	878.51996
759.4754	878.73877
759.52625	858.65869
759.57709	843.28009
759.62787	844.79144
759.67871	848.48712
759.72955	851.8526
759.7804	858.94617
759.83124	857.59106
759.88208	870.50531
759.93292	889.88928
759.9837	872.09222
760.03455	847.17554
760.08539	866.7818
760.13623	872.46613
760.18707	845.55389
760.23792	871.3114
760.28876	876.01563
760.33954	887.31384
760.39038	869.09882
760.44122	872.19061
760.49207	869.51788
760.54291	877.09357
760.59375	893.2049
760.64459	880.4649
760.69543	883.26019
760.74622	922.53931
760.79706	907.68201
760.8479	907.14594
760.89874	893.90759
760.94958	884.55914
761.00043	893.52765
761.05127	900.41376
761.10205	931.81714
761.15289	949.75732
761.20374	925.77606
761.25458	907.82318
761.30542	899.9801
761.35626	896.25549
761.4071	920.3396
761.45789	907.90179
761.50873	945.74567
761.55957	927.29016
761.61041	944.51337
761.66125	949.12622
761.7121	948.36041
761.76294	961.46539
761.81372	933.48645
761.86456	996.67291
761.91541	952.9035
761.96625	970.33276
762.01709	955.1015
762.06793	977.86511
762.11877	972.76654
762.16956	998.57898
762.2204	943.33344
762.27124	953.25574
762.32208	986.45551
762.37292	961.94177
762.42377	961.0108
762.47461	983.40094
762.52539	964.3299
762.57623	980.95245
762.62708	960.77698
762.67792	1010.1063
762.72876	1000.488
762.7796	1034.9261
762.83044	963.82019
762.88123	971.25745
762.93207	1002.6302
762.98291	995.75787
763.03375	979.47943
763.08459	1028.1515
763.13544	1086.0905
763.18628	999.68182
763.23706	1015.0136
763.2879	979.25293
763.33875	1044.9159
763.38959	1019.338
763.44043	1016.5541
763.49127	1025.233
763.54211	1029.3884
763.5929	1052.344
763.64374	1038.0244
763.69458	1026.918
763.74542	1029.9293
763.79626	1072.7999
763.84711	1056.2095
763.89795	1061.6987
763.94873	1056.2184
763.99957	1053.7201
764.05042	1051.1243
764.10126	1069.7653
764.1521	1109.067
764.20294	1046.4064
764.25378	1064.1742
764.30457	1045.797
764.35541	1068.1708
764.40625	1062.0602
764.45709	1085.2573
764.50793	1077.5856
764.55878	1069.0192
764.60962	1078.4655
764.66046	1060.4644
764.71124	1084.4623
764.76208	1067.7767
764.81293	1073.2275
764.86377	1060.714
764.91461	1070.4547
764.96545	1102.1879
765.0163	1088.4785
765.06708	1115.6989
765.11792	1116.1984
765.16876	1120.652
765.2196	1130.1775
765.27045	1135.7896
765.32129	1122.9528
765.37213	1068.0184
765.42291	1081.6509
765.47375	1117.2979
765.5246	1120.1139
765.57544	1108.1304
765.62628	1104.0344
765.67712	1116.8677
765.72797	1128.3149
765.77875	1144.4438
765.82959	1132.5981
765.88043	1126.4547
765.93127	1150.0417
765.98212	1174.1877
766.03296	1147.6417
766.0838	1128.4187
766.13458	1145.119
766.18542	1148.7273
766.23627	1163.3627
766.28711	1163.8856
766.33795	1155.1749
766.38879	1136.4781
766.43964	1139.8263
766.49042	1130.0797
766.54126	1148.8544
766.5921	1153.174
766.64294	1164.6583
766.69379	1208.0634
766.74463	1185.9227
766.79547	1199.3687
766.84625	1192.8663
766.89709	1182.6099
766.94794	1169.5038
766.99878	1199.8085
767.04962	1195.842
767.10046	1198.2167
767.15131	1210.1445
767.20209	1207.5837
767.25293	1205.1051
767.30377	1185.9623
767.35461	1191.4288
767.40546	1178.3322
767.4563	1198.1432
767.50714	1191.8186
767.55792	1202.339
767.60876	1205.178
767.65961	1211.6593
767.71045	1243.5817
767.76129	1227.5336
767.81213	1216.4812
767.86298	1186.889
767.91376	1209.5858
767.9646	1218.6641
768.01544	1248.8042
768.06628	1260.5895
768.11713	1293.8087
768.16797	1257.1271
768.21881	1221.9143
768.26959	1254.0483
768.32043	1234.5508
768.37128	1308.2826
768.42212	1290.1028
768.47296	1280.5286
768.5238	1306.3246
768.57465	1299.1194
768.62543	1277.0619
768.67627	1253.9907
768.72711	1287.8381
768.77795	1297.2667
768.8288	1288.9786
768.87964	1326.1957
768.93048	1335.1965
768.98132	1320.9971
769.0321	1351.2465
769.08295	1316.4822
769.13379	1345.1967
769.18463	1338.4895
769.23547	1324.7577
769.28632	1336.1824
769.33716	1341.3356
769.38794	1344.4359
769.43878	1315.6042
769.48962	1359.8535
769.54047	1367.6989
769.59131	1351.3442
769.64215	1348.8698
769.69299	1357.6769
769.74377	1342.1506
769.79462	1317.726
769.84546	1340.1035
769.8963	1359.744
769.94714	1399.8396
769.99799	1406.6283
770.04883	1398.3695
770.09961	1360.4794
770.15045	1343.5397
770.20129	1397.2534
770.25214	1391.922
770.30298	1363.8857
770.35382	1395.8035
770.40466	1414.3177
770.45544	1401.6855
770.50629	1439.8289
770.55713	1407.8182
770.60797	1406.1389
770.65881	1417.8788
770.70966	1426.5316
770.7605	1395.9247
770.81128	1422.1492
770.86212	1420.6371
770.91296	1431.8903
770.96381	1459.2114
771.01465	1500.4528
771.06549	1479.0601
771.11633	1418.8922
771.16711	1458.3464
771.21796	1458.1743
771.2688	1487.9213
771.31964	1473.3322
771.37048	1490.0524
771.42133	1496.5382
771.47217	1495.5211
771.52295	1506.8771
771.57379	1532.8951
771.62463	1491.2928
771.67548	1444.0396
771.72632	1485.4817
771.77716	1463.2367
771.828	1499.5525
771.87878	1510.4166
771.92963	1503.5557
771.98047	1536.9802
772.03131	1518.2726
772.08215	1514.8387
772.133	1532.2179
772.18384	1537.2516
772.23462	1510.9832
772.28546	1483.861
772.3363	1482.0349
772.38715	1524.9536
772.43799	1556.493
772.48883	1570.5848
772.53967	1561.2261
772.59045	1562.6508
772.6413	1531.614
772.69214	1517.8375
772.74298	1555.7908
772.79382	1554.3303
772.84467	1563.7903
772.89551	1596.8634
772.94635	1590.4518
772.99713	1567.0178
773.04797	1566.4811
773.09882	1572.4612
773.14966	1608.4142
773.2005	1624.5365
773.25134	1607.733
773.30219	1610.4231
773.35297	1635.2136
773.40381	1630.1191
773.45465	1606.0784
773.50549	1607.9042
773.55634	1611.2444
773.60718	1615.147
773.65802	1616.1049
773.7088	1627.9841
773.75964	1635.3959
773.81049	1633.5476
773.86133	1615.5565
773.91217	1652.3544
773.96301	1684.1383
774.01385	1680.0453
774.06464	1676.5563
774.11548	1648.8698
774.16632	1640.5573
774.21716	1638.1534
774.26801	1634.6794
774.31885	1630.1366
774.36969	1663.8563
774.42047	1673.6044
774.47131	1711.3013
774.52216	1644.5187
774.573	1694.3926
774.62384	1698.7511
774.67468	1683.2765
774.72552	1688.0427
774.77631	1646.9028
774.82715	1670.7373
774.87799	1676.1667
774.92883	1698.663
774.97968	1708.3263
775.03052	1748.8557
775.08136	1703.559
775.13214	1715.7217
775.18298	1688.1075
775.23383	1684.0721
775.28467	1738.7527
775.33551	1740.2637
775.38635	1742.6194
775.43719	1763.0225
775.48798	1794.4381
775.53882	1755.4421
775.58966	1803.7371
775.6405	1744.2133
775.69135	1795.3998
775.74219	1736.2097
775.79303	1797.577
775.84381	1747.524
775.89465	1769.235
775.9455	1784.0009
775.99634	1771.5691
776.04718	1815.9462
776.09802	1791.0845
776.14886	1809.0444
776.19965	1791.0453
776.25049	1833.5443
776.30133	1819.4941
776.35217	1820.5663
776.40302	1793.3378
776.45386	1804.1689
776.5047	1808.489
776.55548	1856.9265
776.60632	1863.328
776.65717	1871.5251
776.70801	1839.4723
776.75885	1785.2297
776.80969	1819.1299
776.86053	1782.6327
776.91132	1850.0231
776.96216	1861.5957
777.013	1905.3336
777.06384	1873.6117
777.11469	1853.9363
777.16553	1831.354
777.21637	1839.6068
777.26721	1863.0287
777.31799	1898.4265
777.36884	1911.9814
777.41968	1903.5685
777.47052	1916.5707
777.52136	1892.8153
777.5722	1914.6782
777.62305	1882.3599
777.67383	1919.837
777.72467	1886.0811
777.77551	1912.8632
777.82635	1941.5931
777.8772	1994.5408
777.92804	1982.3795
777.97888	1996.0236
778.02966	1974.7474
778.08051	1966.5923
778.13135	2021.0359
778.18219	1982.7334
778.23303	1998.4222
778.28387	1982.6283
778.33472	1998.0499
778.3855	1963.4541
778.43634	2030.5476
778.48718	2032.8392
778.53802	2050.7556
778.58887	2019.5594
778.63971	2040.8003
778.69055	2027.3143
778.74133	1968.869
778.79218	2008.1278
778.84302	2020.0819
778.89386	2024.3221
778.9447	2023.2744
778.99554	2053.3994
779.04639	2033.389
779.09717	2057.4475
779.14801	2029.7814
779.19885	2047.0941
779.24969	2041.9982
779.30054	2041.4398
779.35138	2014.3558
779.40222	2038.3641
779.453	2069.2683
779.50385	2099.8843
779.55469	2126.3818
779.60553	2094.072
779.65637	2108.2888
779.70721	2064.1404
779.75806	2071.1033
779.80884	2069.1558
779.85968	2121.4651
779.91052	2121.9971
779.96136	2171.7346
780.01221	2164.3721
780.06305	2131.2124
780.11389	2118.0525
780.16467	2124.814
780.21552	2125.7339
780.26636	2154.1929
780.3172	2169.1147
780.36804	2163.3313
780.41888	2172.4307
780.46973	2165.864
780.52051	2189.5527
780.57135	2196.679
780.62219	2225.1018
780.67303	2211.9094
780.72388	2245.3713
780.77472	2235.5598
780.82556	2273.939
780.87634	2214.5918
780.92719	2215.4431
780.97803	2238.3167
781.02887	2277.5569
781.07971	2313.8494
781.13055	2248.6011
781.1814	2296.2202
781.23218	2258.6516
781.28302	2252.3604
781.33386	2203.6731
781.3847	2283.5215
781.43555	2267.2109
781.48639	2280.2788
781.53723	2283.8291
781.58807	2352.228
781.63885	2229.1506
781.6897	2268.144
781.74054	2227.5366
781.79138	2274.9966
781.84222	2285.939
781.89307	2315.6265
781.94391	2256.1941
781.99469	2318.7864
782.04553	2378.064
782.09637	2373.926
782.14722	2355.7051
782.19806	2302.9229
782.2489	2323.2712
782.29974	2246.5508
782.35052	2312.0793
782.40137	2276.0688
782.45221	2470.2229
782.50305	2409.2004
782.55389	2383.1831
782.60474	2358.1206
782.65558	2400.4187
782.70636	2337.6362
782.7572	2389.7236
782.80804	2401.7644
782.85889	2376.6609
782.90973	2436.8721
782.96057	2418.1367
783.01141	2504.6382
783.06219	2519.8093
783.11304	2512.7371
783.16388	2420.1064
783.21472	2465.5115
783.26556	2386.9985
783.31641	2475.5398
783.36725	2465.5022
783.41803	2531.6631
783.46887	2435.0576
783.51971	2500.4375
783.57056	2507.186
783.6214	2551.5659
783.67224	2509.0122
783.72308	2551.8291
783.77386	2484.9602
783.82471	2509.0942
783.87555	2474.0332
783.92639	2478.2241
783.97723	2528.5701
784.02808	2581.0171
784.07892	2577.269
784.1297	2563.2063
784.18054	2595.4185
784.23138	2512.0081
784.28223	2489.3699
784.33307	2448.3962
784.38391	2523.2183
784.43475	2523.3049
784.48553	2599.1794
784.53638	2591.0947
784.58722	2581.9321
784.63806	2602.0876
784.6889	2649.2251
784.73975	2680.2961
784.79059	2616.2773
784.84137	2579.2048
784.89221	2593.1135
784.94305	2633.5374
784.9939	2646.9504
785.04474	2658.3726
785.09558	2703.4941
785.14642	2716.8171
785.1972	2720.6938
785.24805	2716.6755
785.29889	2664.8806
785.34973	2692.5671
785.40057	2703.2954
785.45142	2728.5588
785.50226	2713.001
785.5531	2726.5464
785.60388	2726.3528
785.65472	2743.8103
785.70557	2774.5313
785.75641	2768.2097
785.80725	2740.2224
785.85809	2744.2324
785.90894	2741.4126
785.95972	2774.9727
786.01056	2831.864
786.0614	2796.0854
786.11224	2802.646
786.16309	2812.4907
786.21393	2794.3381
786.26477	2789.2495
786.31555	2800.3269
786.36639	2813.6204
786.41724	2786.0474
786.46808	2751.5237
786.51892	2706.4189
786.56976	2720.1851
786.62061	2805.2231
786.67139	2877.8225
786.72223	2891.3181
786.77307	2945.9023
786.82391	2921.9849
786.87476	2833.3071
786.9256	2770.1055
786.97644	2820.928
787.02722	2847.2817
787.07806	2915.9761
787.12891	2894.3584
787.17975	2960.7996
787.23059	2959.7522
787.28143	2933.8811
787.33228	2910.1875
787.38306	2940.5239
787.4339	2981.8984
787.48474	3006.2407
787.53558	2969.8716
787.58643	2969.2112
787.63727	2980.2183
787.68811	3023.1155
787.73889	3065.5195
787.78973	3029.439
787.84058	3109.0059
787.89142	2997.9353
787.94226	3082.3628
787.9931	2983.6462
788.04395	3104.8252
788.09473	3039.4182
788.14557	3109.6858
788.19641	3067.7256
788.24725	3162.1355
788.2981	3096.6646
788.34894	3130.7874
788.39978	3106.0754
788.45056	3167.9485
788.5014	3026.5044
788.55225	3044.6174
788.60309	3083.2007
788.65393	3168.7139
788.70477	3181.7217
788.75562	3196.2402
788.8064	3162.5288
788.85724	3139.6624
788.90808	3113.1643
788.95892	3137.5979
789.00977	3145.3865
789.06061	3102.1851
789.11145	3072.1377
789.16223	3146.2861
789.21307	3233.7263
789.26392	3154.4128
789.31476	3239.3503
789.3656	3304.6116
789.41644	3359.3259
789.46729	3207.7163
789.51807	3189.3149
789.56891	3110.7178
789.61975	3185.0999
789.67059	3243.3474
789.72144	3382.4214
789.77228	3242.5371
789.82312	3414.0364
789.87396	3293.9746
789.92474	3348.4871
789.97559	3319.9158
790.02643	3340.8872
790.07727	3365.3552
790.12811	3411.3267
790.17896	3359.6074
790.2298	3386.0486
790.28058	3344.6567
790.33142	3502.196
790.38226	3391.0051
790.43311	3464.6047
790.48395	3537.2532
790.53479	3479.9768
790.58563	3443.5662
790.63641	3365.144
790.68726	3478.9434
790.7381	3422.1213
790.78894	3492.7739
790.83978	3419.7981
790.89063	3582.738
790.94147	3507.9341
790.99225	3568.5813
791.04309	3510.6355
791.09393	3609.4607
791.14478	3371.1038
791.19562	3414.7642
791.24646	3432.8118
791.2973	3573.3672
791.34808	3507.0151
791.39893	3623.0581
791.44977	3484.9761
791.50061	3646.4141
791.55145	3532.8398
791.60229	3563.6299
791.65314	3469.8625
791.70392	3498.219
791.75476	3450.8308
791.8056	3519.5872
791.85645	3601.5911
791.90729	3669.5083
791.95813	3606.1125
792.00897	3721.0984
792.05975	3652.4644
792.1106	3669.9324
792.16144	3564.8247
792.21228	3580.7336
792.26312	3555.1904
792.31396	3636.2854
792.36481	3733.127
792.41559	3771.0806
792.46643	3848.6907
792.51727	3763.4258
792.56812	3733.3921
792.61896	3653.1135
792.6698	3777.0364
792.72064	3786.3289
792.77142	3799.52
792.82227	3703.405
792.87311	3780.2766
792.92395	3803.3484
792.97479	3888.4414
793.02563	3782.9082
793.07648	3925.759
793.12726	3874.6318
793.1781	3858.4617
793.22894	3747.7788
793.27979	3831.7495
793.33063	3878.5588
793.38147	3879.5171
793.43231	3818.0828
793.48309	3852.6387
793.53394	3902.7002
793.58478	4004.8149
793.63562	3925.1235
793.68646	3917.7805
793.7373	3919.6389
793.78815	3900.9275
793.83899	3777.2095
793.88977	3789.4905
793.94061	3842.2832
793.99146	4017.9214
794.0423	4051.7183
794.09314	4098.6255
794.14398	4005.8057
794.19482	3981.5991
794.24561	3884.1655
794.29645	3862.71
794.34729	3857.906
794.39813	3962.5071
794.44897	4059.198
794.49982	4118.4658
794.55066	4083.335
794.60144	4097.4849
794.65228	4069.4087
794.70313	4055.7517
794.75397	4115.2671
794.80481	4092.3013
794.85565	4044.3074
794.90649	4033.1685
794.95728	4104.6675
795.00812	4180.5854
795.05896	4219.769
795.1098	4286.3438
795.16064	4286.707
795.21149	4219.0723
795.26233	4206.6714
795.31311	4197.2891
795.36395	4216.1787
795.41479	4231.9146
795.46564	4194.0757
795.51648	4180.5439
795.56732	4239.1587
795.61816	4267.3896
795.66895	4293.3237
795.71979	4310.4663
795.77063	4306.21
795.82147	4216.1338
795.87231	4121.4746
795.92316	4077.0469
795.974	4122.1172
796.02478	4283.3242
796.07562	4326.3374
796.12646	4294.7988
796.17731	4341.9888
796.22815	4346.4795
796.27899	4299.0435
796.32983	4209.1597
796.38062	4172.3369
796.43146	4296.6035
796.4823	4292.647
796.53314	4294.5669
796.58398	4289.6294
796.63483	4348.2603
796.68567	4397.0586
796.73645	4466.8804
796.78729	4405.9507
796.83813	4376.0708
796.88898	4362.6245
796.93982	4327.4404
796.99066	4320.6294
797.0415	4446.9409
797.09229	4493.0874
797.14313	4557.9097
797.19397	4582.3237
797.24481	4583.3291
797.29565	4525.7729
797.3465	4465.4702
797.39734	4450.3608
797.44812	4571.979
797.49896	4551.6826
797.5498	4566.8652
797.60065	4558.21
797.65149	4648.604
797.70233	4644.5786
797.75317	4701.7915
797.80396	4665.8188
797.8548	4692.6011
797.90564	4650.1875
797.95648	4688.7114
798.00732	4665.5103
798.05817	4711.9473
798.10901	4649.4912
798.15985	4716.4678
798.21063	4570.1396
798.26147	4674.832
798.31232	4748.5078
798.36316	4799.8027
798.414	4778.3901
798.46484	4778.647
798.51569	4708.0317
798.56647	4611.8374
798.61731	4438.627
798.66815	4529.0991
798.71899	4686.6021
798.76984	4830.3521
798.82068	4812.7944
798.87152	4803.4746
798.9223	4805.9185
798.97314	4713.2397
799.02399	4609.1167
799.07483	4679.2451
799.12567	4714.9995
799.17651	4824.0674
799.22736	4827.3608
799.27814	4861.6494
799.32898	4864.7949
799.37982	4942.6831
799.43066	4886.0664
799.48151	4908.6343
799.53235	4911.8335
799.58319	4903.7637
799.63397	4817.2593
799.68481	4909.6118
799.73566	4987.9082
799.7865	5045.1987
799.83734	5048.6548
799.88818	5059.1006
799.93903	5064.2573
799.98981	5126.9995
800.04065	4985.2754
800.09149	4943.4043
800.14233	5070.6226
800.19318	5127.3657
800.24402	5120.0244
800.29486	5098.3027
800.34564	5177.7891
800.39648	5208.6973
800.44733	5188.771
800.49817	5251.0825
800.54901	5295.1719
800.59985	5250.543
800.6507	5124.7988
800.70148	4992.8145
800.75232	5110.1904
800.80316	5144.6841
800.854	5194.3457
800.90485	5118.3413
800.95569	5262.7725
801.00653	5325.9429
801.05731	5342.8638
801.10815	5279.605
801.159	5271.8335
801.20984	5118.7358
801.26068	5125.623
801.31152	5047.2886
801.36237	5116.2197
801.41315	5078.0195
801.46399	5303.7969
801.51483	5442.0117
801.56567	5499.3359
801.61652	5397.7856
801.66736	5267.3159
801.7182	5131.9551
801.76898	5143.1074
801.81982	5234.2988
801.87067	5546.9653
801.92151	5491.0181
801.97235	5571.043
802.02319	5552.709
802.07404	5560.3076
802.12488	5421.5864
802.17566	5441.645
802.2265	5564.6479
802.27734	5648.4888
802.32819	5513.5112
802.37903	5475.6802
802.42987	5507.3262
802.48071	5759.2764
802.53149	5708.959
802.58234	5712.2002
802.63318	5731.1919
802.68402	5741.1572
802.73486	5680.6401
802.78571	5699.6367
802.83655	5635.0825
802.88733	5805.0327
802.93817	5733.4053
802.98901	5733.6157
803.03986	5696.5801
803.0907	5782.585
803.14154	5929.002
803.19238	5982.3789
803.24316	5960.0029
803.29401	5951.9785
803.34485	5806.6885
803.39569	5599.6567
803.44653	5526.9209
803.49738	5707.7715
803.54822	5859.4707
803.599	5898.855
803.64984	5938.8291
803.70068	5962.7656
803.75153	6029.7104
803.80237	5747.5615
803.85321	5739.7271
803.90405	5814.2734
803.95483	5929.4697
804.00568	5798.7671
804.05652	5860.0737
804.10736	5886.8828
804.1582	6027.7383
804.20905	6067.6201
804.25989	6118.0933
804.31067	6154.2227
804.36151	6097.7256
804.41235	5879.2974
804.4632	5878.1543
804.51404	5841.3491
804.56488	6079.4663
804.61572	6182.0923
804.6665	6427.8438
804.71735	6350.1753
804.76819	6346.8857
804.81903	6237.0591
804.86987	6164.1719
804.92072	6116.71
804.97156	6325.2769
805.02234	6269.5435
805.07318	6414.2227
805.12402	6291.3506
805.17487	6320.0596
805.22571	6323.5664
805.27655	6497.3066
805.32739	6424.1367
805.37817	6553.54
805.42902	6417.6426
805.47986	6514.7329
805.5307	6393.9341
805.58154	6446.0649
805.63239	6395.0952
805.68323	6458.7241
805.73401	6336.6904
805.78485	6468.229
805.83569	6501.8677
805.88654	6673.75
805.93738	6567.9492
805.98822	6620.3979
806.03906	6483.4863
806.08984	6506.375
806.14069	6291.8003
806.19153	6229.7822
806.24237	6390.0342
806.29321	6735.6909
806.34406	6752.605
806.3949	6826.5952
806.44574	6661.876
806.49652	6574.1221
806.54736	6315.7148
806.59821	6351.7754
806.64905	6387.4297
806.69989	6612.791
806.75073	6654.3257
806.80157	6694.8203
806.85236	6679.0059
806.9032	6800.0522
806.95404	6732.5112
807.00488	6806.9722
807.05573	6812.748
807.10657	6797.7275
807.15741	6686.3643
807.20819	6603.8403
807.25903	6644.5229
807.30988	6848.0952
807.36072	6979.2412
807.41156	7081.4414
807.4624	7104.9365
807.51324	7052.9297
807.56403	7021.5166
807.61487	6909.8384
807.66571	6927.6777
807.71655	6976.647
807.7674	7073.1011
807.81824	7009.7598
807.86908	7025.7129
807.91986	7101.8008
807.9707	7203.8706
808.02155	7176.3618
808.07239	7283.1665
808.12323	7219.7212
808.17407	7280.9673
808.22491	7065.5229
808.2757	7039.6533
808.32654	6957.4155
808.37738	7144.2559
808.42822	7120.9551
808.47906	7246.9126
808.52991	7162.1416
808.58075	7312.4321
808.63153	7198.5264
808.68237	7255.5122
808.73322	7194.0151
808.78406	7267.5889
808.8349	7127.5527
808.88574	7004.1118
808.93658	6853.0005
808.98737	7032.0298
809.03821	7172.5015
809.08905	7504.1572
809.13989	7550.0698
809.19073	7523.2231
809.24158	7367.8691
809.29242	7180.6074
809.3432	6940.4233
809.39404	6894.0864
809.44489	7130.0933
809.49573	7424.0874
809.54657	7563.8379
809.59741	7603.5991
809.64825	7677.332
809.69904	7553.5029
809.74988	7417.3984
809.80072	7399.1104
809.85156	7530.9824
809.9024	7492.6826
809.95325	7567.0093
810.00409	7416.6489
810.05487	7598.2764
810.10571	7710.9746
810.15656	7916.1689
810.2074	7810.1045
810.25824	7887.541
810.30908	7804.8159
810.35992	7892.4453
810.41071	7651.8486
810.46155	7867.7021
810.51239	7742.897
810.56323	7814.6592
810.61407	7610.7998
810.66492	7794.5825
810.71576	7699.9868
810.7666	8082.1431
810.81738	7951.6484
810.86823	8116.8101
810.91907	8041.9893
810.96991	7955.2412
811.02075	7559.5864
811.07159	7502.3677
811.12244	7583.9653
811.17322	7805.7085
811.22406	7882.6592
811.2749	8107.1313
811.32574	8096.5039
811.37659	8103.6123
811.42743	7927.2134
811.47827	7740.3398
811.52905	7744.3623
811.5799	7822.4771
811.63074	7906.8555
811.68158	7725.4434
811.73242	7741.2192
811.78326	7939.0669
811.83411	8257.5527
811.88489	8262.9229
811.93573	8364.2197
811.98657	8183.2544
812.03741	8215.6943
812.08826	7779.0371
812.1391	7823.4883
812.18994	7812.7686
812.24072	8296.0928
812.29156	8288.2236
812.34241	8717.9756
812.39325	8498.9883
812.44409	8643.0088
812.49493	8291.293
812.54578	8402.584
812.59656	8137.1416
812.6474	8476.3721
812.69824	8463.8164
812.74908	8685.6045
812.79993	8546.0918
812.85077	8629.8496
812.90161	8646.958
812.95239	8893.9746
813.00323	8750.4102
813.05408	8909.416
813.10492	8823.8135
813.15576	8645.3486
813.2066	8529.0068
813.25745	8545.1953
813.30823	8644.8984
813.35907	8639.249
813.40991	8780.3359
813.46075	8675.6699
813.5116	8861.9541
813.56244	8878.4102
813.61328	9019.0645
813.66406	8872.0547
813.7149	9062.7314
813.76575	8569.4463
813.81659	8608.8545
813.86743	8172.0771
813.91827	8520.0449
813.96912	8509.7217
814.0199	9307.8408
814.07074	9093.0703
814.12158	9391.9668
814.17242	9014.2949
814.22327	8892.5918
814.27411	8345.8242
814.32495	8554.6064
814.37573	8539.5391
814.42657	9044.3555
814.47742	8947.0127
814.52826	9260.0107
814.5791	9086.5723
814.62994	9247.8857
814.68079	9088.0273
814.73163	9080.5723
814.78241	9035.415
814.83325	9229.0352
814.88409	9155.5742
814.93494	9096.5967
814.98578	9055.1748
815.03662	9240.9756
815.08746	9731.1758
815.13824	9707.8809
815.18909	9788.2363
815.23993	9619.5518
815.29077	9819.9219
815.34161	9465.5352
815.39246	9574.582
815.4433	9443.9375
815.49408	9895.1504
815.54492	9583.3965
815.59576	9656.9385
815.64661	9565.8896
815.69745	10002.331
815.74829	9840.0137
815.79913	9973.5674
815.84991	9801.4482
815.90076	10005.627
815.9516	9793.252
816.00244	9660.4473
816.05328	9410.7676
816.10413	9708.6846
816.15497	9687.3662
816.20575	9878.001
816.25659	9807.9551
816.30743	9943.1221
816.35828	9989.2813
816.40912	10024.662
816.45996	9981.5977
816.5108	9897.9805
816.56158	9944.0342
816.61243	9543.001
816.66327	9544.2012
816.71411	9283.3311
816.76495	9762.7715
816.8158	10068.23
816.86664	10563.153
816.91742	10285.757
816.96826	10374.547
817.0191	9960.46
817.06995	9755.7803
817.12079	9339.8457
817.17163	9692.1143
817.22247	9952.5488
817.27325	10451.19
817.3241	10578.919
817.37494	10787.141
817.42578	10582.235
817.47662	10530.888
817.52747	10330.991
817.57831	10228.057
817.62909	10426.662
817.67993	10568.009
817.73077	10490.372
817.78162	10293.218
817.83246	10629.134
817.8833	10867.883
817.93414	11025.949
817.98492	10770.302
818.03577	11008.563
818.08661	10848.349
818.13745	10976.884
818.18829	10635.634
818.23914	10890.748
818.28998	10824.381
818.34076	11064.441
818.3916	10809.129
818.44244	10784.702
818.49329	10780.854
818.54413	11083.627
818.59497	11327.697
818.64581	11298.822
818.69659	11214.705
818.74744	11156.193
818.79828	10953.441
818.84912	10510.799
818.89996	10326.527
818.95081	10617.306
819.00165	11211.57
819.05249	11369.854
819.10327	11593.997
819.15411	11342.998
819.20496	11321.911
819.2558	10861.77
819.30664	10719.328
819.35748	10642.665
819.40833	10920.679
819.45911	10803.669
819.50995	10974.36
819.56079	10946.657
819.61163	11271.089
819.66248	11436.164
819.71332	11626.996
819.76416	11693.979
819.81494	11630.75
819.86578	11358.022
819.91663	11062.847
819.96747	10945.716
820.01831	11008.865
820.06915	11520.806
820.12	11847.283
820.17078	12158.261
820.22162	12096.439
820.27246	12070.315
820.3233	11771.426
820.37415	11667.957
820.42499	11587.624
820.47583	11890.736
820.52661	11966.97
820.57745	12039.548
820.6283	11942.992
820.67914	12040.896
820.72998	12127.606
820.78082	12287.573
820.83167	12318.16
820.88245	12319.381
820.93329	12505.245
820.98413	12369.596
821.03497	12036.327
821.08582	11942.115
821.13666	12135.569
821.1875	12192.884
821.23828	12267.712
821.28912	12072.915
821.33997	12191.087
821.39081	12462.274
821.44165	12634.991
821.49249	12470.658
821.54333	12568.987
821.59412	12511.695
821.64496	12151.156
821.6958	11684.827
821.74664	11599.315
821.79749	11757.516
821.84833	12319.909
821.89917	12888.015
821.94995	12973.643
822.00079	12891.913
822.05164	12559.673
822.10248	12169.056
822.15332	11722.431
822.20416	11764.338
822.255	12141.027
822.30579	12571.813
822.35663	12729.851
822.40747	12926.511
822.45831	13006.129
822.50916	13134.618
822.56	13002.13
822.61084	12743.881
822.66162	12837.658
822.71246	12959.059
822.76331	12912.898
822.81415	12675.968
822.86499	12730.397
822.91583	13023.134
822.96667	13423.849
823.01752	13573.892
823.0683	13750.104
823.11914	13829.77
823.16998	13709.671
823.22083	13414.479
823.27167	13125.983
823.32251	13073.929
823.37335	13433.762
823.42413	13602.786
823.47498	13391.896
823.52582	13387.856
823.57666	13624.456
823.6275	13976.396
823.67834	14023.928
823.72919	14076.032
823.77997	14046.212
823.83081	13898.85
823.88165	13457.995
823.9325	13199.968
823.98334	13240.406
824.03418	13521.094
824.08502	13769.998
824.1358	13878.091
824.18665	13888.631
824.23749	13973.691
824.28833	13949.429
824.33917	13727.253
824.39001	13686.05
824.44086	13549.053
824.49164	13581.492
824.54248	13251.171
824.59332	13044.338
824.64417	13202.344
824.69501	13770.211
824.74585	14232.765
824.79669	14593.183
824.84747	14606.896
824.89832	14493.001
824.94916	13911.293
825	13192.421
825.05084	12940.988
825.10168	13149.435
825.15253	13834.921
825.20331	14487.19
825.25415	14846.379
825.30499	14761.731
825.35583	14850.494
825.40668	14570.254
825.45752	14377.52
825.50836	14224.838
825.55914	14385.171
825.60999	14651.442
825.66083	14647.557
825.71167	14430.816
825.76251	14589.806
825.81335	14955.383
825.8642	15144.802
825.91498	15161.506
825.96582	15134.015
826.01666	15369.755
826.0675	15140.956
826.11835	14983.83
826.16919	14721.488
826.22003	15028.19
826.27081	15161.432
826.32166	15144.183
826.3725	14811.413
826.42334	14946.302
826.47418	15183.277
826.52502	15384.002
826.57587	15435.482
826.62665	15448.175
826.67749	15430.767
826.72833	14964.105
826.77917	14481.563
826.83002	13959.432
826.88086	14229.277
826.9317	14658.759
826.98248	15398.419
827.03333	15639.169
827.08417	15735.068
827.13501	15422.66
827.18585	15217.494
827.23669	14790.813
827.28754	14420.797
827.33838	14595.842
827.38916	14829.695
827.44	14937.98
827.49084	14724.845
827.54169	15019.643
827.59253	15340.334
827.64337	15791.81
827.69421	15819.022
827.745	15928.696
827.79584	15660.076
827.84668	15402.889
827.89752	14761.171
827.94836	14420.904
827.99921	14715.977
828.05005	15580.567
828.10083	16225.04
828.15167	16455.691
828.20251	16559.172
828.25336	16386.189
828.3042	16212.246
828.35504	15735.915
828.40588	15716.112
828.45667	15764.13
828.50751	16276.52
828.55835	16252.685
828.60919	16359.952
828.66003	16354.411
828.71088	16673.922
828.76172	16745.412
828.8125	16781.271
828.86334	16823.529
828.91418	16860.781
828.96503	16789.699
829.01587	16251.796
829.06671	16101.265
829.11755	16109.171
829.16833	16527.475
829.21918	16491.059
829.27002	16324.042
829.32086	16136.04
829.3717	16556.6
829.42255	16787.211
829.47339	16948.658
829.52417	16820.092
829.57501	16825.615
829.62585	16586.516
829.6767	15799.157
829.72754	15287.826
829.77838	15241.695
829.82922	16025.575
829.88	16774.691
829.93085	17613.234
829.98169	17641.629
830.03253	17498.178
830.08337	16792.428
830.13422	15930.281
830.18506	15302.345
830.23584	15556.681
830.28668	16195.88
830.33752	16790
830.38837	17097.518
830.43921	17116.848
830.49005	17292.709
830.54089	17281.406
830.59167	17271.225
830.64252	16985.965
830.69336	17222.658
830.7442	17227.971
830.79504	17131.395
830.84589	16785.783
830.89673	16882.029
830.94751	17383.305
830.99835	17955.809
831.04919	18354.545
831.10004	18329.91
831.15088	18331.52
831.20172	18158.957
831.25256	17866.65
831.30341	17399.359
831.35419	17704.209
831.40503	17995.645
831.45587	18299.178
831.50671	18075.285
831.55756	18009.295
831.6084	18187.123
831.65924	18612.273
831.71002	18835.988
831.76086	18836.373
831.81171	18935.875
831.86255	18635.23
831.91339	18182.352
831.96423	17466.109
832.01508	17347.068
832.06586	17735.877
832.1167	18354.783
832.16754	18461.07
832.21838	18614.289
832.26923	18612.246
832.32007	18671.719
832.37091	18521.34
832.42169	18277.047
832.47253	18186.066
832.52338	18125.271
832.57422	18128.701
832.62506	17481.893
832.6759	17232.174
832.72675	17564.838
832.77753	18540.254
832.82837	19114.943
832.87921	19609.727
832.93005	19646.24
832.9809	19246.197
833.03174	18448.277
833.08258	17419.729
833.13336	17107.193
833.1842	17578.516
833.23505	18705.803
833.28589	19553.691
833.33673	20020.996
833.38757	19949.666
833.43842	20004.908
833.4892	19479.77
833.54004	19003.25
833.59088	18737.932
833.64172	19068.336
833.69257	19646.445
833.74341	19750.25
833.79425	19676.967
833.84503	19636.926
833.89587	20202.17
833.94672	20458.145
833.99756	20546.75
834.0484	20530.547
834.09924	20849.662
834.15009	20676.092
834.20087	20268.676
834.25171	20029.498
834.30255	20156.127
834.35339	20492.322
834.40424	20385.281
834.45508	20069.523
834.50592	19773.203
834.5567	20409.676
834.60754	20921.221
834.65839	21349.539
834.70923	21259.01
834.76007	21102.004
834.81091	20722.082
834.86176	19984.082
834.91254	19092.166
834.96338	18811.656
835.01422	19433.268
835.06506	20469.264
835.11591	21356.594
835.16675	21416.738
835.21759	21518.254
835.26837	21096.338
835.31921	20441.523
835.37006	19542.168
835.4209	19350.412
835.47174	19803.545
835.52258	20271.006
835.57343	20348.998
835.62427	20281.916
835.67505	20536.545
835.72589	20978.225
835.77673	21559.961
835.82758	21423.85
835.87842	21534.766
835.92926	21388.131
835.9801	20994.207
836.03088	20106.254
836.08173	19715.828
836.13257	20248.377
836.18341	21370.125
836.23425	22310.654
836.2851	22718.668
836.33594	23012.768
836.38672	22652.328
836.43756	22297.572
836.4884	21533.396
836.53925	21336.678
836.59009	21616.484
836.64093	22318.254
836.69177	22439.711
836.74255	22180.033
836.7934	22329.895
836.84424	22774.445
836.89508	23235.668
836.94592	23036.869
836.99677	23175.697
837.04761	23163.654
837.09839	23373.498
837.14923	22800.207
837.20007	22288.076
837.25092	21958.809
837.30176	22323.953
837.3526	22792.49
837.40344	22526.977
837.45422	22394.066
837.50507	22536.361
837.55591	23221.271
837.60675	23176.02
837.65759	23286.947
837.70844	23152.605
837.75928	23000.174
837.81006	22075.715
837.8609	21129.932
837.91174	20592.125
837.96259	21043.859
838.01343	22393.049
838.06427	23436.787
838.11511	24450.695
838.16589	24330.924
838.21674	24029.584
838.26758	22669.625
838.31842	21418.217
838.36926	20665.127
838.4201	21119.209
838.47095	22172.025
838.52173	23168.5
838.57257	23830.836
838.62341	23680.176
838.67426	23994.975
838.7251	23728.525
838.77594	23477.043
838.82678	22927.574
838.87756	23286.994
838.92841	23489.25
838.97925	23476.119
839.03009	23065.402
839.08093	22958.826
839.13177	23942.014
839.18262	24597.98
839.2334	25318.453
839.28424	24991.285
839.33508	25300.396
839.38593	25132.77
839.43677	24918.266
839.48761	24124.549
839.53845	24057.875
839.58929	24710.809
839.64008	25071.566
839.69092	25041.508
839.74176	24272.668
839.7926	24678.768
839.84344	25012.838
839.89429	25905.195
839.94513	25669.336
839.99591	25948.836
840.04675	25802.209
840.0976	25311.813
840.14844	24314.447
840.19928	23126.096
840.25012	23528.301
840.30096	23992.088
840.35175	25262.453
840.40259	25205.357
840.45343	25411.162
840.50427	25342.293
840.55511	25593.688
840.60596	25063.779
840.6568	24279.83
840.70758	24495.85
840.75842	24239.072
840.80927	24381.584
840.86011	23196.654
840.91095	23302.404
840.96179	23543.861
841.01263	25239.041
841.06342	26013.348
841.11426	26640.164
841.1651	26560.467
841.21594	25738.141
841.26678	24899.988
841.31763	23125.152
841.36847	22937.48
841.41925	23332.15
841.47009	25163.699
841.52094	26154.068
841.57178	27372.566
841.62262	27305.205
841.67346	27139.145
841.7243	26723.258
841.77509	25393.037
841.82593	25298.121
841.87677	25247.725
841.92761	26743.896
841.97845	26549.629
842.0293	26841.707
842.08014	26317.756
842.13092	27124.111
842.18176	27691.703
842.2326	27774.027
842.28345	27775.371
842.33429	27405.299
842.38513	28326.582
842.43597	27443.076
842.48676	27226.99
842.5376	26369.09
842.58844	27193.217
842.63928	27405.9
842.69012	27151.998
842.74097	26794.307
842.79181	26575.398
842.84259	27884.379
842.89343	28051.477
842.94427	28757.678
842.99512	28273.426
843.04596	28596.781
843.0968	27363.643
843.14764	26173.43
843.19843	24813.078
843.24927	24665.58
843.30011	26142.176
843.35095	27437.594
843.40179	28951.273
843.45264	28590.529
843.50348	29090.096
843.55426	27881.588
843.6051	26893.945
843.65594	25499.393
843.70679	25261.686
843.75763	26274.896
843.80847	26615.689
843.85931	27306.24
843.91016	26591.74
843.96094	27738.873
844.01178	27784.592
844.06262	28893.063
844.11346	28418.975
844.16431	28430.811
844.21515	28605.363
844.26599	27677.291
844.31677	27349.422
844.36761	25648.115
844.41846	26713.936
844.4693	27577.551
844.52014	29899.281
844.57098	30197.055
844.62183	30675.195
844.67261	30667.16
844.72345	29849.883
844.77429	29403.117
844.82513	27958.141
844.87598	28729.908
844.92682	29074.57
844.97766	30672.744
845.02844	29773.041
845.07928	29777.012
845.13013	29925.242
845.18097	30571.734
845.23181	31196.137
845.28265	30462.637
845.3335	31146.656
845.38428	30742.242
845.43512	31190.637
845.48596	29665.207
845.5368	29209.555
845.58765	29036.725
845.63849	29737.885
845.68933	30435.441
845.74011	29566.488
845.79095	30022.449
845.8418	29878.178
845.89264	31193.879
845.94348	30688.381
845.99432	30902.072
846.04517	30651.418
846.09595	30392.393
846.14679	29698.963
846.19763	27407.807
846.24847	27175.605
846.29932	27334.443
846.35016	29887.221
846.401	31102.156
846.45178	32816.348
846.50262	32739.654
846.55347	31982.658
846.60431	30612.707
846.65515	28031.402
846.70599	27150.678
846.75684	26838.068
846.80762	29256.074
846.85846	30322.486
846.9093	32069.541
846.96014	31894.809
847.01099	31928.848
847.06183	32065.447
847.11267	30849.32
847.16345	30936.777
847.21429	30308.041
847.26514	31672.684
847.31598	31061.111
847.36682	31118.258
847.41766	30554.527
847.46851	31347.613
847.51929	32683.125
847.57013	33391.73
847.62097	33974.969
847.67181	33384.637
847.72266	34439.273
847.7735	33460.5
847.82434	32990.527
847.87512	31842.092
847.92596	32125.029
847.97681	33415.762
848.02765	33099.871
848.07849	33214.516
848.12933	31887.809
848.18018	33462.758
848.23102	33783.863
848.2818	34995.23
848.33264	34513.379
848.38348	34283.75
848.43433	34812.625
848.48517	33346.539
848.53601	32356.311
848.58685	30145.291
848.63763	31115.162
848.68848	32006.111
848.73932	33938.246
848.79016	34001.137
848.841	33866.387
848.89185	34368.992
848.94269	33588.418
848.99347	33532.5
849.04431	31583.492
849.09515	32343.986
849.146	31969.754
849.19684	32327
849.24768	31134.418
849.29852	30312.064
849.3493	31498.541
849.40015	32623.168
849.45099	34990.828
849.50183	34919.02
849.55267	35564.469
849.60352	34469.16
849.65436	33450.391
849.70514	31520.996
849.75598	29509.934
849.80682	30408.162
849.85767	31880.822
849.90851	35030.668
849.95935	35595.684
850.01019	36969.234
850.06097	36306.137
850.11182	36143.246
850.16266	34999.875
850.2135	33381.93
850.26434	33787.582
850.31519	34127.793
850.36603	35958.66
850.41681	35179.078
850.46765	35430.281
850.51849	35407.98
850.56934	36517.215
850.62018	37529.223
850.67102	36836.723
850.72186	37251.453
850.77264	36903.063
850.82349	38051.254
850.87433	36768.059
850.92517	36212.391
850.97601	35716.918
851.02686	36149.484
851.0777	36919.957
851.12848	35785.375
851.17932	35719.828
851.23016	34976.84
851.28101	36866.422
851.33185	37697.762
851.38269	38291.832
851.43353	38270.242
851.48431	37549.473
851.53516	37068.855
851.586	34323.844
851.63684	32950.066
851.68768	32034.699
851.73853	34132.453
851.78937	36358.164
851.84015	38234.473
851.89099	39026.902
851.94183	38707.109
851.99268	38212.898
852.04352	35466.125
852.09436	34000.645
852.1452	32590.602
852.19604	33822.371
852.24683	35237.68
852.29767	35833.855
852.34851	36177.086
852.39935	35963.621
852.4502	37461.012
852.50104	37449.719
852.55188	38075.223
852.60266	37362.551
852.6535	37738.496
852.70435	37855.898
852.75519	36558.355
852.80603	35588.441
852.85687	34459.984
852.90771	36280.84
852.9585	37963.473
853.00934	40540.461
853.06018	40541.586
853.11102	40882.039
853.16187	40972.324
853.21271	39872.957
853.26355	38918.824
853.31433	37238.082
853.36517	38154.48
853.41602	39259.563
853.46686	40427.711
853.5177	39993.457
853.56854	39191.234
853.61938	40029.941
853.67017	40662.813
853.72101	41857.98
853.77185	41234.113
853.82269	41528.109
853.87354	41345.281
853.92438	41053.215
853.97522	39855.781
854.026	37964.859
854.07684	38550.965
854.12769	39184.75
854.17853	40466.824
854.22937	39797.184
854.28021	39707.43
854.33105	40195.523
854.38184	40753.828
854.43268	41314.414
854.48352	40463.617
854.53436	41029.543
854.58521	40194.004
854.63605	39432.891
854.68689	36988.094
854.73767	35121.84
854.78851	35497.629
854.83936	37515.461
854.8902	41107.305
854.94104	42554.469
854.99188	43864.434
855.04272	43081.047
855.09351	41723.961
855.14435	38738.953
855.19519	35761.715
855.24603	35137.355
855.29688	36421.559
855.34772	39834.035
855.39856	41372.078
855.44934	42858.5
855.50018	42856.574
855.55103	43077.418
855.60187	42368.227
855.65271	40597.609
855.70355	40315.625
855.75439	40389.102
855.80518	41857.945
855.85602	41789.531
855.90686	41308.789
855.9577	40906.527
856.00854	41978.734
856.05939	43976.195
856.11023	44442.309
856.16101	44938.148
856.21185	44435.547
856.2627	44884.813
856.31354	44475.117
856.36438	43452.73
856.41522	42585.16
856.46606	42683.746
856.51691	44154.973
856.56769	44200.645
856.61853	43753.43
856.66937	42418.633
856.72021	43136.641
856.77106	44690.566
856.8219	45717.848
856.87274	46213.605
856.92352	45785.406
856.97437	46027.027
857.02521	44446.695
857.07605	42292.434
857.12689	39857.566
857.17773	39602.449
857.22858	41416.074
857.27936	43352.848
857.3302	44809.496
857.38104	44666.699
857.43188	45285.285
857.48273	44728.699
857.53357	43711.242
857.58441	41918.41
857.63519	40842.57
857.68604	41470.707
857.73688	41786.613
857.78772	41672.309
857.83856	40008.66
857.8894	39914.871
857.94025	41299.41
857.99103	43870.676
858.04187	45501.813
858.09271	45427.523
858.14355	45804.871
858.1944	44765.777
858.24524	42829.828
858.29608	39751.715
858.34686	38357.027
858.39771	39489.262
858.44855	42852.465
858.49939	45976.672
858.55023	47080.309
858.60107	48411.184
858.65192	47835.875
858.7027	47166.652
858.75354	44920.191
858.80438	42918.992
858.85522	43115.035
858.90607	44369.445
858.95691	46600.324
859.00775	46029.648
859.05853	45826.875
859.10938	45860.984
859.16022	47283.383
859.21106	48176.445
859.2619	47420.852
859.31274	47649.086
859.36359	47414.754
859.41437	48458.758
859.46521	47286.047
859.51605	45776.004
859.56689	45413.609
859.61774	45854.32
859.66858	47248.027
859.71942	46009.957
859.7702	45323.938
859.82104	44911.977
859.87189	46493.148
859.92273	48217.102
859.97357	48661.121
860.02441	49095.133
860.07526	48264.836
860.12604	48035.5
860.17688	44786.406
860.22772	41833.02
860.27856	40001.023
860.32941	40949.918
860.38025	44474.797
860.43109	46983.359
860.48193	49846.395
860.53271	49429.488
860.58356	49228.836
860.6344	47007.316
860.68524	43367.008
860.73608	40994.512
860.78693	39968.25
860.83777	42595.52
860.88855	43961.906
860.93939	45701.227
860.99023	45503.516
861.04108	45847.32
861.09192	47225.992
861.14276	46915.625
861.1936	47371.684
861.24438	46282.398
861.29523	47186.566
861.34607	46863.535
861.39691	45459.039
861.44775	43955.918
861.4986	42695.152
861.54944	45189.379
861.60022	47074.262
861.65106	50500.93
861.7019	50562.445
861.75275	50837.016
861.80359	51546.93
861.85443	49480.973
861.90527	48664.535
861.95605	45892.625
862.0069	47241.816
862.05774	48480.277
862.10858	49863.574
862.15942	49976.938
862.21027	48224.152
862.26111	49721.355
862.31189	49954.602
862.36273	51654.418
862.41357	51087.52
862.46442	50893.906
862.51526	51538.121
862.5661	50530.414
862.61694	50151.691
862.66772	46631.207
862.71857	46449.605
862.76941	46967.547
862.82025	48681.594
862.87109	49839.27
862.92194	48163.227
862.97278	49172.695
863.02356	48746.5
863.0744	50543.5
863.12524	49963.926
863.17609	48578.238
863.22693	49352.344
863.27777	47545.68
863.32861	47437.293
863.37939	43194.113
863.43024	42348.902
863.48108	42967.043
863.53192	45950.711
863.58276	50520.82
863.63361	51612.875
863.68445	53669.242
863.73523	51631.066
863.78607	50108.527
863.83691	45607.207
863.88776	41455.465
863.9386	41557.277
863.98944	42588.691
864.04028	48467.191
864.09106	50253.895
864.14191	52274.684
864.19275	52567.543
864.24359	51759.707
864.29443	51968.785
864.34528	48194.227
864.39612	47906.785
864.4469	46781.336
864.49774	49712.234
864.54858	50717.113
864.59943	49237.48
864.65027	49746.824
864.70111	49010.238
864.75195	52860.922
864.8028	53099.836
864.85358	53698.785
864.90442	53474.016
864.95526	52745.305
865.0061	55041.348
865.05695	52012.648
865.10779	51506.441
865.15863	50074.98
865.20941	51815.719
865.26025	53919.449
865.3111	51993.254
865.36194	51768.305
865.41278	49898.805
865.46362	52864.582
865.51447	54357.969
865.56525	54922.773
865.61609	55709.914
865.66693	54425.262
865.71777	55478.031
865.76862	51605.23
865.81946	48841.121
865.8703	45868.559
865.92108	46051.789
865.97192	49615.574
866.02277	51652.18
866.07361	54400.457
866.12445	53326.625
866.17529	53972.23
866.22614	52984.453
866.27692	50555.125
866.32776	48967.613
866.3786	46759.234
866.42944	48422.445
866.48029	48793.016
866.53113	48752.699
866.58197	47929.094
866.63275	46808.047
866.68359	49429.277
866.73444	51027.715
866.78528	53870.879
866.83612	54094.535
866.88696	54043.891
866.93781	53905.199
866.98859	50724.977
867.03943	48101.02
867.09027	44566.461
867.14111	45868.086
867.19196	48965.848
867.2428	53314.73
867.29364	56642.145
867.34442	56563.984
867.39526	57765.25
867.44611	56020.68
867.49695	54117.82
867.54779	51351.293
867.59863	49737.77
867.64948	51671.016
867.70026	53185.766
867.7511	55467.016
867.80194	54287.688
867.85278	54079.359
867.90363	55166.102
867.95447	56258.211
868.00531	57485.973
868.05609	55803.84
868.10693	56080.953
868.15778	56483.242
868.20862	56900.98
868.25946	55906.219
868.3103	53286.934
868.36115	53300.734
868.41193	53758.938
868.46277	55515.508
868.51361	54503.996
868.56445	52818.898
868.6153	53130.559
868.66614	54192.75
868.71698	56791.766
868.76782	56725.43
868.8186	56720.695
868.86945	56149.391
868.92029	54737.453
868.97113	52550.102
869.02197	47787.828
869.07281	45596.902
869.12366	46320.086
869.17444	50425.457
869.22528	54672.598
869.27612	56991.211
869.32697	58204.816
869.37781	56915.691
869.42865	54962.414
869.47949	50663.137
869.53027	46673.547
869.58112	45364.828
869.63196	46725.75
869.6828	50285.063
869.73364	52104.688
869.78448	53195.145
869.83533	53347.023
869.88611	53944.141
869.93695	54593.223
869.98779	53515.41
870.03864	53009.094
870.08948	52610.254
870.14032	53517.492
870.19116	53216.301
870.24194	51260.32
870.29279	49689.059
870.34363	49684.375
870.39447	52866.84
870.44531	55545.957
870.49615	57687.086
870.547	57968.223
870.59778	57849.012
870.64862	58088.816
870.69946	56090.598
870.75031	53951.289
870.80115	52030.922
870.85199	53037.43
870.90283	55214.434
870.95361	56185.336
871.00446	55917.926
871.0553	54397.773
871.10614	55280.898
871.15698	56755.93
871.20782	57768.691
871.25867	57592.395
871.30945	57020.855
871.36029	57808.719
871.41113	56860.941
871.46198	54949.578
871.51282	51835.18
871.56366	50117.586
871.6145	51505.457
871.66528	53065.27
871.71613	54806.117
871.76697	53817.875
871.81781	53501.043
871.86865	54220.074
871.91949	54355.223
871.97034	54273.996
872.02112	52539.883
872.07196	52212.605
872.1228	51695.52
872.17365	50654.125
872.22449	48297.992
872.27533	45244.285
872.32617	45571.379
872.37695	47567.594
872.4278	52286.059
872.47864	55343.281
872.52948	56553.227
872.58032	57051.695
872.63116	54412.996
872.68201	51029.961
872.73279	45817.227
872.78363	43025.422
872.83447	43510.184
872.88531	46640.852
872.93616	51918.043
872.987	53775.531
873.03784	55738.336
873.08868	55525.512
873.13947	54686.582
873.19031	52927.16
873.24115	49385.844
873.29199	48484.66
873.34283	48807.203
873.39368	51466.25
873.44452	52456.129
873.4953	51015
873.54614	51011.98
873.59698	50918.777
873.64783	53890.734
873.69867	54474.852
873.74951	54010.258
873.80035	54144.48
873.85114	53750.773
873.90198	55164.781
873.95282	53301.691
874.00366	51729.156
874.0545	50869.027
874.10535	51242.844
874.15619	53519.219
874.20697	52085.605
874.25781	50894.043
874.30865	49318.199
874.3595	50224.777
874.41034	53230.867
874.46118	53653.004
874.51202	54666.234
874.56281	53600.406
874.61365	53025.707
874.66449	51044.887
874.71533	46769.918
874.76617	44098.152
874.81702	42492.238
874.86786	45063.605
874.91864	47734.102
874.96948	50016.039
875.02032	51719.164
875.07117	50470.473
875.12201	50782.59
875.17285	48219.336
875.22369	45209.105
875.27448	43009.77
875.32532	42184.207
875.37616	44216.266
875.427	44373.406
875.47784	44452.441
875.52869	43080.578
875.57953	42858.906
875.63031	45353.379
875.68115	46572.777
875.73199	48183.48
875.78284	47425.93
875.83368	47404.652
875.88452	47060.699
875.93536	44010.516
875.98615	41513.406
876.03699	38528.223
876.08783	39614.742
876.13867	42342.516
876.18951	45874.566
876.24036	49250.605
876.2912	48849.363
876.34198	49517.27
876.39282	48158.039
876.44366	45589.57
876.49451	43348.781
876.54535	41260.75
876.59619	42805.715
876.64703	43934.219
876.69781	46029.707
876.74866	45554.598
876.7995	44002.23
876.85034	45413.813
876.90118	45220.746
876.95203	46752.773
877.00287	45552.199
877.05365	44850.309
877.10449	45524.031
877.15533	44769.277
877.20618	45063.66
877.25702	42107.199
877.30786	41243.922
877.3587	41534.516
877.40955	41765.441
877.46033	42954.238
877.51117	40536.707
877.56201	40143.449
877.61285	40066.805
877.6637	41543.797
877.71454	43197.129
877.76538	41590.074
877.81616	42153.191
877.867	40861.664
877.91785	39293.484
877.96869	37022.68
878.01953	33009.961
878.07037	32286.672
878.12122	32610.541
878.172	36443.898
878.22284	39488.648
878.27368	40305.398
878.32452	42034.148
878.37537	39478.457
878.42621	38095.594
878.47705	34264.996
878.52783	30706.129
878.57867	30215.314
878.62952	30573.602
878.68036	34241.379
878.7312	35183.66
878.78204	35678.77
878.83289	36058.234
878.88367	35607.09
878.93451	36664.18
878.98535	34607.82
879.03619	34077.008
879.08704	33305.125
879.13788	33129.844
879.18872	34820.262
879.2395	32653.225
879.29034	31774.898
879.34119	31008.854
879.39203	32015.078
879.44287	35063.031
879.49371	34753.855
879.54456	36489.301
879.59534	35023.047
879.64618	35361.602
879.69702	35613.176
879.74786	32628.477
879.79871	32051.811
879.84955	30525.775
879.90039	32211.705
879.95117	33637.543
880.00201	32484.639
880.05286	32563.924
880.1037	30440.197
880.15454	31946.457
880.20538	32836
880.25623	32682.783
880.30701	33136.859
880.35785	31476.971
880.40869	32597.146
880.45953	31289.785
880.51038	29048.988
880.56122	27646.342
880.61206	26076.486
880.66284	27952.719
880.71368	28166.535
880.76453	29326.416
880.81537	29081.684
880.86621	27874.182
880.91705	28962.24
880.9679	28043.379
881.01868	27986.172
881.06952	26804.117
881.12036	25805.094
881.1712	26649.898
881.22205	25210.031
881.27289	24518.113
881.32373	22814.219
881.37457	22204.93
881.42535	23761.627
881.4762	24880.949
881.52704	27691.586
881.57788	27468.232
881.62872	27608.146
881.67957	27122.283
881.73041	24361.414
881.78119	22868.43
881.83203	20540.652
881.88287	20272.346
881.93372	21820.221
881.98456	23674.523
882.0354	26145.012
882.08624	26012.107
882.13702	26580.139
882.18787	25851.131
882.23871	24793.631
882.28955	23972.648
882.34039	21959.969
882.39124	22152.654
882.44208	22661.574
882.49286	23448.857
882.5437	24018.584
882.59454	22960.008
882.64539	23233.152
882.69623	23556.965
882.74707	24156.383
882.79791	24539.811
882.84869	23627.025
882.89954	23856.396
882.95038	23400.9
883.00122	23631.555
883.05206	23077.146
883.10291	21669.51
883.15375	21717.332
883.20453	21664.584
883.25537	21986.883
883.30621	21312.342
883.35706	20277.33
883.4079	20203.752
883.45874	20336.785
883.50958	21341.205
883.56036	21517.615
883.61121	21207.113
883.66205	21067.338
883.71289	20028.227
883.76373	19360.127
883.81458	17560.127
883.86542	15963.447
883.9162	15505.379
883.96704	15901.995
884.01788	17293.221
884.06873	17864.299
884.11957	18371.182
884.17041	18190.131
884.22125	17463.203
884.27203	16848.283
884.32288	15309.549
884.37372	14157.626
884.42456	13647.853
884.4754	14049.301
884.52625	14548.028
884.57709	14106.401
884.62787	13915.175
884.67871	13632.559
884.72955	13838.816
884.7804	14234.92
884.83124	14196.496
884.88208	14254.988
884.93292	13830.299
884.9837	13634.836
885.03455	13261.375
885.08539	12127.24
885.13623	11283.128
885.18707	10819.632
885.23792	11258.206
885.28876	12123.953
885.33954	12897.051
885.39038	13362.96
885.44122	13071.991
885.49207	12953.469
885.54291	12466.421
885.59375	11619.841
885.64459	10833.629
885.69543	10348.07
885.74622	10773.174
885.79706	11134.511
885.8479	11313.391
885.89874	11192.305
885.94958	10709.11
886.00043	10935.824
886.05127	11017.31
886.10205	10947.973
886.15289	10802.212
886.20374	10363.646
886.25458	10580.35
886.30542	10235.976
886.35626	10028.408
886.4071	9584.7314
886.45789	9070.2861
886.50873	9240.1211
886.55957	9234.3643
886.61041	9314.1699
886.66125	8847.1592
886.7121	8503.9863
886.76294	8750.2578
886.81372	8879.0361
886.86456	9100.6973
886.91541	8755.1279
886.96625	8611.4941
887.01709	8686.709
887.06793	8140.5703
887.11877	7762.7065
887.16956	6895.3208
887.2204	6428.0518
887.27124	6537.7861
887.32208	6880.0581
887.37292	7828.2476
887.42377	8102.9155
887.47461	8440.2813
887.52539	8297.4736
887.57623	7645.3657
887.62708	7150.1787
887.67792	6199.7183
887.72876	5662.5879
887.7796	5788.7363
887.83044	6156.4956
887.88123	6915.4243
887.93207	6942.4624
887.98291	7061.9297
888.03375	7097.584
888.08459	6904.4985
888.13544	6998.2793
888.18628	6481.312
888.23706	6345.5396
888.2879	6266.2949
888.33875	6205.7642
888.38959	6584.0181
888.44043	6157.4546
888.49127	5916.5669
888.54211	5984.8301
888.5929	6136.4766
888.64374	6722.5874
888.69458	6638.75
888.74542	6687.6953
888.79626	6551.2266
888.84711	6522.1489
888.89795	6604.791
888.94873	6160.1636
888.99957	5867.9717
889.05042	5753.0669
889.10126	5839.042
889.1521	6285.8452
889.20294	6000.646
889.25378	6035.9204
889.30457	5693.0239
889.35541	5704.0732
889.40625	6213.3467
889.45709	5897.481
889.50793	6075.2939
889.55878	5983.1377
889.60962	5784.4482
889.66046	5765.853
889.71124	5236.4751
889.76208	4998.6196
889.81293	4699.7939
889.86377	4700.1128
889.91461	5048.5864
889.96545	5111.9551
890.0163	5251.1841
890.06708	5243.6367
890.11792	5102.5522
890.16876	5174.6382
890.2196	4868.4365
890.27045	4863.624
890.32129	4515.5459
890.37213	4390.0059
890.42291	4567.7979
890.47375	4362.1968
890.5246	4295.1919
890.57544	3962.4246
890.62628	3933.6926
890.67712	4280.6826
890.72797	4506.8486
890.77875	4810.1587
890.82959	4865.2456
890.88043	4732.21
890.93127	4624.1851
890.98212	4133.2773
891.03296	3801.3198
891.0838	3465.7029
891.13458	3483.7102
891.18542	3815.469
891.23627	4130.9434
891.28711	4576.1187
891.33795	4675.8379
891.38879	4696.2524
891.43964	4657.3755
891.49042	4400.8179
891.54126	4144.6401
891.5921	3816.0698
891.64294	3804.2126
891.69379	4032.8015
891.74463	4175.0391
891.79547	4271.001
891.84625	4176.7954
891.89709	4155.3193
891.94794	4272.3433
891.99878	4338.4844
892.04962	4415.4614
892.10046	4288.9194
892.15131	4271.7173
892.20209	4296.6606
892.25293	4241.0322
892.30377	4243.4155
892.35461	3970.9375
892.40546	3905.2144
892.4563	4011.0752
892.50714	4073.2393
892.55792	4059.9204
892.60876	3900.5833
892.65961	3832.8723
892.71045	3820.1245
892.76129	3927.563
892.81213	4137.2822
892.86298	4149.5171
892.91376	4146.5322
892.9646	4043.6316
893.01544	3880.1624
893.06628	3642.375
893.11713	3228.0862
893.16797	3038.1653
893.21881	3102.6116
893.26959	3321.4531
893.32043	3638.3137
893.37128	3804.7236
893.42212	3859.4509
893.47296	3751.9902
893.5238	3584.3154
893.57465	3391.5664
893.62543	3027.0906
893.67627	2813.9382
893.72711	2816.0112
893.77795	2883.0837
893.8288	3046.5703
893.87964	3056.4949
893.93048	3074.8374
893.98132	2961.645
894.0321	2983.3911
894.08295	3118.4651
894.13379	3079.218
894.18463	3110.6614
894.23547	2950.9104
894.28632	2931.6387
894.33716	2891.4631
894.38794	2720.4905
894.43878	2518.9458
894.48962	2399.6372
894.54047	2505.2124
894.59131	2754.3774
894.64215	2857.2603
894.69299	2914.4309
894.74377	2844.3835
894.79462	2816.4097
894.84546	2768.6689
894.8963	2599.4822
894.94714	2478.4988
894.99799	2344.0217
895.04883	2304.321
895.09961	2446.157
895.15045	2468.5493
895.20129	2511.3999
895.25214	2364.45
895.30298	2248.6128
895.35382	2427.9055
895.40466	2311.2148
895.45544	2292.3672
895.50629	2274.6465
895.55713	2201.7322
895.60797	2277.4348
895.65881	2142.1509
895.70966	2033.1638
895.7605	1905.7754
895.81128	1888.7073
895.86212	1910.3478
895.91296	1913.4811
895.96381	1897.2123
896.01465	1855.9698
896.06549	1733.8184
896.11633	1824.1499
896.16711	1815.0072
896.21796	1823.8898
896.2688	1822.4008
896.31964	1713.0045
896.37048	1739.9459
896.42133	1604.5697
896.47217	1477.0161
896.52295	1388.828
896.57379	1259.0321
896.62463	1315.5209
896.67548	1407.9777
896.72632	1545.2161
896.77716	1659.8651
896.828	1654.4939
896.87878	1608.8411
896.92963	1478.5682
896.98047	1302.6532
897.03131	1216.9642
897.08215	1105.8527
897.133	1108.1412
897.18384	1163.0588
897.23462	1263.4381
897.28546	1355.925
897.3363	1392.5607
897.38715	1396.1677
897.43799	1359.92
897.48883	1328.2169
897.53967	1254.3914
897.59045	1148.1855
897.6413	1156.3746
897.69214	1195.4604
897.74298	1218.5771
897.79382	1211.806
897.84467	1148.8811
897.89551	1144.3198
897.94635	1177.5164
897.99713	1232.0193
898.04797	1257.1304
898.09882	1264.8998
898.14966	1255.0138
898.2005	1234.6014
898.25134	1233.5253
898.30219	1230.2405
898.35297	1141.5212
898.40381	1092.167
898.45465	1068.7083
898.50549	1083.3837
898.55634	1159.3033
898.60718	1114.3618
898.65802	1062.3092
898.7088	1037.5184
898.75964	1054.9354
898.81049	1117.7643
898.86133	1129.1503
898.91217	1102.532
898.96301	1061.0751
899.01385	1061.0303
899.06464	1050.5817
899.11548	957.53583
899.16632	868.92932
899.21716	847.20782
899.26801	868.36658
899.31885	926.89874
899.36969	948.84576
899.42047	960.7525
899.47131	965.11523
899.52216	952.11609
899.573	935.14392
899.62384	869.18073
899.67468	847.2196
899.72552	802.54077
899.77631	802.10907
899.82715	822.99292
899.87799	795.77826
899.92883	757.05518
899.97968	728.00208
900.03052	743.90558
900.08136	770.37054
900.13214	816.54407
900.18298	874.31586
900.23383	874.61975
900.28467	873.13739
900.33551	860.51581
900.38635	782.71313
900.43719	724.58496
900.48798	644.02631
900.53882	618.11017
900.58966	659.01825
900.6405	736.7793
900.69135	818.79663
900.74219	882.19446
900.79303	871.63086
900.84381	847.07605
900.89465	810.80713
900.9455	733.85535
900.99634	696.46765
901.04718	658.31964
901.09802	691.53137
901.14886	715.05383
901.19965	737.19604
901.25049	748.95087
901.30133	727.06708
901.35217	745.91492
901.40302	745.78339
901.45386	762.56836
901.5047	762.15784
901.55548	742.12537
901.60632	726.20709
901.65717	751.09845
901.70801	737.17816
901.75885	717.08582
901.80969	685.59528
901.86053	677.97626
901.91132	696.12756
901.96216	700.51404
902.013	658.40021
902.06384	630.828
902.11469	622.96283
902.16553	641.29767
902.21637	666.81915
902.26721	707.81543
902.31799	708.29004
902.36884	691.9809
902.41968	678.97485
902.47052	653.89941
902.52136	617.28656
902.5722	544.5816
902.62305	481.01501
902.67383	477.84805
902.72467	519.2345
902.77551	591.38141
902.82635	647.33032
902.8772	644.84552
902.92804	642.50049
902.97888	621.8764
903.02966	585.51349
903.08051	529.05054
903.13135	475.99423
903.18219	479.37875
903.23303	485.58502
903.28387	519.80603
903.33472	551.14374
903.3855	546.77094
903.43634	544.71942
903.48718	540.90607
903.53802	561.13153
903.58887	564.31036
903.63971	536.32709
903.69055	550.65448
903.74133	562.47284
903.79218	549.12531
903.84302	535.01508
903.89386	513.27374
903.9447	483.68073
903.99554	476.38812
904.04639	499.64655
904.09717	545.63867
904.14801	589.39081
904.19885	603.29401
904.24969	621.40125
904.30054	590.41022
904.35138	573.88556
904.40222	524.27875
904.453	516.45703
904.50385	506.76657
904.55469	490.37576
904.60553	549.63763
904.65637	555.18744
904.70721	544.01373
904.75806	538.23163
904.80884	535.94116
904.85968	551.84265
904.91052	557.69592
904.96136	543.29065
905.01221	542.88397
905.06305	543.30212
905.11389	527.9494
905.16467	541.37518
905.21552	504.23874
905.26636	475.73148
905.3172	459.40915
905.36804	461.12234
905.41888	460.35504
905.46973	463.37408
905.52051	484.72491
905.57135	454.96054
905.62219	427.98773
905.67303	477.55762
905.72388	468.68707
905.77472	446.32742
905.82556	422.04541
905.87634	428.48895
905.92719	445.46387
905.97803	413.88821
906.02887	366.96948
906.07971	345.63504
906.13055	332.42365
906.1814	350.03448
906.23218	381.95923
906.28302	417.44397
906.33386	422.94629
906.3847	414.58789
906.43555	396.03085
906.48639	381.20441
906.53723	346.03732
906.58807	308.07324
906.63885	274.9729
906.6897	286.74359
906.74054	317.95343
906.79138	349.31195
906.84222	370.35339
906.89307	357.61963
906.94391	351.89392
906.99469	352.67926
907.04553	336.43872
907.09637	343.79031
907.14722	313.01028
907.19806	287.5062
907.2489	301.95367
907.29974	312.23679
907.35052	323.80615
907.40137	313.07541
907.45221	298.05377
907.50305	300.60724
907.55389	295.19525
907.60474	323.08408
907.65558	332.46078
907.70636	307.64551
907.7572	298.83511
907.80804	305.87753
907.85889	302.26459
907.90973	300.65585
907.96057	277.76895
908.01141	276.99298
908.06219	269.54572
908.11304	284.25021
908.16388	273.55103
908.21472	266.39343
908.26556	257.07159
908.31641	262.59616
908.36725	271.24728
908.41803	293.17316
908.46887	282.72897
908.51971	263.02869
908.57056	268.88132
908.6214	252.30232
908.67224	248.89836
908.72308	217.38602
908.77386	219.75429
908.82471	191.87221
908.87555	206.53998
908.92639	224.1468
908.97723	231.20932
909.02808	229.94971
909.07892	242.24724
909.1297	232.01262
909.18054	237.28218
909.23138	220.90511
909.28223	194.43184
909.33307	195.21083
909.38391	191.61278
909.43475	208.81129
909.48553	205.13301
909.53638	188.49298
909.58722	195.7576
909.63806	162.92595
909.6889	174.95604
909.73975	211.08548
909.79059	198.94025
909.84137	231.90564
909.89221	222.02113
909.94305	216.20024
909.9939	202.67844
910.04474	163.03377
910.09558	173.56128
910.14642	167.74715
910.1972	173.64354
910.24805	174.52324
910.29889	195.6683
910.34973	201.10408
910.40057	242.52966
910.45142	219.94948
910.50226	200.28789
910.5531	195.05286
910.60388	186.71263
910.65472	176.88353
910.70557	164.05467
910.75641	194.22125
910.80725	184.12311
910.85809	211.28291
910.90894	202.58406
910.95972	193.23083
911.01056	182.39215
911.0614	189.3045
911.11224	198.88004
911.16309	188.8058
911.21393	186.34885
911.26477	191.49983
911.31555	200.69757
911.36639	187.82895
911.41724	188.96526
911.46808	184.42308
911.51892	174.82507
911.56976	177.87541
911.62061	185.75316
911.67139	156.71599
911.72223	168.88875
911.77307	174.83798
911.82391	164.26141
911.87476	180.74814
911.9256	182.51485
911.97644	181.05702
912.02722	176.24815
912.07806	177.64232
912.12891	171.15121
912.17975	160.36
912.23059	163.90924
912.28143	153.7981
912.33228	146.84702
912.38306	144.90254
912.4339	159.05406
912.48474	176.83121
912.53558	168.68289
912.58643	167.6476
912.63727	173.68648
912.68811	169.80386
912.73889	147.71193
912.78973	135.87444
912.84058	132.53203
912.89142	133.40593
912.94226	138.73505
912.9931	147.99388
913.04395	155.96045
913.09473	150.35806
913.14557	154.55666
913.19641	164.03996
913.24725	161.87433
913.2981	159.12762
913.34894	150.03224
913.39978	149.00743
913.45056	146.41864
913.5014	145.56036
913.55225	158.17848
913.60309	159.02094
913.65393	146.08844
913.70477	138.13811
913.75562	137.80988
913.8064	152.8582
913.85724	164.62663
913.90808	159.91978
913.95892	152.67499
914.00977	156.56339
914.06061	154.54092
914.11145	157.33011
914.16223	150.44826
914.21307	143.91898
914.26392	137.65457
914.31476	136.83589
914.3656	152.69722
914.41644	155.75441
914.46729	146.86459
914.51807	150.92493
914.56891	142.83722
914.61975	145.40787
914.67059	158.25729
914.72144	159.88872
914.77228	171.72717
914.82312	167.41359
914.87396	159.89914
914.92474	146.00417
914.97559	138.52402
915.02643	137.35655
915.07727	141.50203
915.12811	150.57239
915.17896	149.2829
915.2298	139.9509
915.28058	139.18523
915.33142	143.46176
915.38226	147.60176
915.43311	155.04956
915.48395	151.21672
915.53479	159.66658
915.58563	144.68135
915.63641	139.53625
915.68726	143.96216
915.7381	123.3474
915.78894	122.49757
915.83978	111.6956
915.89063	119.37151
915.94147	129.07622
915.99225	135.94952
916.04309	147.73714
916.09393	144.25298
916.14478	165.26433
916.19562	145.68419
916.24646	145.28958
916.2973	124.42806
916.34808	115.94093
916.39893	106.0772
916.44977	112.50365
916.50061	126.5677
916.55145	132.19519
916.60229	151.10843
916.65314	137.91953
916.70392	145.51491
916.75476	149.87321
916.8056	147.17786
916.85645	144.78473
916.90729	140.70624
916.95813	125.35524
917.00897	133.54219
917.05975	134.13564
917.1106	145.79523
917.16144	150.06042
917.21228	141.61964
917.26312	145.70204
917.31396	140.4502
917.36481	144.0457
917.41559	146.7536
917.46643	133.54239
917.51727	132.34045
917.56812	129.91399
917.61896	141.03004
917.6698	143.72862
917.72064	139.88947
917.77142	135.38968
917.82227	132.0191
917.87311	136.60664
917.92395	135.97784
917.97479	129.38579
918.02563	132.50134
918.07648	133.11754
918.12726	131.44971
918.1781	124.75417
918.22894	136.144
918.27979	145.90543
918.33063	140.72415
918.38147	134.95358
918.43231	139.58136
918.48309	128.69113
918.53394	116.84877
918.58478	112.38184
918.63562	113.14462
918.68646	111.35606
918.7373	116.51742
918.78815	127.6292
918.83899	122.59129
918.88977	119.65092
918.94061	127.55886
918.99146	122.21909
919.0423	112.96305
919.09314	103.3879
919.14398	102.73988
919.19482	100.51279
919.24561	97.576828
919.29645	104.57886
919.34729	99.271927
919.39813	96.330437
919.44897	103.24702
919.49982	104.0412
919.55066	107.26136
919.60144	108.07545
919.65228	105.78321
919.70313	103.66994
919.75397	105.34301
919.80481	109.39897
919.85565	106.63773
919.90649	94.169731
919.95728	94.474144
920.00812	90.92569
920.05896	84.872475
920.1098	94.004288
920.16064	104.44069
920.21149	106.85171
920.26233	111.02632
920.31311	108.3863
920.36395	97.648163
920.41479	97.132439
920.46564	89.765747
920.51648	87.723213
920.56732	85.617378
920.61816	92.74424
920.66895	95.124557
920.71979	102.44579
920.77063	99.431046
920.82147	102.91695
920.87231	97.798874
920.92316	98.939018
920.974	97.029968
921.02478	89.425407
921.07562	93.348114
921.12646	89.107086
921.17731	90.565514
921.22815	97.124359
921.27899	94.839874
921.32983	86.581741
921.38062	86.311447
921.43146	87.114769
921.4823	89.832329
921.53314	79.679802
921.58398	87.809532
921.63483	90.022125
921.68567	79.574005
921.73645	84.940498
921.78729	84.477928
921.83813	87.984192
921.88898	91.530853
921.93982	94.233559
921.99066	86.869865
922.0415	89.552963
922.09229	77.482758
922.14313	70.838829
922.19397	75.356689
922.24481	62.425636
922.29565	74.160194
922.3465	78.10717
922.39734	83.156013
922.44812	85.893829
922.49896	82.619583
922.5498	87.10405
922.60065	82.563812
922.65149	76.937195
922.70233	72.594383
922.75317	71.95266
922.80396	74.607994
922.8548	77.79052
922.90564	76.410347
922.95648	74.84481
923.00732	78.510422
923.05817	79.424622
923.10901	81.412712
923.15985	72.808533
923.21063	77.869209
923.26147	74.079468
923.31232	75.979439
923.36316	74.872261
923.414	76.68087
923.46484	74.795303
923.51569	75.489647
923.56647	71.826935
923.61731	70.265022
923.66815	74.682938
923.71899	76.954178
923.76984	74.679352
923.82068	76.164589
923.87152	75.19709
923.9223	70.869576
923.97314	76.236427
924.02399	72.456856
924.07483	71.744377
924.12567	72.279037
924.17651	67.08918
924.22736	70.834404
924.27814	70.083275
924.32898	73.729324
924.37982	78.67025
924.43066	76.30323
924.48151	73.983665
924.53235	74.888519
924.58319	76.970573
924.63397	76.374344
924.68481	70.721657
924.73566	74.101448
924.7865	74.726936
924.83734	72.387253
924.88818	76.359161
924.93903	65.335609
924.98981	67.576324
925.04065	65.72303
925.09149	69.595009
925.14233	64.437935
925.19318	67.690643
925.24402	73.064491
925.29486	72.506439
925.34564	70.8078
925.39648	67.58371
925.44733	71.710785
925.49817	71.878464
925.54901	73.988869
925.59985	78.010811
925.6507	68.043747
925.70148	63.952522
925.75232	66.509811
925.80316	63.793053
925.854	63.096973
925.90485	60.632431
925.95569	68.839615
926.00653	65.903358
926.05731	68.560616
926.10815	71.586296
926.159	68.452286
926.20984	73.557144
926.26068	65.067978
926.31152	63.456692
926.36237	59.447277
926.41315	58.018688
926.46399	62.584988
926.51483	66.677933
926.56567	64.302269
926.61652	70.484222
926.66736	69.401367
926.7182	73.480904
926.76898	68.208565
926.81982	67.638206
926.87067	64.376236
926.92151	65.029709
926.97235	63.344421
927.02319	59.258572
927.07404	66.480896
927.12488	71.71653
927.17566	66.557846
927.2265	68.942284
927.27734	62.769627
927.32819	60.776649
927.37903	68.107101
927.42987	70.480103
927.48071	60.135033
927.53149	66.821701
927.58234	69.26461
927.63318	70.918472
927.68402	71.220268
927.73486	67.918701
927.78571	65.784325
927.83655	63.751015
927.88733	62.887627
927.93817	64.524658
927.98901	70.962959
928.03986	66.135109
928.0907	69.340042
928.14154	66.878403
928.19238	66.212585
928.24316	67.640289
928.29401	68.233513
928.34485	67.069771
928.39569	68.60154
928.44653	70.823883
928.49738	72.233543
928.54822	65.019547
928.599	58.552494
928.64984	56.491062
928.70068	60.612167
928.75153	60.91848
928.80237	63.020718
928.85321	65.731194
928.90405	63.174534
928.95483	65.918724
929.00568	64.74556
929.05652	62.624691
929.10736	63.423676
929.1582	61.67968
929.20905	58.186325
929.25989	61.171841
929.31067	60.141117
929.36151	59.389332
929.41235	60.0243
929.4632	57.901211
929.51404	64.365631
929.56488	61.957535
929.61572	62.350632
929.6665	65.045311
929.71735	64.874779
929.76819	67.87468
929.81903	62.414215
929.86987	65.619949
929.92072	64.554787
929.97156	61.613342
930.02234	57.439159
930.07318	55.2127
930.12402	60.198811
930.17487	60.878117
930.22571	64.423401
930.27655	67.121674
930.32739	63.080521
930.37817	66.913589
930.42902	68.912361
930.47986	68.572998
930.5307	62.421146
930.58154	57.329426
930.63239	61.22633
930.68323	64.281799
930.73401	63.987846
930.78485	67.998268
930.83569	68.351952
930.88654	61.787197
930.93738	67.814499
930.98822	66.015244
931.03906	66.233643
931.08984	61.285
931.14069	62.776134
931.19153	62.245499
931.24237	65.953575
931.29321	66.467728
931.34406	66.546021
931.3949	57.703362
931.44574	61.158672
931.49652	60.303623
931.54736	63.204853
931.59821	62.806999
931.64905	64.661827
931.69989	56.919273
931.75073	64.535225
931.80157	56.229637
931.85236	59.886963
931.9032	66.237259
931.95404	62.086506
932.00488	63.309715
932.05573	64.789894
932.10657	62.624519
932.15741	60.254749
932.20819	61.574551
932.25903	63.702675
932.30988	54.321888
932.36072	54.347599
932.41156	55.210289
932.4624	62.382915
932.51324	64.007286
932.56403	63.49279
932.61487	61.650677
932.66571	61.93309
932.71655	60.643837
932.7674	58.344013
932.81824	52.386116
932.86908	56.735668
932.91986	51.125282
932.9707	51.819435
933.02155	61.962112
933.07239	61.207546
933.12323	54.163315
933.17407	55.436783
933.22491	57.561264
933.2757	56.638241
933.32654	55.798725
933.37738	52.812408
933.42822	54.77676
933.47906	55.162548
933.52991	56.073402
933.58075	57.169781
933.63153	57.526661
933.68237	56.469284
933.73322	55.833874
933.78406	54.36319
933.8349	55.099606
933.88574	53.62616
933.93658	58.007622
933.98737	57.710434
934.03821	54.627472
934.08905	53.053368
934.13989	54.513054
934.19073	54.637669
934.24158	53.363186
934.29242	55.256523
934.3432	52.968124
934.39404	50.586285
934.44489	54.522755
934.49573	55.281399
934.54657	52.699959
934.59741	50.729118
934.64825	52.75272
934.69904	57.672779
934.74988	54.932121
934.80072	54.437672
934.85156	57.233746
934.9024	54.600784
934.95325	50.809402
935.00409	54.225361
935.05487	54.664585
935.10571	51.358299
935.15656	51.216438
935.2074	53.644176
935.25824	50.511158
935.30908	50.210411
935.35992	48.791203
935.41071	50.317646
935.46155	55.959461
935.51239	53.749779
935.56323	52.39674
935.61407	55.899097
935.66492	52.829895
935.71576	49.931515
935.7666	51.193108
935.81738	53.489151
935.86823	51.925949
935.91907	51.137505
935.96991	52.371063
936.02075	47.162155
936.07159	45.257053
936.12244	44.675789
936.17322	50.028652
936.22406	49.733776
936.2749	51.455894
936.32574	49.217781
936.37659	51.855186
936.42743	48.933941
936.47827	53.328548
936.52905	50.716919
936.5799	38.298073
936.63074	48.051205
936.68158	50.559727
936.73242	47.486519
936.78326	54.623039
936.83411	48.108311
936.88489	52.192303
936.93573	52.831821
936.98657	49.321873
937.03741	49.011353
937.08826	45.120834
937.1391	51.483631
937.18994	45.112049
937.24072	46.924938
937.29156	50.570065
937.34241	50.381268
937.39325	53.889225
937.44409	49.558033
937.49493	50.922268
937.54578	49.969898
937.59656	48.761543
937.6474	55.373764
937.69824	52.551956
937.74908	52.35405
937.79993	50.397087
937.85077	50.19006
937.90161	49.145512
937.95239	50.130184
938.00323	48.026901
938.05408	47.648548
938.10492	48.107571
938.15576	50.669811
938.2066	53.856369
938.25745	55.650486
938.30823	53.631149
938.35907	45.954998
938.40991	46.722466
938.46075	50.048672
938.5116	53.223873
938.56244	53.18256
938.61328	51.477303
938.66406	52.233807
938.7149	51.560188
938.76575	50.507595
938.81659	48.155796
938.86743	46.112888
938.91827	46.225914
938.96912	45.208046
939.0199	44.474255
939.07074	46.185452
939.12158	49.308292
939.17242	50.185291
939.22327	50.721649
939.27411	50.427059
939.32495	49.830566
939.37573	47.865864
939.42657	51.886616
939.47742	49.229687
939.52826	47.632175
939.5791	42.50708
939.62994	47.125374
939.68079	49
939.73163	46.591755
939.78241	47.697403
939.83325	47.855572
939.88409	47.668388
939.93494	47.071316
939.98578	47.822788
940.03662	42.885555
940.08746	50.702404
940.13824	49.752869
940.18909	48.043304
940.23993	47.688942
940.29077	45.218048
940.34161	45.240856
940.39246	47.145538
940.4433	49.857716
940.49408	48.826866
940.54492	49.506748
940.59576	46.791592
940.64661	51.215591
940.69745	49.622307
940.74829	44.790817
940.79913	48.945232
940.84991	46.113647
940.90076	48.16264
940.9516	44.438297
941.00244	47.284885
941.05328	46.898575
941.10413	46.52887
941.15497	47.114563
941.20575	43.19796
941.25659	48.035995
941.30743	40.84724
941.35828	48.332699
941.40912	50.92511
941.45996	45.331707
941.5108	45.247265
941.56158	45.086853
941.61243	45.990189
941.66327	51.431969
941.71411	50.87986
941.76495	42.590973
941.8158	41.428467
941.86664	44.885735
941.91742	47.445679
941.96826	51.366257
942.0191	50.120708
942.06995	43.721165
942.12079	42.962223
942.17163	45.449505
942.22247	47.992924
942.27325	48.122562
942.3241	48.444382
942.37494	49.435295
942.42578	48.362175
942.47662	44.875416
942.52747	47.11422
942.57831	45.205067
942.62909	45.192127
942.67993	47.173805
942.73077	46.892914
942.78162	47.443901
942.83246	47.289238
942.8833	51.836132
942.93414	47.88036
942.98492	45.789227
943.03577	48.74136
943.08661	47.702255
943.13745	43.45285
943.18829	48.368057
943.23914	47.205616
943.28998	46.668243
943.34076	44.751911
943.3916	49.910324
943.44244	49.61026
943.49329	47.2131
943.54413	46.144894
943.59497	46.608673
943.64581	51.742779
943.69659	45.333271
943.74744	48.308727
943.79828	47.025452
943.84912	46.971493
943.89996	46.096756
943.95081	54.021687
944.00165	44.733559
944.05249	46.594913
944.10327	42.902382
944.15411	43.717598
944.20496	48.940453
944.2558	43.767189
944.30664	51.914261
944.35748	47.156929
944.40833	51.897038
944.45911	49.383987
944.50995	44.058598
944.56079	48.065651
944.61163	48.332855
944.66248	44.88998
944.71332	47.179482
944.76416	53.692375
944.81494	45.639965
944.86578	44.438236
944.91663	48.167465
944.96747	48.786537
945.01831	45.731865
945.06915	50.846394
945.12	47.245258
945.17078	47.151871
945.22162	44.539051
945.27246	45.948048
945.3233	50.440033
945.37415	48.553753
945.42499	46.58017
945.47583	47.743164
945.52661	46.297958
945.57745	43.743164
945.6283	45.307148
945.67914	47.337929
945.72998	48.001579
945.78082	50.723171
945.83167	51.999996
945.88245	51.999996
945.93329	52.355404
945.98413	49.784569
946.03497	46.366131
946.08582	48.088844
946.13666	48.388905
946.1875	47.55127
946.23828	44.457394
946.28912	45.809914
946.33997	47.108433
946.39081	46
946.44165	44.74868
946.49249	44
946.54333	44
946.59412	46.678581
946.64496	47.315716
946.6958	50.49688
946.74664	45.3908
946.79749	44.201378
946.84833	45.678982
946.89917	42.204346
946.94995	43.322937
947.00079	47.944126
947.05164	46.587872
947.10248	45.18148
947.15332	46.667549
947.20416	35.110516
947.255	53.506275
947.30579	40.268307
947.35663	45.155636
947.40747	51.219509
947.45831	48.046425
947.50916	45.863842
947.56	44.789192
947.61084	40.865601
947.66162	41.98098
947.71246	43.741634
947.76331	42.072983
947.81415	46.751701
947.86499	38.93705
947.91583	43.532875
947.96667	51.235554
948.01752	45.158195
948.0683	46.212025
948.11914	41.531017
948.16998	40.238831
948.22083	42.539227
948.27167	46.833092
948.32251	46
948.37335	45.751324
948.42413	45.224625
948.47498	46.771191
948.52582	46.914394
948.57666	49.290359
948.6275	46.828373
948.67834	45.852795
948.72919	48.856709
948.77997	45.525684
948.83081	47.481213
948.88165	43.589561
948.9325	42.745888
948.98334	48.526596
949.03418	51.700409
949.08502	47.256104
949.1358	42.993629
949.18665	44.55835
949.23749	47.743164
949.28833	48.695984
949.33917	46.299965
949.39001	43.380833
949.44086	44.522835
949.49164	42.166733
949.54248	39.743164
949.59332	44.453526
949.64417	47.849506
949.69501	44.134583
949.74585	40.050892
949.79669	43.432068
949.84747	42.105545
949.89832	42.487522
949.94916	40.517693
950	44.570797
