700	100.74731
700.05084	102.61211
700.10168	106.16496
700.15253	102.70758
700.20331	97.086098
700.25415	113.93225
700.30499	112.25376
700.35583	98.542755
700.40668	114.55243
700.45752	116.51876
700.50836	100.80583
700.55914	104.84444
700.60999	103.59688
700.66083	109.54891
700.71167	101.34138
700.76251	113.07164
700.81335	118.46073
700.8642	112.96097
700.91498	102.69595
700.96582	109.72074
701.01666	112.33254
701.0675	106.15941
701.11835	106.45015
701.16919	112.7257
701.22003	122.32198
701.27081	119.90711
701.32166	107.3401
701.3725	100.91871
701.42334	104.73808
701.47418	115.57966
701.52502	117.42769
701.57587	116.62618
701.62665	111.51642
701.67749	111.86269
701.72833	119.12448
701.77917	114.7001
701.83002	117.44754
701.88086	116.07823
701.9317	106.98417
701.98248	107.23763
702.03333	112.3135
702.08417	111.94823
702.13501	106.52052
702.18585	109.27183
702.23669	112.39677
702.28754	111.52052
702.33838	109.45621
702.38916	106.18584
702.44	114.1667
702.49084	121.40139
702.54169	103.98286
702.59253	102.40368
702.64337	108.23744
702.69421	111.64366
702.745	114.64256
702.79584	121.43036
702.84668	116.41468
702.89752	116.28601
702.94836	109.52126
702.99921	112
703.05005	111.29531
703.10083	106.32032
703.15167	103.12961
703.20251	115.69762
703.25336	107.59505
703.3042	108.95164
703.35504	116.04079
703.40588	116.6746
703.45667	104.08135
703.50751	113.9108
703.55835	111.58126
703.60919	109.60325
703.66003	123.64652
703.71088	124.03856
703.76172	112.65459
703.8125	117.3017
703.86334	104.43427
703.91418	120.98468
703.96503	122.75173
704.01587	105.98034
704.06671	112.63031
704.11755	110.64843
704.16833	114.18552
704.21918	124.26221
704.27002	120.6837
704.32086	109.04536
704.3717	103.7252
704.42255	107.17232
704.47339	115.11364
704.52417	122.32164
704.57501	125.8138
704.62585	119.89083
704.6767	123.98195
704.72754	117.95747
704.77838	114.28733
704.82922	118.12989
704.88	123.12649
704.93085	116.39417
704.98169	117.58403
705.03253	118.25472
705.08337	112.65665
705.13422	119.27367
705.18506	119.62376
705.23584	119.8707
705.28668	122.16622
705.33752	116.31129
705.38837	114.13387
705.43921	113.69814
705.49005	112.7683
705.54089	112.37397
705.59167	113.10074
705.64252	112.96558
705.69336	124.92027
705.7442	118.67818
705.79504	113.80663
705.84589	116.18736
705.89673	110.64706
705.94751	107.77943
705.99835	113.45445
706.04919	110.1552
706.10004	117.9274
706.15088	128.12956
706.20172	113.80915
706.25256	112.74676
706.30341	114.03879
706.35419	111.25198
706.40503	130.12549
706.45587	117.83855
706.50671	123.74217
706.55756	116.12405
706.6084	123.52355
706.65924	127.46056
706.71002	114.41515
706.76086	115.4499
706.81171	113.15949
706.86255	126.37212
706.91339	115.75317
706.96423	128.28868
707.01508	122.13659
707.06586	113.27819
707.1167	103.58749
707.16754	110.68289
707.21838	121.81427
707.26923	126.7948
707.32007	115.44353
707.37091	113.92163
707.42169	119.00048
707.47253	116.86586
707.52338	116.23571
707.57422	118.6189
707.62506	119.84836
707.6759	118.34371
707.72675	121.43409
707.77753	120.9744
707.82837	114.8518
707.87921	115.63038
707.93005	120.07474
707.9809	115.78455
708.03174	113.75196
708.08258	118.23116
708.13336	120.24652
708.1842	117.20183
708.23505	120.69697
708.28589	124.60402
708.33673	119.21922
708.38757	118.02396
708.43842	118.56767
708.4892	116.63293
708.54004	119.92368
708.59088	121.209
708.64172	120.11221
708.69257	122.39344
708.74341	120.21439
708.79425	121.73714
708.84503	118.92194
708.89587	121.87473
708.94672	125.38085
708.99756	127.69353
709.0484	126.58341
709.09924	133.37137
709.15009	131.01917
709.20087	135.52754
709.25171	129.49861
709.30255	120.43302
709.35339	120.0793
709.40424	123.45479
709.45508	141.03186
709.50592	132.83044
709.5567	123.54354
709.60754	129.26384
709.65839	131.97775
709.70923	124.07674
709.76007	135.82697
709.81091	130.1837
709.86176	143.97588
709.91254	128.27487
709.96338	131.86835
710.01422	134.40073
710.06506	124.66487
710.11591	115.71037
710.16675	124.06406
710.21759	129.91759
710.26837	123.93189
710.31921	135.49489
710.37006	128.22807
710.4209	131.06856
710.47174	133.62897
710.52258	131.60092
710.57343	131
710.62427	132.93692
710.67505	124.08479
710.72589	126.16725
710.77673	128
710.82758	125.53688
710.87842	137.32643
710.92926	130.47812
710.9801	121.52495
711.03088	123.23663
711.08173	132.28487
711.13257	139.90158
711.18341	134.48712
711.23425	126.58673
711.2851	127.08142
711.33594	132.07201
711.38672	132.07321
711.43756	130.80101
711.4884	139.70667
711.53925	139.0802
711.59009	131.23267
711.64093	130.37798
711.69177	130.32477
711.74255	128.59789
711.7934	126.67146
711.84424	130.18755
711.89508	133.30054
711.94592	134.35416
711.99677	124.10393
712.04761	125.9812
712.09839	136.16701
712.14923	140.82327
712.20007	134.85559
712.25092	134.80711
712.30176	131.71642
712.3526	124.46259
712.40344	133.60927
712.45422	133.35789
712.50507	129.60968
712.55591	145.07077
712.60675	150.32713
712.65759	136.25499
712.70844	138.13229
712.75928	140.42149
712.81006	134.19342
712.8609	139.81401
712.91174	144.97304
712.96259	130.31602
713.01343	134.31674
713.06427	138.53758
713.11511	129.86263
713.16589	139.41206
713.21674	134.00772
713.26758	135.50636
713.31842	138.91628
713.36926	133.7384
713.4201	134.46613
713.47095	123.34792
713.52173	150.01492
713.57257	146.20712
713.62341	145.05864
713.67426	139.34486
713.7251	136.35739
713.77594	145.28001
713.82678	140.79898
713.87756	141.14951
713.92841	145.10379
713.97925	130.29274
714.03009	131.79677
714.08093	137.30164
714.13177	132.58725
714.18262	136.33722
714.2334	137.09547
714.28424	137.55312
714.33508	143.13939
714.38593	143.83475
714.43677	148.88821
714.48761	151.69328
714.53845	146.81937
714.58929	140.65454
714.64008	138.80627
714.69092	138.41859
714.74176	143.10152
714.7926	132.92853
714.84344	137.67056
714.89429	148.37463
714.94513	141.44255
714.99591	143.46262
715.04675	144.71443
715.0976	136.94774
715.14844	134.23528
715.19928	136.71094
715.25012	139.72359
715.30096	142.45369
715.35175	149.15503
715.40259	148.49402
715.45343	136.95554
715.50427	138.15022
715.55511	148.18321
715.60596	145.09349
715.6568	141.70317
715.70758	144.48279
715.75842	147.7498
715.80927	155.73349
715.86011	140.91495
715.91095	153.3475
715.96179	151.65399
716.01263	137.66455
716.06342	140.15004
716.11426	132.6071
716.1651	132.00272
716.21594	129.36891
716.26678	143.00146
716.31763	144.50388
716.36847	135.65163
716.41925	148.38022
716.47009	142.14912
716.52094	138.20276
716.57178	141.47772
716.62262	149.70357
716.67346	142.59579
716.7243	145.50275
716.77509	144.00461
716.82593	139.08147
716.87677	142.87663
716.92761	149.23178
716.97845	151.40291
717.0293	145.96069
717.08014	150.52409
717.13092	134.39284
717.18176	148.45338
717.2326	143.96443
717.28345	139.57063
717.33429	128.87474
717.38513	137.38437
717.43597	152.96423
717.48676	152.79427
717.5376	145.69762
717.58844	136.26518
717.63928	148.0721
717.69012	139.44301
717.74097	126.21429
717.79181	136.65005
717.84259	152.92937
717.89343	141.97151
717.94427	146.50961
717.99512	156.63995
718.04596	153.8076
718.0968	141.79613
718.14764	148.00572
718.19843	157.74693
718.24927	152.08006
718.30011	149.90086
718.35095	151.72847
718.40179	147.09752
718.45264	143.23972
718.50348	145.37529
718.55426	152.88062
718.6051	154.01532
718.65594	144.66849
718.70679	146.53159
718.75763	148.14955
718.80847	147.53603
718.85931	157.22377
718.91016	151.89597
718.96094	145.41492
719.01178	148.68604
719.06262	155.02177
719.11346	158.54176
719.16431	150.4756
719.21515	152.69498
719.26599	157.00261
719.31677	152.20349
719.36761	157.29184
719.41846	148.96028
719.4693	151.64909
719.52014	163.13185
719.57098	162.32095
719.62183	155.57588
719.67261	148.71715
719.72345	159.21831
719.77429	154.8412
719.82513	158.52051
719.87598	160.97122
719.92682	171.10161
719.97766	155.90971
720.02844	168.40239
720.07928	166.47334
720.13013	156.60736
720.18097	148.72658
720.23181	162.77553
720.28265	159.13612
720.3335	152.28395
720.38428	159.25229
720.43512	149.36913
720.48596	179.4881
720.5368	156.34593
720.58765	149.19676
720.63849	164.83475
720.68933	165.52052
720.74011	157.58205
720.79095	151.96825
720.8418	165.52769
720.89264	159.86812
720.94348	164.73235
720.99432	165.52051
721.04517	155.29089
721.09595	178.25575
721.14679	163.18404
721.19763	174.04355
721.24847	161.52429
721.29932	165.76418
721.35016	160.67001
721.401	158.52051
721.45178	158.13152
721.50262	161.31908
721.55347	172.23689
721.60431	172.83109
721.65515	166.98975
721.70599	161.59097
721.75684	155.66905
721.80762	161.03966
721.85846	169.83092
721.9093	163.07967
721.96014	167.67169
722.01099	172.19009
722.06183	162.73479
722.11267	166.23154
722.16345	167.92186
722.21429	161.53021
722.26514	157.62439
722.31598	163.10825
722.36682	171.81551
722.41766	170.00378
722.46851	168.43359
722.51929	175.73878
722.57013	175.00568
722.62097	164.4184
722.67181	166.74855
722.72266	174.67635
722.7735	177.61218
722.82434	178.95302
722.87512	168.74796
722.92596	166.11646
722.97681	174.98657
723.02765	182.48923
723.07849	183.51385
723.12933	182.87955
723.18018	176.22534
723.23102	179.40454
723.2818	172.61073
723.33264	177.69701
723.38348	171.78697
723.43433	170.80717
723.48517	153.82599
723.53601	163.36398
723.58685	168.36057
723.63763	162.38351
723.68848	164.09344
723.73932	165.85728
723.79016	171.97878
723.841	170.91513
723.89185	182.06543
723.94269	178.65199
723.99347	177.29924
724.04431	186.27858
724.09515	166.03117
724.146	189.77074
724.19684	185.52786
724.24768	168.44267
724.29852	178.80391
724.3493	172.37878
724.40015	195.92735
724.45099	175.72682
724.50183	159.36504
724.55267	178.81612
724.60352	190.96182
724.65436	183.05963
724.70514	183.4483
724.75598	190.84503
724.80682	178.87383
724.85767	177.9478
724.90851	162.18028
724.95935	176.44669
725.01019	177.29355
725.06097	170.70979
725.11182	175.71922
725.16266	177.81653
725.2135	185.23872
725.26434	181.86777
725.31519	173.50194
725.36603	176.12071
725.41681	177.88214
725.46765	183.19374
725.51849	171.51491
725.56934	176.56554
725.62018	172.76253
725.67102	168.82747
725.72186	163.40047
725.77264	175.04018
725.82349	182.99799
725.87433	188.02934
725.92517	191.78429
725.97601	183.52278
726.02686	176.78514
726.0777	180.16637
726.12848	177.75331
726.17932	182.28735
726.23016	186.55429
726.28101	186.37689
726.33185	186.98582
726.38269	187.0435
726.43353	182.14697
726.48431	183.97952
726.53516	191.00002
726.586	190.05185
726.63684	190.84738
726.68768	189.85271
726.73853	188.18951
726.78937	185.88393
726.84015	182.72697
726.89099	194.63922
726.94183	196.52475
726.99268	187.01933
727.04352	193.82809
727.09436	193.10445
727.1452	186.68382
727.19604	194.76521
727.24683	203.9055
727.29767	194
727.34851	195.62399
727.39935	196.98302
727.4502	190.37996
727.50104	195.04935
727.55188	206.3168
727.60266	196.98949
727.6535	197.85101
727.70435	194.14513
727.75519	192.58089
727.80603	203.24684
727.85687	188.75427
727.90771	196.75827
727.9585	195.44131
728.00934	195.63252
728.06018	200.54324
728.11102	206.12076
728.16187	197.8705
728.21271	215.90106
728.26355	196.73906
728.31433	209.57277
728.36517	197.28932
728.41602	201.58879
728.46686	192.6721
728.5177	184.12494
728.56854	210.35077
728.61938	195.53351
728.67017	217.73083
728.72101	219.95161
728.77185	215.67853
728.82269	219.33064
728.87354	203.51636
728.92438	187.15044
728.97522	200.25117
729.026	207.3978
729.07684	203.09618
729.12769	198.98547
729.17853	219.44048
729.22937	215.63687
729.28021	206.43381
729.33105	204.16266
729.38184	199.86952
729.43268	205.93629
729.48352	215.54843
729.53436	216.31667
729.58521	212.881
729.63605	208.15784
729.68689	216.0885
729.73767	219
729.78851	210.9252
729.83936	201.86922
729.8902	207.35204
729.94104	209.45605
729.99188	202.11346
730.04272	200.70789
730.09351	209.17204
730.14435	215.61884
730.19519	218.62128
730.24603	216.66273
730.29688	218.42891
730.34772	215.64
730.39856	206.22614
730.44934	210.21466
730.50018	220.90529
730.55103	220.00334
730.60187	217.0741
730.65271	214.26532
730.70355	209.12083
730.75439	210.38565
730.80518	210.47148
730.85602	206.26753
730.90686	217.4044
730.9577	228.84827
731.00854	229.09724
731.05939	232.64343
731.11023	222.95433
731.16101	213.10114
731.21185	217.88234
731.2627	221.29924
731.31354	226.32771
731.36438	224.70586
731.41522	218.43678
731.46606	210.4359
731.51691	213.40031
731.56769	221.66544
731.61853	241.35623
731.66937	228.87691
731.72021	222.79794
731.77106	226.50957
731.8219	218.76003
731.87274	241.62434
731.92352	240.14415
731.97437	234.98604
732.02521	249.80995
732.07605	233.27516
732.12689	236.73232
732.17773	231.77876
732.22858	228.89561
732.27936	250.91704
732.3302	246.28552
732.38104	242.06908
732.43188	236.34171
732.48273	235.7885
732.53357	246.89737
732.58441	240.63434
732.63519	240.3723
732.68604	219.31033
732.73688	227.7803
732.78772	228.76031
732.83856	227.95305
732.8894	238.22762
732.94025	241.9299
732.99103	240.32681
733.04187	241.73653
733.09271	236.38693
733.14355	255.77393
733.1944	237.11639
733.24524	243.57263
733.29608	253.104
733.34686	221.57707
733.39771	229.5876
733.44855	247.13739
733.49939	239.92033
733.55023	230.72874
733.60107	238.56564
733.65192	247.61699
733.7027	254.53767
733.75354	237.08015
733.80438	234.33528
733.85522	246.52223
733.90607	260.17447
733.95691	241.15152
734.00775	251.7373
734.05853	248.1498
734.10938	225.18901
734.16022	238.00325
734.21106	241.26282
734.2619	255.28055
734.31274	245.40652
734.36359	245.55882
734.41437	248.94533
734.46521	253.12082
734.51605	257.83499
734.56689	257.88214
734.61774	257.07297
734.66858	256.12442
734.71942	252.95284
734.7702	240.69
734.82104	260.15891
734.87189	264.83554
734.92273	256.07843
734.97357	268.18539
735.02441	259.81216
735.07526	255.39714
735.12604	262.59952
735.17688	261.94833
735.22772	263.45218
735.27856	268.57825
735.32941	262.62958
735.38025	257.13284
735.43109	268.11688
735.48193	258.9903
735.53271	254.70023
735.58356	263.59341
735.6344	260.85562
735.68524	269.7507
735.73608	271.55435
735.78693	258.12747
735.83777	262.30261
735.88855	268.37027
735.93939	267.8219
735.99023	272.86475
736.04108	268.45917
736.09192	262.93054
736.14276	266.40015
736.1936	270.77151
736.24438	267.76016
736.29523	270.02432
736.34607	271.17322
736.39691	279.36005
736.44775	281.79916
736.4986	287.57016
736.54944	271.03287
736.60022	279.78433
736.65106	288.53018
736.7019	292.09137
736.75275	280.23212
736.80359	286.25641
736.85443	279.00684
736.90527	284.54013
736.95605	292.5462
737.0069	280.9375
737.05774	277.67136
737.10858	283.47943
737.15942	287.0842
737.21027	282.91849
737.26111	278.40958
737.31189	288.13699
737.36273	301.07239
737.41357	302.59976
737.46442	290.7135
737.51526	287.93756
737.5661	289.60977
737.61694	291.14664
737.66772	277.43524
737.71857	271.73416
737.76941	273.69684
737.82025	285.11276
737.87109	281.01016
737.92194	285.5174
737.97278	284.73697
738.02356	288.02002
738.0744	301.18201
738.12524	297.7457
738.17609	305.45673
738.22693	288.76337
738.27777	303.86499
738.32861	307.93579
738.37939	298.15701
738.43024	309.04285
738.48108	310.30701
738.53192	314.59518
738.58276	309.19678
738.63361	295.36093
738.68445	304.49579
738.73523	305.00867
738.78607	308.1145
738.83691	298.44205
738.88776	307.38049
738.9386	312.65295
738.98944	300.6951
739.04028	297.93539
739.09106	302.54251
739.14191	320.81522
739.19275	318.53058
739.24359	308.10684
739.29443	305.19958
739.34528	310.29144
739.39612	321.7276
739.4469	306.33264
739.49774	304.91928
739.54858	313.23312
739.59943	317.36673
739.65027	314.02142
739.70111	315.65826
739.75195	320.54031
739.8028	309.61926
739.85358	307.42508
739.90442	309.03568
739.95526	316.64478
740.0061	322.68457
740.05695	326.65286
740.10779	318.04013
740.15863	311.80209
740.20941	309.76651
740.26025	328.09192
740.3111	323.33255
740.36194	314.71915
740.41278	327.12708
740.46362	324.96228
740.51447	326.22614
740.56525	329.48087
740.61609	318.39066
740.66693	321.36172
740.71777	335.6449
740.76862	339.81973
740.81946	330.15567
740.8703	326.72073
740.92108	334.44818
740.97192	338.08014
741.02277	340.72162
741.07361	343.8678
741.12445	331.9599
741.17529	341.39362
741.22614	347.04617
741.27692	344.97183
741.32776	338.65884
741.3786	340.51801
741.42944	342.69165
741.48029	343.5712
741.53113	337.0513
741.58197	347.43787
741.63275	339.47177
741.68359	346.62292
741.73444	350.74606
741.78528	359.25009
741.83612	347.5856
741.88696	344.29614
741.93781	334.99942
741.98859	348.49911
742.03943	355.29996
742.09027	351.55441
742.14111	358.75525
742.19196	344.29169
742.2428	355.74698
742.29364	362.974
742.34442	348.32883
742.39526	362.84409
742.44611	354.15408
742.49695	362.83835
742.54779	339.42694
742.59863	353.87119
742.64948	353.97797
742.70026	355.46121
742.7511	361.00778
742.80194	353.41599
742.85278	366.94266
742.90363	361.66833
742.95447	375.26471
743.00531	363.83133
743.05609	372.30188
743.10693	369.66232
743.15778	370.12378
743.20862	361.66757
743.25946	379.98944
743.3103	374.00497
743.36115	370.90613
743.41193	376.21985
743.46277	380.83435
743.51361	386.64615
743.56445	381.3056
743.6153	381.58401
743.66614	387.41962
743.71698	386.92343
743.76782	389.97546
743.8186	378.28143
743.86945	361.20383
743.92029	376.02615
743.97113	372.71881
744.02197	382.49948
744.07281	401.02393
744.12366	391.02795
744.17444	402.85779
744.22528	405.59781
744.27612	401.66565
744.32697	397.0799
744.37781	388.50641
744.42865	395.03506
744.47949	399.28183
744.53027	418.40332
744.58112	404.8588
744.63196	403.8042
744.6828	401.94791
744.73364	402.22485
744.78448	404.41916
744.83533	403.31213
744.88611	421.60233
744.93695	419.96524
744.98779	410.55249
745.03864	406.63495
745.08948	397.21237
745.14032	409.39319
745.19116	419.66678
745.24194	410.15396
745.29279	421.95602
745.34363	419.29935
745.39447	420.35797
745.44531	421.77237
745.49615	428.39868
745.547	424.67902
745.59778	427.28195
745.64862	424.92975
745.69946	436.65402
745.75031	431.03156
745.80115	445.31354
745.85199	447.0264
745.90283	445.52286
745.95361	420.76779
746.00446	431.92606
746.0553	428.42316
746.10614	444.38812
746.15698	445.28519
746.20782	418.10629
746.25867	430.12503
746.30945	435.94113
746.36029	436.25055
746.41113	443.43713
746.46198	437.53522
746.51282	441.27396
746.56366	438.87949
746.6145	442.66693
746.66528	439.20184
746.71613	429.56259
746.76697	464.70059
746.81781	443.23715
746.86865	455.76382
746.91949	457.29169
746.97034	444.66745
747.02112	444.71646
747.07196	455.2009
747.1228	467.81107
747.17365	455.32446
747.22449	455.50098
747.27533	461.45557
747.32617	456.76025
747.37695	456.26852
747.4278	466.54974
747.47864	473.24493
747.52948	459.22708
747.58032	468.59592
747.63116	493.08215
747.68201	484.49896
747.73279	479.85895
747.78363	475.61938
747.83447	472.39825
747.88531	476.18344
747.93616	487.08319
747.987	486.82617
748.03784	468.95728
748.08868	480.60443
748.13947	468.68347
748.19031	477.80182
748.24115	490.17746
748.29199	493.21228
748.34283	489.22971
748.39368	476.20822
748.44452	493.07364
748.4953	488.91409
748.54614	481.16229
748.59698	483.85709
748.64783	476.25842
748.69867	477.05148
748.74951	489.08713
748.80035	505.11215
748.85114	503.14825
748.90198	499.04993
748.95282	490.53815
749.00366	487.91629
749.0545	502.01532
749.10535	499.88501
749.15619	503.84235
749.20697	521.30109
749.25781	509.64099
749.30865	491.60941
749.3595	495.16827
749.41034	502.38257
749.46118	509.32132
749.51202	512.84668
749.56281	518.58923
749.61365	504.39615
749.66449	495.41608
749.71533	514.51495
749.76617	520.15875
749.81702	514.52521
749.86786	513.70526
749.91864	531.79773
749.96948	536.12555
750.02032	547.8324
750.07117	528.29407
750.12201	530.80957
750.17285	551.91321
750.22369	534.33734
750.27448	537.2597
750.32532	543.9696
750.37616	510.90225
750.427	549.50439
750.47784	526.02228
750.52869	519.67798
750.57953	540.19891
750.63031	569.03479
750.68115	554.29602
750.73199	557.46802
750.78284	560.32019
750.83368	559.48883
750.88452	568.77692
750.93536	582.12354
750.98615	550.73712
751.03699	575.4964
751.08783	539.06311
751.13867	557.10632
751.18951	550.5741
751.24036	551.66278
751.2912	554.29089
751.34198	544.35773
751.39282	571.20258
751.44366	562.48138
751.49451	571.80902
751.54535	541.617
751.59619	567.06714
751.64703	563.09442
751.69781	561.04675
751.74866	560.50232
751.7995	559.70715
751.85034	589.79236
751.90118	599.12756
751.95203	588.86749
752.00287	577.79761
752.05365	580.40588
752.10449	597.95801
752.15533	610.37054
752.20618	598.82843
752.25702	581.39185
752.30786	602.51855
752.3587	612.99725
752.40955	627.16821
752.46033	585.58331
752.51117	594.50885
752.56201	610.77264
752.61285	589.77185
752.6637	599.4234
752.71454	626.46289
752.76538	591.91974
752.81616	590.2229
752.867	608.01361
752.91785	619.81439
752.96869	620.37323
753.01953	620.14246
753.07037	621.10535
753.12122	605.30719
753.172	615.77905
753.22284	612.0611
753.27368	620.92523
753.32452	627.97534
753.37537	638.88416
753.42621	641.84259
753.47705	643.49481
753.52783	660.99731
753.57867	636.6073
753.62952	623.65686
753.68036	639.63995
753.7312	657.70209
753.78204	660.16858
753.83289	639.75
753.88367	656.81561
753.93451	674.35919
753.98535	657.35321
754.03619	644.43677
754.08704	652.67206
754.13788	657.1145
754.18872	645.73853
754.2395	653.60498
754.29034	671.63434
754.34119	673.58856
754.39203	675.28479
754.44287	648.651
754.49371	643.25195
754.54456	649.16412
754.59534	689.06329
754.64618	685.90289
754.69702	648.00391
754.74786	676.94073
754.79871	686.72156
754.84955	698.74707
754.90039	681.31024
754.95117	659.80176
755.00201	690.12183
755.05286	707.46777
755.1037	706.8869
755.15454	692.15039
755.20538	700.10571
755.25623	680.13727
755.30701	694.74207
755.35785	692.41205
755.40869	697.00043
755.45953	655.31421
755.51038	695.62164
755.56122	684.36182
755.61206	699.81586
755.66284	704.79114
755.71368	702.05298
755.76453	705.9325
755.81537	689.73279
755.86621	730.84161
755.91705	703.36072
755.9679	697.78674
756.01868	733.82037
756.06952	725.54108
756.12036	715.71155
756.1712	708.55383
756.22205	727.55188
756.27289	687.33472
756.32373	725.23499
756.37457	729.95349
756.42535	770.23969
756.4762	782.65918
756.52704	741.59692
756.57788	767.6377
756.62872	729.59814
756.67957	741.28918
756.73041	773.74518
756.78119	752.43134
756.83203	744.58221
756.88287	756.57715
756.93372	725.08234
756.98456	768.75519
757.0354	769.80872
757.08624	775.03656
757.13702	752.35815
757.18787	767.44928
757.23871	736.15466
757.28955	764.76398
757.34039	747.55585
757.39124	731.71912
757.44208	773.16882
757.49286	781.68994
757.5437	799.73126
757.59454	776.65491
757.64539	761.96002
757.69623	745.88947
757.74707	765.63702
757.79791	769.78589
757.84869	759.34961
757.89954	773.93762
757.95038	795.16931
758.00122	822.18353
758.05206	771.15027
758.10291	783.84918
758.15375	815.0719
758.20453	796.4881
758.25537	814.15149
758.30621	790.74847
758.35706	795.24243
758.4079	787.52917
758.45874	791.0191
758.50958	808.61096
758.56036	818.53375
758.61121	803.14948
758.66205	792.45471
758.71289	803.80444
758.76373	824.78748
758.81458	823.37421
758.86542	815.10126
758.9162	819.79346
758.96704	817.66785
759.01788	824.53937
759.06873	816.57135
759.11957	808.26227
759.17041	826.96814
759.22125	841.54077
759.27203	845.17938
759.32288	831.72028
759.37372	841.30603
759.42456	859.62952
759.4754	840.33807
759.52625	846.3808
759.57709	848.37653
759.62787	843.17828
759.67871	859.37048
759.72955	836.26367
759.7804	846.65955
759.83124	877.91553
759.88208	867.08307
759.93292	832.82953
759.9837	831.32013
760.03455	832.47339
760.08539	826.46393
760.13623	843.55975
760.18707	845.3324
760.23792	863.61792
760.28876	856.75952
760.33954	847.72833
760.39038	825.37561
760.44122	847.43048
760.49207	838.77222
760.54291	862.50555
760.59375	908.57587
760.64459	908.41962
760.69543	899.26678
760.74622	905.97247
760.79706	907.10785
760.8479	908.50452
760.89874	887.21411
760.94958	892.57001
761.00043	921.18524
761.05127	901.24347
761.10205	890.9032
761.15289	910.21222
761.20374	936.81061
761.25458	920.00922
761.30542	897.71008
761.35626	901.66571
761.4071	931.47974
761.45789	896.35553
761.50873	925.66254
761.55957	921.45587
761.61041	911.73773
761.66125	943.62787
761.7121	939.48071
761.76294	964.52405
761.81372	922.56891
761.86456	958.96454
761.91541	938.10669
761.96625	958.15076
762.01709	908.30273
762.06793	939.45221
762.11877	957.80933
762.16956	946.41608
762.2204	965.26984
762.27124	902.48889
762.32208	953.427
762.37292	918.1499
762.42377	947.00482
762.47461	947.03998
762.52539	973.93036
762.57623	948.84375
762.62708	982.59656
762.67792	962.70935
762.72876	965.60626
762.7796	1028.9724
762.83044	991.55914
762.88123	997.76996
762.93207	985.01953
762.98291	984.79492
763.03375	982.61682
763.08459	985.73743
763.13544	1014.3755
763.18628	955.46936
763.23706	1013.1249
763.2879	989.49005
763.33875	977.90991
763.38959	1004.8766
763.44043	1022.3597
763.49127	985.03577
763.54211	970.49561
763.5929	1046.3425
763.64374	1016.2285
763.69458	1035.2639
763.74542	1015.1237
763.79626	1050.2018
763.84711	1029.5211
763.89795	1023.9479
763.94873	1067.1654
763.99957	1039.1865
764.05042	1027.6436
764.10126	1011.871
764.1521	1036.3733
764.20294	1027.0116
764.25378	1061.0546
764.30457	1066.3644
764.35541	1053.6323
764.40625	1065.3851
764.45709	1026.241
764.50793	1031.5884
764.55878	1015.2739
764.60962	1030.292
764.66046	1052.9952
764.71124	1059.412
764.76208	1049.2726
764.81293	1036.7709
764.86377	1057.121
764.91461	1080.9954
764.96545	1087.2078
765.0163	1089.2694
765.06708	1095.1211
765.11792	1073.0382
765.16876	1050.2053
765.2196	1073.8127
765.27045	1120.4242
765.32129	1131.6135
765.37213	1095.7164
765.42291	1097.1515
765.47375	1115.6749
765.5246	1106.0942
765.57544	1094.2848
765.62628	1102.2825
765.67712	1085.7621
765.72797	1102.4795
765.77875	1129.2991
765.82959	1116.6891
765.88043	1128.385
765.93127	1141.3892
765.98212	1153.292
766.03296	1120.5114
766.0838	1139.6913
766.13458	1173.3519
766.18542	1146.1471
766.23627	1147.4557
766.28711	1158.1616
766.33795	1156.2629
766.38879	1137.3804
766.43964	1163.5187
766.49042	1140.8262
766.54126	1124.6743
766.5921	1164.6438
766.64294	1148.6805
766.69379	1163.9611
766.74463	1155.8285
766.79547	1159.6918
766.84625	1175.9348
766.89709	1159.63
766.94794	1125.4487
766.99878	1168.2197
767.04962	1168.5801
767.10046	1203.1335
767.15131	1205.9716
767.20209	1168.5524
767.25293	1161.9373
767.30377	1181.2898
767.35461	1194.8981
767.40546	1220.078
767.4563	1235.9261
767.50714	1236.2368
767.55792	1230.332
767.60876	1225.875
767.65961	1231.7325
767.71045	1252.0416
767.76129	1225.3241
767.81213	1228.7
767.86298	1225.3002
767.91376	1228.496
767.9646	1224.9395
768.01544	1248.891
768.06628	1224.2725
768.11713	1261.3068
768.16797	1262.7047
768.21881	1226.6825
768.26959	1266.9672
768.32043	1245.0544
768.37128	1269.8885
768.42212	1230.2854
768.47296	1279.0715
768.5238	1219.1664
768.57465	1257.1766
768.62543	1312.5822
768.67627	1261.0851
768.72711	1314.1471
768.77795	1316.3593
768.8288	1280.5297
768.87964	1284.0289
768.93048	1302.3655
768.98132	1296.7477
769.0321	1337.4081
769.08295	1278.495
769.13379	1317.639
769.18463	1342.926
769.23547	1321.108
769.28632	1322.9624
769.33716	1308.7581
769.38794	1302.7959
769.43878	1295.5073
769.48962	1316.4236
769.54047	1317.4712
769.59131	1421.1145
769.64215	1363.8601
769.69299	1362.2316
769.74377	1354.1591
769.79462	1320.8754
769.84546	1335.8064
769.8963	1356.0632
769.94714	1376.3014
769.99799	1378.0846
770.04883	1379.365
770.09961	1358.6372
770.15045	1398.0905
770.20129	1342.5272
770.25214	1440.0189
770.30298	1412.1377
770.35382	1447.1082
770.40466	1426.1945
770.45544	1397.3174
770.50629	1429.5009
770.55713	1439.0476
770.60797	1424.9426
770.65881	1413.9177
770.70966	1434.3291
770.7605	1469.3153
770.81128	1472.2114
770.86212	1491.0582
770.91296	1443.7373
770.96381	1439.7251
771.01465	1407.2107
771.06549	1404.4419
771.11633	1454.5681
771.16711	1478.8711
771.21796	1496.4507
771.2688	1476.5991
771.31964	1458.8435
771.37048	1454.6638
771.42133	1430.7814
771.47217	1433.9153
771.52295	1482.3962
771.57379	1485.1697
771.62463	1496.2607
771.67548	1493.4827
771.72632	1507.6273
771.77716	1506.8137
771.828	1502.5157
771.87878	1487.2405
771.92963	1501.5046
771.98047	1493.8546
772.03131	1517.0156
772.08215	1541.3938
772.133	1543.436
772.18384	1533.451
772.23462	1539.6123
772.28546	1541.4127
772.3363	1564.5328
772.38715	1558.7333
772.43799	1559.4136
772.48883	1559.2418
772.53967	1568.4061
772.59045	1569.7449
772.6413	1557.4072
772.69214	1567.1636
772.74298	1568.4058
772.79382	1582.4241
772.84467	1588.3282
772.89551	1589.632
772.94635	1564.49
772.99713	1557.6072
773.04797	1630.6113
773.09882	1634.2427
773.14966	1603.0271
773.2005	1589.4343
773.25134	1614.5911
773.30219	1628.6975
773.35297	1628.9653
773.40381	1625.7332
773.45465	1606.1693
773.50549	1588.0908
773.55634	1588.7205
773.60718	1617.644
773.65802	1628.5645
773.7088	1665.576
773.75964	1641.0226
773.81049	1655.0266
773.86133	1619.0974
773.91217	1630.8097
773.96301	1646.3086
774.01385	1649.8823
774.06464	1662.3103
774.11548	1648.948
774.16632	1685.8481
774.21716	1691.8004
774.26801	1681.8
774.31885	1678.1442
774.36969	1696.4065
774.42047	1688.7986
774.47131	1664.5778
774.52216	1683.8284
774.573	1721.4875
774.62384	1727.248
774.67468	1722.3333
774.72552	1727.3695
774.77631	1687.6035
774.82715	1704.0283
774.87799	1700.5917
774.92883	1725.9468
774.97968	1703.8038
775.03052	1751.9095
775.08136	1721.2869
775.13214	1761.0687
775.18298	1754.2512
775.23383	1813.2257
775.28467	1774.0886
775.33551	1782.7224
775.38635	1752.9059
775.43719	1753.9059
775.48798	1798.3289
775.53882	1799.2332
775.58966	1819.8904
775.6405	1779.1625
775.69135	1767.1442
775.74219	1787.1682
775.79303	1771.4087
775.84381	1813.6908
775.89465	1862.1876
775.9455	1843.5839
775.99634	1795.9044
776.04718	1742.8198
776.09802	1774.7511
776.14886	1788.2194
776.19965	1782.0042
776.25049	1862.8214
776.30133	1853.999
776.35217	1820.416
776.40302	1744.2921
776.45386	1756.4089
776.5047	1802.0535
776.55548	1870.6285
776.60632	1873.889
776.65717	1881.3224
776.70801	1905.1418
776.75885	1886.6886
776.80969	1877.5933
776.86053	1857.797
776.91132	1907.1836
776.96216	1874.3074
777.013	1928.5563
777.06384	1900.1102
777.11469	1963.3868
777.16553	1919.8889
777.21637	1957.4332
777.26721	1931.8604
777.31799	1931.3583
777.36884	1962.2271
777.41968	1967.2897
777.47052	1961.7235
777.52136	1991.6802
777.5722	1947.944
777.62305	1919.7351
777.67383	1919.1644
777.72467	1951.6276
777.77551	1963.6693
777.82635	1938.2977
777.8772	2006.3795
777.92804	1995.0385
777.97888	1949.468
778.02966	1978.5663
778.08051	1970.8984
778.13135	2019.0867
778.18219	2004.2946
778.23303	1989.1226
778.28387	2001.2424
778.33472	2020.8688
778.3855	1986.334
778.43634	2027.5361
778.48718	2021.2485
778.53802	2022.0132
778.58887	1947.7618
778.63971	1960.7013
778.69055	1996.1095
778.74133	2063.0205
778.79218	2073.854
778.84302	2084.3188
778.89386	2068.8772
778.9447	2007.1765
778.99554	1972.5541
779.04639	2033.0039
779.09717	2097.1453
779.14801	2104.5867
779.19885	2155.7434
779.24969	2126.3335
779.30054	2146.9709
779.35138	2115.3069
779.40222	2095.3645
779.453	2109.9209
779.50385	2170.9226
779.55469	2171.9805
779.60553	2101.3813
779.65637	2101.3325
779.70721	2141.9265
779.75806	2201.9551
779.80884	2150.1667
779.85968	2180.3374
779.91052	2184.2979
779.96136	2165.7561
780.01221	2175.1013
780.06305	2189.2776
780.11389	2188.7546
780.16467	2182.5049
780.21552	2201.7795
780.26636	2200.0044
780.3172	2267.0076
780.36804	2253.4705
780.41888	2273.2439
780.46973	2260.9883
780.52051	2230.3435
780.57135	2170.5093
780.62219	2201.5771
780.67303	2218.792
780.72388	2229.1045
780.77472	2273.2534
780.82556	2306.9404
780.87634	2281.1438
780.92719	2266.0662
780.97803	2232.5229
781.02887	2255.4651
781.07971	2256.7048
781.13055	2212.8374
781.1814	2231.2532
781.23218	2252.0171
781.28302	2353.0713
781.33386	2366.5386
781.3847	2352.0757
781.43555	2314.8555
781.48639	2331.9087
781.53723	2254.5791
781.58807	2245.2542
781.63885	2285.1118
781.6897	2464.4949
781.74054	2372.7485
781.79138	2371.0313
781.84222	2362.5217
781.89307	2409.3538
781.94391	2437.7344
781.99469	2350.8738
782.04553	2376.8845
782.09637	2431.095
782.14722	2364.458
782.19806	2287.4951
782.2489	2426.2671
782.29974	2413.51
782.35052	2528.9524
782.40137	2411.7141
782.45221	2513.7888
782.50305	2448.2876
782.55389	2516.835
782.60474	2493.3213
782.65558	2503.6475
782.70636	2435.5881
782.7572	2431.4966
782.80804	2412.1509
782.85889	2441.6687
782.90973	2488.3931
782.96057	2478.1274
783.01141	2525.8367
783.06219	2512.2026
783.11304	2540.2976
783.16388	2327.7366
783.21472	2400.6821
783.26556	2443.3555
783.31641	2524.95
783.36725	2558.7961
783.41803	2579.5659
783.46887	2530.8362
783.51971	2513.446
783.57056	2479.7034
783.6214	2582.5256
783.67224	2533.1384
783.72308	2587.1877
783.77386	2579.8186
783.82471	2551.7573
783.87555	2610.5208
783.92639	2671.7817
783.97723	2662.0859
784.02808	2642.3586
784.07892	2656.3723
784.1297	2580.4675
784.18054	2562.0349
784.23138	2580.9407
784.28223	2709.8596
784.33307	2701.0906
784.38391	2664.8782
784.43475	2663.7012
784.48553	2731.636
784.53638	2717.3933
784.58722	2713.4233
784.63806	2712.8645
784.6889	2723.3948
784.73975	2701.8594
784.79059	2681.886
784.84137	2715.1101
784.89221	2754.4304
784.94305	2834.6975
784.9939	2832.9705
785.04474	2777.7556
785.09558	2791.783
785.14642	2756.9011
785.1972	2720.4446
785.24805	2738.958
785.29889	2733.6328
785.34973	2783.0808
785.40057	2771.3843
785.45142	2809.5002
785.50226	2804.5347
785.5531	2831.8857
785.60388	2812.5273
785.65472	2803.217
785.70557	2804.9294
785.75641	2755.3621
785.80725	2727.8408
785.85809	2775.8823
785.90894	2830.4202
785.95972	2878.9624
786.01056	2926.7075
786.0614	2872.5413
786.11224	2792.5068
786.16309	2767.9055
786.21393	2812.1028
786.26477	2798.9929
786.31555	2818.6785
786.36639	2882.4983
786.41724	2864.9202
786.46808	2890.3472
786.51892	2944.1799
786.56976	2967.1724
786.62061	2966.3435
786.67139	3012.6018
786.72223	2960.8538
786.77307	2910.1677
786.82391	2915.5852
786.87476	2989.3306
786.9256	2943.2944
786.97644	2953.0762
787.02722	3025.4497
787.07806	3123.7043
787.12891	3078.2532
787.17975	3030.9578
787.23059	3032.9121
787.28143	3031.1389
787.33228	2995.3684
787.38306	2995.314
787.4339	3011.1086
787.48474	3071.9761
787.53558	3115.9719
787.58643	3137.4875
787.63727	3147.3904
787.68811	3113.0945
787.73889	3073.5889
787.78973	3081.8042
787.84058	3059.6836
787.89142	3078.3943
787.94226	3145.9822
787.9931	3026.0906
788.04395	3027.3049
788.09473	3099.2898
788.14557	3199.4521
788.19641	3122.3701
788.24725	3201.3901
788.2981	3177.7063
788.34894	3082.3628
788.39978	3010.4141
788.45056	3101.2261
788.5014	3182.7246
788.55225	3312.1406
788.60309	3265.2402
788.65393	3330.6475
788.70477	3320.2524
788.75562	3270.8411
788.8064	3122.4202
788.85724	3239.9231
788.90808	3267.4888
788.95892	3291.6775
789.00977	3295.4182
789.06061	3390.2307
789.11145	3382.9878
789.16223	3325.1245
789.21307	3424.7766
789.26392	3323.793
789.31476	3418.7856
789.3656	3378.7039
789.41644	3391.5703
789.46729	3287.8782
789.51807	3431.8389
789.56891	3422.925
789.61975	3439.5237
789.67059	3344.7952
789.72144	3479.8721
789.77228	3444.4402
789.82312	3594.5493
789.87396	3394.6538
789.92474	3631.1362
789.97559	3382.0024
790.02643	3413.8047
790.07727	3350.9348
790.12811	3498.8806
790.17896	3482.5293
790.2298	3638.4724
790.28058	3523.0933
790.33142	3531.4939
790.38226	3435.0007
790.43311	3445.9412
790.48395	3394.532
790.53479	3448.5149
790.58563	3476.8242
790.63641	3416.678
790.68726	3479.3052
790.7381	3519.5291
790.78894	3553.5608
790.83978	3521.1211
790.89063	3596.1699
790.94147	3559.5093
790.99225	3592.6089
791.04309	3466.0195
791.09393	3508.7903
791.14478	3523.1248
791.19562	3792.5735
791.24646	3653.6089
791.2973	3825.2773
791.34808	3625.4412
791.39893	3685.1001
791.44977	3542.8901
791.50061	3644.6587
791.55145	3662.6899
791.60229	3795.8606
791.65314	3687.4905
791.70392	3819.4294
791.75476	3750.9985
791.8056	3833.4333
791.85645	3748.4241
791.90729	3940.3174
791.95813	3767.0383
792.00897	3816.1523
792.05975	3748.1501
792.1106	3751.5198
792.16144	3772.7512
792.21228	3855.9182
792.26312	3810.8572
792.31396	3817.718
792.36481	3814.2085
792.41559	3814.729
792.46643	3820.9634
792.51727	3879.7354
792.56812	3871.2583
792.61896	3800.0581
792.6698	3717.9006
792.72064	3665.6462
792.77142	3812.0781
792.82227	3857.6519
792.87311	3986.0842
792.92395	3932.7456
792.97479	3951.1296
793.02563	3830.0747
793.07648	3833.1299
793.12726	3785.9834
793.1781	3895.6919
793.22894	3973.9856
793.27979	4037.2207
793.33063	3983.0205
793.38147	4075.0942
793.43231	3969.7068
793.48309	4039.4695
793.53394	3925.0474
793.58478	4002.3584
793.63562	4002.8904
793.68646	4026.8665
793.7373	3933.665
793.78815	4070.4063
793.83899	4141.9595
793.88977	4154.731
793.94061	4131.5977
793.99146	4163.8677
794.0423	4138.5801
794.09314	4083.4309
794.14398	4029.9348
794.19482	4108.251
794.24561	4158.0405
794.29645	4189.4507
794.34729	4088.5923
794.39813	4193.519
794.44897	4213.5967
794.49982	4192.5889
794.55066	4214.4688
794.60144	4241.1748
794.65228	4249.3735
794.70313	4204.938
794.75397	4118.3467
794.80481	4114.2539
794.85565	4240.7842
794.90649	4271.103
794.95728	4246.897
795.00812	4233.0972
795.05896	4227.9893
795.1098	4299.6348
795.16064	4320.6021
795.21149	4287.8369
795.26233	4246.1919
795.31311	4148.8687
795.36395	4131.0156
795.41479	4166.1763
795.46564	4301.8525
795.51648	4362.0078
795.56732	4378.3848
795.61816	4351.2637
795.66895	4292.271
795.71979	4199.7896
795.77063	4121.8633
795.82147	4163.375
795.87231	4258.0415
795.92316	4389.3184
795.974	4419.4912
796.02478	4457.1665
796.07562	4502.0098
796.12646	4423.8853
796.17731	4384.1177
796.22815	4424.6997
796.27899	4472.9844
796.32983	4453.6885
796.38062	4408.2637
796.43146	4467.9937
796.4823	4531.6279
796.53314	4582.0801
796.58398	4574.9648
796.63483	4618.0732
796.68567	4688.6567
796.73645	4703.8652
796.78729	4502.4468
796.83813	4487.7666
796.88898	4599.5176
796.93982	4650.0298
796.99066	4574.3916
797.0415	4569.3794
797.09229	4639.2529
797.14313	4707.771
797.19397	4699.5908
797.24481	4788.7563
797.29565	4677.5024
797.3465	4664.6318
797.39734	4497.9014
797.44812	4439.6729
797.49896	4558.9761
797.5498	4726.1133
797.60065	4755.5322
797.65149	4762.665
797.70233	4740.5986
797.75317	4734.4351
797.80396	4641.0186
797.8548	4630.2466
797.90564	4638.9927
797.95648	4712.1348
798.00732	4612.2573
798.05817	4610.2178
798.10901	4649.019
798.15985	4852.583
798.21063	4861.3496
798.26147	4938.605
798.31232	4875.4966
798.36316	4790.5459
798.414	4593.354
798.46484	4592.709
798.51569	4594.7554
798.56647	4852.3994
798.61731	4929.0889
798.66815	5020.5132
798.71899	4982.5854
798.76984	5010.6953
798.82068	4863.8687
798.87152	4869.6191
798.9223	4871.7534
798.97314	4959.7026
799.02399	5001.1802
799.07483	5002.8345
799.12567	4943.0112
799.17651	5037.8721
799.22736	5047.2173
799.27814	5218.7988
799.32898	5173.5747
799.37982	5178.8569
799.43066	5148.3413
799.48151	5142.2935
799.53235	4961.6455
799.58319	5031.5361
799.63397	5115.416
799.68481	5095.5083
799.73566	4975.605
799.7865	5046.5449
799.83734	5210.0718
799.88818	5333.0576
799.93903	5232.5278
799.98981	5224.7222
800.04065	5176.8994
800.09149	5111.6455
800.14233	4962.3384
800.19318	5009.0146
800.24402	5131.9492
800.29486	5259.5073
800.34564	5333.2607
800.39648	5331.8691
800.44733	5258.1665
800.49817	5189.814
800.54901	5160.3467
800.59985	5160.6646
800.6507	5206.9307
800.70148	5222.8726
800.75232	5120.9268
800.80316	5258.7397
800.854	5344.4912
800.90485	5467.4937
800.95569	5407.9653
801.00653	5468.312
801.05731	5511.7197
801.10815	5436.7695
801.159	5183.6885
801.20984	5187.856
801.26068	5330.0918
801.31152	5543.1558
801.36237	5690.8149
801.41315	5570.709
801.46399	5635.6265
801.51483	5554.6797
801.56567	5434.7202
801.61652	5379.2046
801.66736	5594.897
801.7182	5646.5576
801.76898	5620.4561
801.81982	5565.083
801.87067	5584.5605
801.92151	5709.3931
801.97235	5763.6494
802.02319	5755.7988
802.07404	5820.0513
802.12488	5726.0234
802.17566	5708.2588
802.2265	5613.1943
802.27734	5700.7183
802.32819	5780.9365
802.37903	5722.6216
802.42987	5649.7373
802.48071	5628.6729
802.53149	5776.4204
802.58234	5876.666
802.63318	5883.7231
802.68402	5914.7964
802.73486	5924.752
802.78571	5694.1812
802.83655	5518.0513
802.88733	5460.2305
802.93817	5624.0688
802.98901	5876.0845
803.03986	6004.8218
803.0907	5983.4697
803.14154	6092.3164
803.19238	5931.0693
803.24316	5781.2646
803.29401	5701.6167
803.34485	5708.0239
803.39569	5952.8896
803.44653	6010.1177
803.49738	5904.5278
803.54822	6042.5991
803.599	6139.5215
803.64984	6206.9922
803.70068	6087.2695
803.75153	6193.0254
803.80237	6127.0986
803.85321	6059.1631
803.90405	5905.1025
803.95483	6138.8677
804.00568	6184.2012
804.05652	6407.9072
804.10736	6315.6436
804.1582	6372.5298
804.20905	6309.1045
804.25989	6432.9263
804.31067	6177.9243
804.36151	6332.2559
804.41235	6392.9482
804.4632	6451.4907
804.51404	6270.2998
804.56488	6254.9375
804.61572	6308.7075
804.6665	6523.2788
804.71735	6475.6768
804.76819	6635.2275
804.81903	6570.9751
804.86987	6649.4683
804.92072	6291.4795
804.97156	6367.0054
805.02234	6289.4136
805.07318	6492.8257
805.12402	6364.9473
805.17487	6389.0366
805.22571	6360.9492
805.27655	6617.5298
805.32739	6536.9844
805.37817	6769.1816
805.42902	6600.5186
805.47986	6610.5811
805.5307	6347.2007
805.58154	6161.3604
805.63239	6165.4321
805.68323	6436.0732
805.73401	6579.0508
805.78485	6858.7759
805.83569	6805.0518
805.88654	6949.4043
805.93738	6624.0381
805.98822	6504.0991
806.03906	6368.9043
806.08984	6606.5356
806.14069	6626.9604
806.19153	6777.2173
806.24237	6774.1865
806.29321	6943.3145
806.34406	6843.8809
806.3949	7027.5635
806.44574	6879.4263
806.49652	6976.5503
806.54736	6975.7778
806.59821	6919.1973
806.64905	6728.4688
806.69989	6810.041
806.75073	6985.0356
806.80157	7184.3735
806.85236	7130.7451
806.9032	7147.1392
806.95404	7096.3398
807.00488	7170.1689
807.05573	7105.7803
807.10657	7101.2173
807.15741	7149.895
807.20819	7187.5674
807.25903	7076.3179
807.30988	6881.6201
807.36072	6940.4204
807.41156	7156.7969
807.4624	7323.5527
807.51324	7284.082
807.56403	7254.8779
807.61487	7140.3301
807.66571	7094.8896
807.71655	6865.8467
807.7674	6909.918
807.81824	6967.458
807.86908	7091.9658
807.91986	7074.3169
807.9707	7204.1621
808.02155	7292.1177
808.07239	7417.2695
808.12323	7242.498
808.17407	7314.3257
808.22491	7229.5522
808.2757	7135.8696
808.32654	6860.5591
808.37738	6966.8628
808.42822	7113.7832
808.47906	7507.207
808.52991	7601.7827
808.58075	7689.9297
808.63153	7639.3979
808.68237	7532.0171
808.73322	7252.019
808.78406	7117.3408
808.8349	7157.6357
808.88574	7496.0801
808.93658	7523.146
808.98737	7605.7295
809.03821	7565.7632
809.08905	7670.1426
809.13989	7651.9814
809.19073	7634.2158
809.24158	7729.2671
809.29242	7810.7568
809.3432	7752.604
809.39404	7596.1689
809.44489	7552.8398
809.49573	7730.562
809.54657	7896.0283
809.59741	7745.7886
809.64825	7830.5347
809.69904	7804.2993
809.74988	7971.4102
809.80072	7879.0898
809.85156	7922.2568
809.9024	7828.498
809.95325	8014.7686
810.00409	7690.7617
810.05487	7672.7466
810.10571	7476.2075
810.15656	7831.5664
810.2074	7946.2441
810.25824	8241.0391
810.30908	8087.1045
810.35992	8193.5342
810.41071	7838.0669
810.46155	7719.5249
810.51239	7443.7803
810.56323	7650.5796
810.61407	7741.2217
810.66492	8028.5308
810.71576	7924.731
810.7666	8186.5356
810.81738	8066.5889
810.86823	8160.6504
810.91907	7930.7158
810.96991	8074.4067
811.02075	8082.043
811.07159	7983.043
811.12244	7713.772
811.17322	7787.6758
811.22406	8084.8276
811.2749	8392.6357
811.32574	8518.2041
811.37659	8576.5107
811.42743	8517.2295
811.47827	8306.3916
811.52905	8162.52
811.5799	7956.0381
811.63074	8232.2314
811.68158	8373.541
811.73242	8632.2158
811.78326	8505.2334
811.83411	8607.3125
811.88489	8618.6348
811.93573	8775.4873
811.98657	8518.1572
812.03741	8747.3584
812.08826	8718.3604
812.1391	8863.4297
812.18994	8434.0332
812.24072	8625.8213
812.29156	8439.708
812.34241	8954.7061
812.39325	8717.5469
812.44409	8779.7646
812.49493	8675.4668
812.54578	8997.2031
812.59656	8683.3516
812.6474	8835.9746
812.69824	8607.2129
812.74908	8829.873
812.79993	8472.9707
812.85077	8322.9854
812.90161	8224.3408
812.95239	8715.4297
813.00323	9063.7031
813.05408	9268.251
813.10492	9113.1172
813.15576	9112.877
813.2066	8932.8008
813.25745	8211.1963
813.30823	8179.5322
813.35907	8302.0068
813.40991	8894.5957
813.46075	8996.8682
813.5116	9190.4229
813.56244	9061.6348
813.61328	9231.0889
813.66406	8769.7354
813.7149	8953.2803
813.76575	8619.3506
813.81659	9235.2227
813.86743	8931.2539
813.91827	8970.9629
813.96912	8812.5557
814.0199	9325.168
814.07074	9406.3008
814.12158	9770.7021
814.17242	9377.4795
814.22327	9769.5518
814.27411	9474.6191
814.32495	9270.4424
814.37573	9074.0947
814.42657	9315.9639
814.47742	9563.1172
814.52826	9770.7256
814.5791	9559.2783
814.62994	9600.6934
814.68079	9707.8379
814.73163	9720.9502
814.78241	9863.9531
814.83325	9798.585
814.88409	10022.053
814.93494	9742.6279
814.98578	9545.1367
815.03662	9311.2852
815.08746	9650.0771
815.13824	9665.7266
815.18909	10158.949
815.23993	9715.9561
815.29077	10057.605
815.34161	9856.9404
815.39246	10003.542
815.4433	9576.8135
815.49408	9855.1475
815.54492	9601.6914
815.59576	9842.7051
815.64661	9442.7676
815.69745	9630.2295
815.74829	9539.0537
815.79913	10109.752
815.84991	10177.857
815.90076	10442.569
815.9516	10365.712
816.00244	10060.341
816.05328	9558.7881
816.10413	9290.5889
816.15497	9435.9971
816.20575	9876.1055
816.25659	10384.146
816.30743	10474.455
816.35828	10720.668
816.40912	10456.997
816.45996	10354.652
816.5108	9914.2021
816.56158	9996.3564
816.61243	10088.338
816.66327	10518.253
816.71411	10221.457
816.76495	10501.683
816.8158	10352.57
816.86664	10806.47
816.91742	10796.056
816.96826	11072.032
817.0191	10777.702
817.06995	11018.01
817.12079	10764.462
817.17163	10576.773
817.22247	10481.392
817.27325	10690.692
817.3241	10977.144
817.37494	10959.735
817.42578	10815.049
817.47662	10730.83
817.52747	10963.137
817.57831	11057.191
817.62909	11202.973
817.67993	11114.258
817.73077	11261.512
817.78162	10779.005
817.83246	10434.773
817.8833	10298.509
817.93414	10773.701
817.98492	11039.052
818.03577	11404.698
818.08661	11093.658
818.13745	11358.881
818.18829	11004.045
818.23914	10944.384
818.28998	10642.718
818.34076	10769.37
818.3916	10734.781
818.44244	10861.509
818.49329	10701.596
818.54413	10702.801
818.59497	11000.812
818.64581	11315.286
818.69659	11466.613
818.74744	11488.989
818.79828	11441.957
818.84912	11118.565
818.89996	10768.799
818.95081	10393.808
819.00165	10695.929
819.05249	11252.694
819.10327	11803.647
819.15411	11767.694
819.20496	12111.864
819.2558	11969.223
819.30664	11766.769
819.35748	11346.512
819.40833	11397.587
819.45911	11492.555
819.50995	11815.3
819.56079	11767.415
819.61163	11737.836
819.66248	11827.082
819.71332	12075.695
819.76416	12235.256
819.81494	12233.739
819.86578	12303.101
819.91663	12189.976
819.96747	12251.398
820.01831	11989.465
820.06915	11878.83
820.12	11980.422
820.17078	12266.138
820.22162	12064.723
820.27246	12066.029
820.3233	12050.885
820.37415	12385.864
820.42499	12474.952
820.47583	12635.009
820.52661	12490.555
820.57745	12430.63
820.6283	12024.487
820.67914	11614.173
820.72998	11533.825
820.78082	11846.758
820.83167	12307.856
820.88245	12696.731
820.93329	13000.797
820.98413	12853.547
821.03497	12610.811
821.08582	12034.273
821.13666	11848.422
821.1875	11784.076
821.23828	12100.767
821.28912	12279.794
821.33997	12362.535
821.39081	12316.52
821.44165	12589.743
821.49249	12827.712
821.54333	12997.5
821.59412	12977.057
821.64496	12801.961
821.6958	12609.284
821.74664	12201.297
821.79749	11972.975
821.84833	12184.685
821.89917	12850.19
821.94995	13305.026
822.00079	13540.915
822.05164	13466.392
822.10248	13530.104
822.15332	13306.683
822.20416	13045.47
822.255	12890.109
822.30579	13164.396
822.35663	13526.389
822.40747	13503.267
822.45831	13250.396
822.50916	13312.704
822.56	13556.306
822.61084	13793.7
822.66162	13832.798
822.71246	13733.169
822.76331	13902.435
822.81415	13707.255
822.86499	13409.398
822.91583	13185.479
822.96667	13285.546
823.01752	13446.653
823.0683	13538.647
823.11914	13424.85
823.16998	13420.899
823.22083	13700.174
823.27167	14032.886
823.32251	14072.082
823.37335	14061.033
823.42413	13975.035
823.47498	13511.816
823.52582	12971.293
823.57666	12524.628
823.6275	12787.093
823.67834	13490.45
823.72919	14146.062
823.77997	14386.175
823.83081	14556.834
823.88165	14263.349
823.9325	13674.365
823.98334	13140.034
824.03418	12900.867
824.08502	13147.615
824.1358	13655.649
824.18665	13855.659
824.23749	13855.824
824.28833	14082.897
824.33917	14275.56
824.39001	14323.375
824.44086	14193.595
824.49164	14355.762
824.54248	14391.531
824.59332	14415.908
824.64417	13934.663
824.69501	13769.639
824.74585	14218.912
824.79669	14824.835
824.84747	15049.043
824.89832	15049.057
824.94916	15180.495
825	15235.631
825.05084	15092.896
825.10168	14657.31
825.15253	14778.012
825.20331	14972.22
825.25415	15180.878
825.30499	14810.749
825.35583	14642.724
825.40668	14693.195
825.45752	15152.418
825.50836	15352.872
825.55914	15330.189
825.60999	15401.341
825.66083	15481.591
825.71167	15038.266
825.76251	14340.391
825.81335	14269.251
825.8642	14503.353
825.91498	14898.697
825.96582	14982.318
826.01666	15030.657
826.0675	14927.413
826.11835	15287.873
826.16919	15214.265
826.22003	15095.02
826.27081	15083.714
826.32166	15054.539
826.3725	14619.608
826.42334	14024.347
826.47418	13818.725
826.52502	14235.175
826.57587	15163.916
826.62665	15786.474
826.67749	16118.288
826.72833	15939.481
826.77917	15703.148
826.83002	14836.104
826.88086	14259.574
826.9317	14038.306
826.98248	14702.026
827.03333	15412.802
827.08417	15678.691
827.13501	15536.115
827.18585	15848.47
827.23669	16133.431
827.28754	15890.23
827.33838	15655.152
827.38916	15732.247
827.44	16147.936
827.49084	15864.96
827.54169	15592.309
827.59253	15375.876
827.64337	16011.978
827.69421	16398
827.745	16517.293
827.79584	16360.322
827.84668	16541.586
827.89752	16592.701
827.94836	16427.059
827.99921	16194.299
828.05005	16142.668
828.10083	16451.168
828.15167	16454.414
828.20251	16115.406
828.25336	15520.655
828.3042	15739.527
828.35504	16211.454
828.40588	16955.777
828.45667	17083.402
828.50751	17186.434
828.55835	16824.875
828.60919	16276.934
828.66003	15509.639
828.71088	15240.279
828.76172	15600.754
828.8125	16219.481
828.86334	16494.129
828.91418	16419.51
828.96503	16650.201
829.01587	16668.473
829.06671	16752.996
829.11755	16419.936
829.16833	16347.418
829.21918	16358.371
829.27002	16347.104
829.32086	15639.732
829.3717	15350.821
829.42255	15642.181
829.47339	16512
829.52417	17346.309
829.57501	17701.037
829.62585	17812.35
829.6767	17379.793
829.72754	16950.41
829.77838	16052.979
829.82922	15767.991
829.88	16239.824
829.93085	17244.313
829.98169	17589.063
830.03253	17826.156
830.08337	17803.906
830.13422	17956.27
830.18506	17938.322
830.23584	17591.811
830.28668	17472.586
830.33752	17756.051
830.38837	17982.025
830.43921	17628.611
830.49005	17327.447
830.54089	17381.773
830.59167	18061.131
830.64252	18189.844
830.69336	18249.396
830.7442	18211.371
830.79504	18409.928
830.84589	18494.625
830.89673	18176.984
830.94751	17965.516
830.99835	18043.883
831.04919	18194.018
831.10004	17728.756
831.15088	17253.285
831.20172	17096.895
831.25256	17845.277
831.30341	18591.635
831.35419	19134.889
831.40503	19090.838
831.45587	19037.645
831.50671	18370.363
831.55756	17380.129
831.6084	16614.746
831.65924	16573.445
831.71002	17380.695
831.76086	18322.418
831.81171	18800.553
831.86255	18761.229
831.91339	18890.121
831.96423	18688.445
832.01508	18270.18
832.06586	17832.947
832.1167	17973.131
832.16754	18210.986
832.21838	18184.914
832.26923	17745.49
832.32007	17813.627
832.37091	18622.119
832.42169	19501.861
832.47253	19897.15
832.52338	19812.406
832.57422	19994.688
832.62506	19618.68
832.6759	18974.807
832.72675	18176.047
832.77753	18272.467
832.82837	18974.064
832.87921	19889.514
832.93005	20180.566
832.9809	20095.01
833.03174	20302.061
833.08258	20397.055
833.13336	20209.902
833.1842	19801.973
833.23505	20145.863
833.28589	20375.531
833.33673	20433.906
833.38757	19759.836
833.43842	19407.281
833.4892	19670.039
833.54004	20397.832
833.59088	20680.354
833.64172	20522.275
833.69257	20731.666
833.74341	20960.232
833.79425	20859.826
833.84503	20230.141
833.89587	20148.998
833.94672	20140.875
833.99756	20245.104
834.0484	19782.477
834.09924	19262.689
834.15009	19243.104
834.20087	20114.488
834.25171	20998.098
834.30255	21449.16
834.35339	21666.068
834.40424	21301.512
834.45508	20523.98
834.50592	19126.605
834.5567	18365.65
834.60754	18554.285
834.65839	19752.25
834.70923	20850.611
834.76007	21670.223
834.81091	21814.959
834.86176	21770.93
834.91254	21404.85
834.96338	20448.434
835.01422	19978.205
835.06506	20125.705
835.11591	20860.725
835.16675	20954.033
835.21759	20921.885
835.26837	20870.459
835.31921	21497.143
835.37006	22107.66
835.4209	22305.967
835.47174	22219.631
835.52258	22356.529
835.57343	22454.391
835.62427	21855.465
835.67505	21348.98
835.72589	21229.369
835.77673	22007.896
835.82758	22588.213
835.87842	22904.232
835.92926	22547.252
835.9801	22710.164
836.03088	22920.936
836.08173	22988.084
836.13257	22871.938
836.18341	22837.096
836.23425	23259.146
836.2851	22942.473
836.33594	22160.813
836.38672	21259.58
836.43756	21687.088
836.4884	22459.279
836.53925	23305.471
836.59009	23424.963
836.64093	23386.723
836.69177	23500.736
836.74255	23172.893
836.7934	22524.885
836.84424	21774.309
836.89508	21947.432
836.94592	22152.783
836.99677	22267
837.04761	21565.568
837.09839	21621.67
837.14923	22273.918
837.20007	23343.42
837.25092	23692.908
837.30176	23771.789
837.3526	23755.5
837.40344	22914.5
837.45422	21903.486
837.50507	20595.436
837.55591	20715.422
837.60675	21710.439
837.65759	23501.17
837.70844	24408.406
837.75928	24944.908
837.81006	24856.266
837.8609	24349.223
837.91174	23481.287
837.96259	22311.234
838.01343	22438.232
838.06427	23125.391
838.11511	24088.299
838.16589	23939.266
838.21674	24071.656
838.26758	24261.943
838.31842	24900.613
838.36926	25058.76
838.4201	24809.414
838.47095	24856.449
838.52173	25052.854
838.57257	25329.807
838.62341	24361.363
838.67426	24012.982
838.7251	24187.1
838.77594	25230.297
838.82678	25165.236
838.87756	24891.502
838.92841	24627.662
838.97925	25180.928
839.03009	25897.092
839.08093	25630.953
839.13177	25621.023
839.18262	25456.289
839.2334	25798.201
839.28424	24636.418
839.33508	23510.549
839.38593	22746.234
839.43677	23722.619
839.48761	24988.586
839.53845	25981.672
839.58929	26449.824
839.64008	26148.063
839.69092	26090.846
839.74176	24692.756
839.7926	23805.355
839.84344	22924.049
839.89429	23743.373
839.94513	24274.637
839.99591	24569.596
840.04675	24418.553
840.0976	24578.352
840.14844	25449.039
840.19928	25687.449
840.25012	26302.508
840.30096	25927.881
840.35175	26211.209
840.40259	25147.457
840.45343	24114.326
840.50427	23065.672
840.55511	23496.139
840.60596	25029.727
840.6568	26568.791
840.70758	27820.096
840.75842	27607.318
840.80927	28104.928
840.86011	26909.01
840.91095	26086.361
840.96179	24566.225
841.01263	25118.816
841.06342	26271.436
841.11426	27126.967
841.1651	27201.875
841.21594	26552.398
841.26678	27372.908
841.31763	27637.861
841.36847	28266.576
841.41925	27382.891
841.47009	27866.967
841.52094	27950.365
841.57178	28235.963
841.62262	27234.568
841.67346	26275.475
841.7243	26927.439
841.77509	27383.598
841.82593	28179.162
841.87677	26965.133
841.92761	27327.652
841.97845	27436.947
842.0293	28598.615
842.08014	28499.82
842.13092	28244.523
842.18176	28259.9
842.2326	27794.15
842.28345	27148.553
842.33429	24989.01
842.38513	24760.248
842.43597	25425.193
842.48676	27700.537
842.5376	28859.439
842.58844	29662.568
842.63928	29496.404
842.69012	28663.455
842.74097	27476.611
842.79181	25136.145
842.84259	25072.324
842.89343	25164.412
842.94427	27041.555
842.99512	27553.619
843.04596	28081.453
843.0968	28055.389
843.14764	28660.701
843.19843	29078.213
843.24927	28212.191
843.30011	28489.385
843.35095	28111.158
843.40179	28863.766
843.45264	27518.803
843.50348	26840.752
843.55426	26564.395
843.6051	28273.678
843.65594	30163.484
843.70679	30605.365
843.75763	31149.479
843.80847	30452.006
843.85931	31318.152
843.91016	29431.98
843.96094	28721.783
844.01178	28099.137
844.06262	29484.736
844.11346	30593.027
844.16431	30447.584
844.21515	30242.352
844.26599	29445.701
844.31677	31038.012
844.36761	31029.484
844.41846	31582.506
844.4693	30791.529
844.52014	31554.135
844.57098	31426.588
844.62183	30440.516
844.67261	29285.578
844.72345	28509.209
844.77429	30221.275
844.82513	30296.512
844.87598	31026.91
844.92682	29909.438
844.97766	30574.051
845.02844	30976.738
845.07928	31494.988
845.13013	31170.234
845.18097	30486.031
845.23181	31025.598
845.28265	29473.115
845.3335	28659.156
845.38428	26703.137
845.43512	27622.76
845.48596	29110.783
845.5368	31531.674
845.58765	32982.184
845.63849	32847.816
845.68933	33139.066
845.74011	30968.83
845.79095	29282.496
845.8418	27016.865
845.89264	27733.197
845.94348	28842.994
845.99432	31193.422
846.04517	32141.188
846.09595	32062.988
846.14679	32879.25
846.19763	32451.148
846.24847	32598.598
846.29932	30824.582
846.35016	31495.674
846.401	31497.24
846.45178	32410.168
846.50262	31734.199
846.55347	30622.006
846.60431	31404.588
846.65515	32436.939
846.70599	34481.738
846.75684	33795.617
846.80762	34087.688
846.85846	33789.188
846.9093	34500.895
846.96014	33517.066
847.01099	32160.059
847.06183	32903.879
847.11267	33232.969
847.16345	34753.41
847.21429	33065.121
847.26514	32937.043
847.31598	32345.074
847.36682	34028.684
847.41766	34956.051
847.46851	35207.43
847.51929	35602.797
847.57013	35028.555
847.62097	34838.578
847.67181	32352.273
847.72266	31411.361
847.7735	30761.963
847.82434	32502.363
847.87512	33670.512
847.92596	33816.004
847.97681	34346.5
848.02765	33906.652
848.07849	35170.742
848.12933	33772.816
848.18018	33678.277
848.23102	32747.674
848.2818	33359.629
848.33264	32931.723
848.38348	31238.998
848.43433	30790.447
848.48517	31038.061
848.53601	33731.68
848.58685	35336.012
848.63763	37149.645
848.68848	36667.582
848.73932	36626.758
848.79016	34837.691
848.841	31945.934
848.89185	30919.256
848.94269	30300.051
848.99347	33235.512
849.04431	34894.57
849.09515	36941.707
849.146	36494.344
849.19684	37278.172
849.24768	37212.719
849.29852	35519.746
849.3493	35133.535
849.40015	33976.199
849.45099	36013.488
849.50183	35997.125
849.55267	36240.203
849.60352	35242.359
849.65436	35325.906
849.70514	36943.922
849.75598	37587.492
849.80682	38189.598
849.85767	36807.508
849.90851	38190.785
849.95935	37818.211
850.01019	37795.324
850.06097	36404.48
850.11182	36206.465
850.16266	37244.18
850.2135	37136.277
850.26434	36744.227
850.31519	34717.066
850.36603	35583.121
850.41681	36540.301
850.46765	38752.988
850.51849	39172.922
850.56934	39229.738
850.62018	39394.652
850.67102	37599.727
850.72186	36021.145
850.77264	32546.484
850.82349	32739.934
850.87433	33818.836
850.92517	36672.324
850.97601	38099.406
851.02686	38056.711
851.0777	38711.48
851.12848	38010.297
851.17932	37496.449
851.23016	35314.492
851.28101	35124.379
851.33185	35259.902
851.38269	36026.949
851.43353	35849.539
851.48431	34646.086
851.53516	35470.617
851.586	36269.012
851.63684	39340.445
851.68768	39483.559
851.73853	40423.996
851.78937	40043.801
851.84015	39424.531
851.89099	37874.289
851.94183	34828.863
851.99268	34649.371
852.04352	35824.988
852.09436	39361.324
852.1452	40669.066
852.19604	41419.891
852.24683	41375.574
852.29767	41130.762
852.34851	41296.074
852.39935	39182.367
852.4502	39000.777
852.50104	39166.152
852.55188	41226.996
852.60266	41188.523
852.6535	39815.039
852.70435	39033.766
852.75519	39791.434
852.80603	42087.824
852.85687	41929.297
852.90771	42167.027
852.9585	41419.727
853.00934	42617.621
853.06018	42411.207
853.11102	40880.402
853.16187	40213.359
853.21271	39667.766
853.26355	41131.57
853.31433	39970.719
853.36517	39048.559
853.41602	38076.188
853.46686	39009.777
853.5177	41174.84
853.56854	42846.078
853.61938	43829.391
853.67017	43076.395
853.72101	42647.156
853.77185	40017.055
853.82269	37357.477
853.87354	34974.301
853.92438	35146.23
853.97522	38460.047
854.026	41526.641
854.07684	43885.324
854.12769	43556.137
854.17853	43944.25
854.22937	42437.523
854.28021	40216.461
854.33105	38225.074
854.38184	37512.617
854.43268	39257.75
854.48352	40448
854.53436	41211.016
854.58521	40197.242
854.63605	41100.055
854.68689	42468.758
854.73767	43813.828
854.78851	44029.695
854.83936	43592.898
854.8902	44434.168
854.94104	43378.254
854.99188	42267.203
855.04272	39921.148
855.09351	39808.344
855.14435	41945.109
855.19519	44529.434
855.24603	46286.996
855.29688	45543.504
855.34772	45856.27
855.39856	45796.828
855.44934	46296.023
855.50018	45092.402
855.55103	44175.766
855.60187	45128.703
855.65271	45842.34
855.70355	45707.004
855.75439	43307.523
855.80518	42650.199
855.85602	43239.656
855.90686	45559.98
855.9577	46789.398
856.00854	46437.793
856.05939	46756.082
856.11023	46548.039
856.16101	46550.566
856.21185	44094.484
856.2627	42549.648
856.31354	42405.195
856.36438	43465.539
856.41522	44036.387
856.46606	42601.816
856.51691	42210.324
856.56769	42722.363
856.61853	45136.02
856.66937	46423.492
856.72021	46937.648
856.77106	46803.32
856.8219	45926.367
856.87274	44161.184
856.92352	40311.758
856.97437	38180.949
857.02521	38435.734
857.07605	41780.492
857.12689	45611.297
857.17773	48426.887
857.22858	49459.52
857.27936	48779.086
857.3302	47732.297
857.38104	44297.633
857.43188	41506.355
857.48273	40448.039
857.53357	42387.273
857.58441	45200.945
857.63519	46150.602
857.68604	46343.359
857.73688	46376.785
857.78772	48006.004
857.83856	48454.723
857.8894	48011.973
857.94025	47342.727
857.99103	47799.723
858.04187	48720.648
858.09271	47619.414
858.14355	46098.902
858.1944	44928.844
858.24524	46760.863
858.29608	48598.102
858.34686	49894.547
858.39771	49479.469
858.44855	48723.84
858.49939	49773.266
858.55023	50041.906
858.60107	50197.031
858.65192	48927.703
858.7027	49301.305
858.75354	49773.645
858.80438	48775.445
858.85522	46937.234
858.90607	44252.18
858.95691	44855.348
859.00775	46637.633
859.05853	49984.668
859.10938	51007.035
859.16022	50896.945
859.21106	51104.875
859.2619	49430.66
859.31274	47255.102
859.36359	43882.656
859.41437	43288.734
859.46521	44374.742
859.51605	46372.176
859.56689	47048.281
859.61774	45674.051
859.66858	46320.465
859.71942	47168.035
859.7702	49215.887
859.82104	48995.176
859.87189	48806.336
859.92273	48709.918
859.97357	47631.93
860.02441	45790.961
860.07526	42264.219
860.12604	41696.73
860.17688	42681.223
860.22772	47045.219
860.27856	51100.711
860.32941	52713.984
860.38025	53918.035
860.43109	52058.375
860.48193	50666.207
860.53271	46456.336
860.58356	44072.219
860.6344	44352.094
860.68524	47061.695
860.73608	50756.723
860.78693	50812.84
860.83777	51301.332
860.88855	50749.195
860.93939	52566.441
860.99023	52893.934
861.04108	51251.391
861.09192	50924.051
861.14276	50917.359
861.1936	53432.625
861.24438	51667.727
861.29523	49869.387
861.34607	48904.598
861.39691	50476.699
861.44775	53320.773
861.4986	52407.59
861.54944	52188.891
861.60022	50766.844
861.65106	52813.492
861.7019	53838.309
861.75275	52934.09
861.80359	52691.168
861.85443	51785.195
861.90527	53126.957
861.95605	50320.688
862.0069	47411.785
862.05774	44961.781
862.10858	45502.91
862.15942	49975.238
862.21027	52404.977
862.26111	55593.918
862.31189	54706.336
862.36273	54744.16
862.41357	52175.996
862.46442	47600.688
862.51526	44904.859
862.5661	43027.426
862.61694	46305.598
862.66772	48735.855
862.71857	50979.73
862.76941	50975.891
862.82025	50751.727
862.87109	52560.594
862.92194	51366.879
862.97278	51565.789
863.02356	49321.902
863.0744	49999.922
863.12524	50922.293
863.17609	48941.914
863.22693	47503.426
863.27777	44996.293
863.32861	48416.191
863.37939	51128.395
863.43024	55415.699
863.48108	56487.531
863.53192	55605.367
863.58276	57119.609
863.63361	53890.121
863.68445	52051.461
863.73523	48102.074
863.78607	48561.824
863.83691	51869.418
863.88776	54372.23
863.9386	56880.91
863.98944	53772.164
864.04028	55483.391
864.09106	55630.207
864.14191	57083.895
864.19275	56322.129
864.24359	54028.512
864.29443	56568.309
864.34528	56052.68
864.39612	56966.961
864.4469	53005.18
864.49774	51193.418
864.54858	52513.219
864.59943	54365.055
864.65027	57123.402
864.70111	54128.898
864.75195	54398.711
864.8028	54637.211
864.85358	56269.582
864.90442	56856.883
864.95526	54024.004
865.0061	54948.238
865.05695	53405.996
865.10779	53875.547
865.15863	50162.914
865.20941	46572.082
865.26025	47442.863
865.3111	49532.828
865.36194	55979.98
865.41278	57644.441
865.46362	59851.402
865.51447	59173.27
865.56525	56057
865.61609	52772.902
865.66693	46412.738
865.71777	45155.172
865.76862	45629.352
865.81946	50605.23
865.8703	54679.512
865.92108	56041.738
865.97192	57662.039
866.02277	56329.25
866.07361	57130.438
866.12445	54533.543
866.17529	52001.254
866.22614	51610.98
866.27692	52581.777
866.32776	55330.035
866.3786	53133.914
866.42944	52392.844
866.48029	51850.328
866.53113	54638.594
866.58197	58844.422
866.63275	59180.652
866.68359	60166.715
866.73444	58807.191
866.78528	59894.246
866.83612	58371.762
866.88696	55141.797
866.93781	54007.148
866.98859	54261.676
867.03943	58685.934
867.09027	59417.082
867.14111	58726.391
867.19196	57064.098
867.2428	57125.039
867.29364	59959.238
867.34442	60059.957
867.39526	60696.297
867.44611	59427.617
867.49695	60364.82
867.54779	60283.672
867.59863	56921.215
867.64948	54204.953
867.70026	51670.941
867.7511	54121.07
867.80194	56718.688
867.85278	58599.816
867.90363	58779.91
867.95447	57622.887
868.00531	58829.074
868.05609	58127.637
868.10693	57130.883
868.15778	54979.035
868.20862	54561.777
868.25946	55440.449
868.3103	53977.863
868.36115	52356.164
868.41193	49424.969
868.46277	50257.883
868.51361	53921.582
868.56445	57921.254
868.6153	61067.516
868.66614	61152.371
868.71698	61427.98
868.76782	58296.293
868.8186	53517.723
868.86945	48931.484
868.92029	46536.52
868.97113	49133.957
869.02197	53773.336
869.07281	59082.121
869.12366	60836.879
869.17444	61488.367
869.22528	61678.59
869.27612	59723.453
869.32697	57250.289
869.37781	53820.391
869.42865	53752.531
869.47949	55863.672
869.53027	58341.621
869.58112	58780.301
869.63196	56820.094
869.6828	57113.23
869.73364	58955.934
869.78448	61663.59
869.83533	61902.066
869.88611	61064.332
869.93695	61448.898
869.98779	61804.273
870.03864	62216.711
870.08948	59507.348
870.14032	57249.016
870.19116	57754.324
870.24194	60180.648
870.29279	61803.637
870.34363	59234.949
870.39447	57178.934
870.44531	56950.074
870.49615	59765.664
870.547	62169.617
870.59778	62568.898
870.64862	62583.527
870.69946	61894.441
870.75031	61230.859
870.80115	57287.168
870.85199	52456.891
870.90283	50400.664
870.95361	51640.547
871.00446	56050.531
871.0553	58982.57
871.10614	60925.559
871.15698	60794.133
871.20782	60345.695
871.25867	59382.629
871.30945	55891.859
871.36029	53401.887
871.41113	52115.473
871.46198	53592.07
871.51282	54654.844
871.56366	53593.551
871.6145	52039.184
871.66528	51413.727
871.71613	54544.477
871.76697	57405.863
871.81781	59808.48
871.86865	60288.617
871.91949	59676.051
871.97034	59328.027
872.02112	55500.895
872.07196	51182.336
872.1228	47764.133
872.17365	48836.535
872.22449	53673.727
872.27533	58215.688
872.32617	61843.027
872.37695	61402.68
872.4278	62126.379
872.47864	61882.57
872.52948	58933.438
872.58032	55951.5
872.63116	53225.027
872.68201	55595.879
872.73279	58313.641
872.78363	59993.324
872.83447	58814.703
872.88531	56654.32
872.93616	58423.469
872.987	59767.496
873.03784	61643.152
873.08868	60558.176
873.13947	59122.695
873.19031	60758
873.24115	60618.094
873.29199	60472.418
873.34283	56825.023
873.39368	55505.91
873.44452	56885.488
873.4953	57768.023
873.54614	58174.359
873.59698	54366.59
873.64783	53416.582
873.69867	54761.336
873.74951	57502.191
873.80035	60618.219
873.85114	59638.582
873.90198	60113.965
873.95282	58797.484
874.00366	56078.148
874.0545	51281.688
874.10535	46228.855
874.15619	46095.105
874.20697	48388.945
874.25781	53899.379
874.30865	57678.832
874.3595	58674.063
874.41034	59685.711
874.46118	57395.008
874.51202	54851.707
874.56281	49999.5
874.61365	46911.465
874.66449	47170.344
874.71533	48828.156
874.76617	52142.074
874.81702	51609.051
874.86786	51229.328
874.91864	51293.426
874.96948	52809.496
875.02032	55468.473
875.07117	54572.594
875.12201	54938.629
875.17285	54300.414
875.22369	54322.832
875.27448	52934.449
875.32532	48662.066
875.37616	47420.102
875.427	47521.309
875.47784	52155.379
875.52869	56125.422
875.57953	57175.746
875.63031	57800.891
875.68115	56544.727
875.73199	57317.434
875.78284	55157.367
875.83368	52166.211
875.88452	51113.938
875.93536	51642.605
875.98615	55213.602
876.03699	54730.91
876.08783	52952.492
876.13867	50992.434
876.18951	51032.309
876.24036	54328.414
876.2912	54457.203
876.34198	54986.914
876.39282	54010.902
876.44366	53799.508
876.49451	54743.578
876.54535	51918.598
876.59619	49723.867
876.64703	47320.656
876.69781	48460.777
876.74866	50219.313
876.7995	49340.48
876.85034	48482.57
876.90118	45860.406
876.95203	47508.691
877.00287	49514.809
877.05365	50533.332
877.10449	51739.605
877.15533	49847.602
877.20618	50508.273
877.25702	47641.172
877.30786	43414.332
877.3587	39816.105
877.40955	37772.75
877.46033	41100.23
877.51117	44307.949
877.56201	49302.25
877.61285	51592.578
877.6637	51157.059
877.71454	51141.125
877.76538	46814.305
877.81616	42852.488
877.867	38398.512
877.91785	37617.387
877.96869	40851.617
878.01953	43342.945
878.07037	46362.734
878.12122	44926.063
878.172	45372.602
878.22284	46428.773
878.27368	46193.43
878.32452	46937.723
878.37537	44039
878.42621	44791.688
878.47705	45472.797
878.52783	45214.289
878.57867	44632.648
878.62952	40571.828
878.68036	41551.707
878.7312	43021
878.78204	45757.922
878.83289	47901.313
878.88367	45245.164
878.93451	46172.18
878.98535	45415.781
879.03619	45774.918
879.08704	44858.973
879.13788	41519.055
879.18872	42979.02
879.2395	42961.074
879.29034	44741.254
879.34119	42449.426
879.39203	38493.703
879.44287	38915.684
879.49371	39137.258
879.54456	43395.766
879.59534	43520.434
879.64618	42934.348
879.69702	43768.898
879.74786	41956.258
879.79871	42020.824
879.84955	37104.469
879.90039	34488.023
879.95117	34543.391
880.00201	34983.402
880.05286	38516.23
880.1037	36690.848
880.15454	36344.719
880.20538	35819.59
880.25623	35999.875
880.30701	38456.363
880.35785	36301.055
880.40869	36403.332
880.45953	35606.867
880.51038	35241.5
880.56122	34459.617
880.61206	30443.135
880.66284	28982.227
880.71368	28226.893
880.76453	30997.289
880.81537	34814.035
880.86621	36087.094
880.91705	38262.207
880.9679	36724.793
881.01868	36093.063
881.06952	33449.719
881.12036	28979.896
881.1712	27670.045
881.22205	27058.086
881.27289	30104.123
881.32373	32765.49
881.37457	33590.105
881.42535	34173.102
881.4762	32801.004
881.52704	34152.129
881.57788	33252.738
881.62872	31836.131
881.67957	31207.836
881.73041	30460.148
881.78119	32765.516
881.83203	32462.357
881.88287	31288.344
881.93372	30017.08
881.98456	28921.023
882.0354	31171.238
882.08624	32027.145
882.13702	32087.586
882.18787	31010.379
882.23871	30131.881
882.28955	31576.838
882.34039	30830.344
882.39124	30744.113
882.44208	29697.834
882.49286	29175.309
882.5437	30148.781
882.59454	28810.852
882.64539	27385.197
882.69623	25013.652
882.74707	24541.852
882.79791	26247.938
882.84869	27684.092
882.89954	29738.945
882.95038	29245.258
883.00122	29354.584
883.05206	28642.18
883.10291	25945.328
883.15375	23731.727
883.20453	21218.867
883.25537	21268.48
883.30621	22396.615
883.35706	23900.832
883.4079	25161.541
883.45874	24449.926
883.50958	24493.492
883.56036	24304.182
883.61121	23762.967
883.66205	23222.811
883.71289	21710.484
883.76373	21721.414
883.81458	21784.193
883.86542	21491.313
883.9162	20506.771
883.96704	18765.664
884.01788	18726.504
884.06873	19654.184
884.11957	21375.377
884.17041	22480.721
884.22125	22467.236
884.27203	22585.801
884.32288	21753.781
884.37372	20557.383
884.42456	18696.809
884.4754	16954.275
884.52625	17022.383
884.57709	17773.428
884.62787	19419.158
884.67871	20078.883
884.72955	19618.559
884.7804	19269.914
884.83124	18997.602
884.88208	19034.113
884.93292	18168.99
884.9837	17326.523
885.03455	17289.318
885.08539	17604.068
885.13623	18009.256
885.18707	16966.514
885.23792	15782.608
885.28876	15257.861
885.33954	15657.267
885.39038	16576.732
885.44122	16299.724
885.49207	15882.19
885.54291	15399.896
885.59375	15389.581
885.64459	15761.596
885.69543	15116.93
885.74622	14641.753
885.79706	14160.328
885.8479	14158.656
885.89874	14177.229
885.94958	13007.393
886.00043	12013.909
886.05127	11324.577
886.10205	11861.092
886.15289	12923.576
886.20374	13551.089
886.25458	14119.682
886.30542	14013.888
886.35626	13627.718
886.4071	12654.876
886.45789	11105.11
886.50873	9981.6338
886.55957	9253.9199
886.61041	9786.3945
886.66125	10752.292
886.7121	11656.461
886.76294	12264.961
886.81372	11914.65
886.86456	12029.073
886.91541	11690.525
886.96625	10827.508
887.01709	10299.424
887.06793	9604.4746
887.11877	10043.753
887.16956	10377.134
887.2204	10308.575
887.27124	10016.696
887.32208	9502.1582
887.37292	10038.022
887.42377	10558.619
887.47461	11079.426
887.52539	11370.214
887.57623	10922.82
887.62708	11298.591
887.67792	11037.094
887.72876	10369.6
887.7796	9714.0068
887.83044	8931.7227
887.88123	9584.3467
887.93207	10131.047
887.98291	10707.438
888.03375	10768.607
888.08459	10141.95
888.13544	10335.595
888.18628	10288.743
888.23706	10497.742
888.2879	10244.306
888.33875	9686.4004
888.38959	10138.618
888.44043	10039.632
888.49127	10089.274
888.54211	9355.3955
888.5929	8426.8662
888.64374	8605.9541
888.69458	8857.5293
888.74542	9527.043
888.79626	9451.0586
888.84711	9146.0283
888.89795	9378.4619
888.94873	8996.6777
888.99957	9239.3633
889.05042	8798.9902
889.10126	7985.4438
889.1521	8272.1064
889.20294	8034.1968
889.25378	8164.5645
889.30457	7888.2754
889.35541	6941.4619
889.40625	7078.8271
889.45709	7096.8687
889.50793	7869.814
889.55878	8271.2031
889.60962	8338.8359
889.66046	8563.0654
889.71124	8029.5264
889.76208	7571.8271
889.81293	6573.1587
889.86377	5730.8613
889.91461	5750.3784
889.96545	5811.0615
890.0163	6754.9648
890.06708	7509.249
890.11792	7658.7134
890.16876	7881.0029
890.2196	7418.3691
890.27045	7261.3149
890.32129	6719.5879
890.37213	5915.1143
890.42291	5968.4844
890.47375	5866.6738
890.5246	6400.105
890.57544	6600.0698
890.62628	6428.3999
890.67712	6453.1724
890.72797	6291.937
890.77875	6607.689
890.82959	6724.7036
890.88043	6569.6035
890.93127	6502.2051
890.98212	6352.4375
891.03296	6593.0918
891.0838	6418.3267
891.13458	5960.4614
891.18542	5743.7124
891.23627	5661.0464
891.28711	6166.6084
891.33795	6341.1738
891.38879	6080.3291
891.43964	5883.0913
891.49042	5672.1821
891.54126	5942.7573
891.5921	6147.5869
891.64294	6018.5327
891.69379	6031.8799
891.74463	5956.019
891.79547	6080.4106
891.84625	5755.978
891.89709	5269.96
891.94794	4876.6323
891.99878	4658.5547
892.04962	5026.4458
892.10046	5322.6587
892.15131	5565.5039
892.20209	5699.3926
892.25293	5548.2227
892.30377	5517.3027
892.35461	5308.3149
892.40546	4954.5918
892.4563	4634.8296
892.50714	4418.8857
892.55792	4614.3628
892.60876	4718.2144
892.65961	4700.6479
892.71045	4561.1689
892.76129	4388.333
892.81213	4488.2632
892.86298	4719.8242
892.91376	4966.2583
892.9646	5018.6753
893.01544	4988.7134
893.06628	4962.5811
893.11713	4739.0605
893.16797	4361.0693
893.21881	3907.5503
893.26959	3659.4929
893.32043	3837.2537
893.37128	4178.4658
893.42212	4684.9844
893.47296	4943.9883
893.5238	5005.5967
893.57465	5062.2451
893.62543	4811.4956
893.67627	4495.0264
893.72711	4088.9272
893.77795	3833.3293
893.8288	3901.26
893.87964	4108.3784
893.93048	4376.5117
893.98132	4397.7593
894.0321	4174.2388
894.08295	4203.8076
894.13379	4238.8154
894.18463	4310.7998
894.23547	4139.5415
894.28632	3986.6348
894.33716	3989.2607
894.38794	4020.1912
894.43878	4157.2739
894.48962	3907.3743
894.54047	3663.5647
894.59131	3618.457
894.64215	3597.4661
894.69299	3716.05
894.74377	3584.8521
894.79462	3319.0369
894.84546	3268.1824
894.8963	3250.6455
894.94714	3415.4851
894.99799	3464.6406
895.04883	3453.0845
895.09961	3437.5317
895.15045	3260.2671
895.20129	3185.2676
895.25214	2959.8499
895.30298	2540.7937
895.35382	2421.561
895.40466	2339.0886
895.45544	2575.0049
895.50629	2875.657
895.55713	2911.0664
895.60797	3020.2861
895.65881	2920.8611
895.70966	2804.1311
895.7605	2541.7314
895.81128	2213.5557
895.86212	2073.48
895.91296	2010.7365
895.96381	2137.6675
896.01465	2283.4336
896.06549	2287.9851
896.11633	2272.1702
896.16711	2166.9109
896.21796	2173.7307
896.2688	2286.3083
896.31964	2204.123
896.37048	2157.4756
896.42133	2175.2959
896.47217	2169.9819
896.52295	2155.7153
896.57379	1952.7698
896.62463	1828.7251
896.67548	1736.3383
896.72632	1743.6825
896.77716	2012.3448
896.828	2153.1521
896.87878	2275.395
896.92963	2165.2249
896.98047	2118.0601
897.03131	2119.5227
897.08215	1964.6628
897.133	1786.8802
897.18384	1719.2872
897.23462	1743.1558
897.28546	1902.1993
897.3363	1983.6582
897.38715	1965.899
897.43799	1866.4464
897.48883	1811.8062
897.53967	1868.3558
897.59045	1885.4697
897.6413	1896.036
897.69214	1832.1217
897.74298	1788.9207
897.79382	1854.2671
897.84467	1839.0511
897.89551	1733.4398
897.94635	1636.4615
897.99713	1531.8202
898.04797	1611.0796
898.09882	1681.5851
898.14966	1667.0684
898.2005	1597.9402
898.25134	1540.7964
898.30219	1562.7214
898.35297	1589.8585
898.40381	1632.3549
898.45465	1622.2224
898.50549	1581.1589
898.55634	1573.8124
898.60718	1513.5994
898.65802	1420.5796
898.7088	1257.4724
898.75964	1156.5063
898.81049	1198.575
898.86133	1311.0514
898.91217	1457.2395
898.96301	1552.2665
899.01385	1596.6769
899.06464	1602.359
899.11548	1493.0892
899.16632	1351.5913
899.21716	1194.173
899.26801	1096.0419
899.31885	1083.7224
899.36969	1150.3663
899.42047	1287.9047
899.47131	1360.5597
899.52216	1357.6073
899.573	1357.0021
899.62384	1343.0426
899.67468	1348.8746
899.72552	1336.9093
899.77631	1277.3256
899.82715	1249.1672
899.87799	1271.2191
899.92883	1306.5714
899.97968	1263.8373
900.03052	1174.7308
900.08136	1132.5146
900.13214	1155.5625
900.18298	1283.7406
900.23383	1348.5886
900.28467	1374.6444
900.33551	1344.088
900.38635	1325.5857
900.43719	1348.0194
900.48798	1292.0313
900.53882	1204.3158
900.58966	1164.4476
900.6405	1121.3981
900.69135	1197.3447
900.74219	1261.8796
900.79303	1191.4559
900.84381	1134.7479
900.89465	1091.7625
900.9455	1115.1785
900.99634	1197.1328
901.04718	1197.015
901.09802	1208.7535
901.14886	1185.1165
901.19965	1165.0328
901.25049	1139.8582
901.30133	1109.7614
901.35217	995.60229
901.40302	948.81537
901.45386	914.98688
901.5047	979.74854
901.55548	1037.7657
901.60632	1031.4227
901.65717	1012.7444
901.70801	977.79919
901.75885	974.80298
901.80969	980.32739
901.86053	964.21674
901.91132	946.38354
901.96216	929.97418
902.013	915.60767
902.06384	868.96124
902.11469	811.81342
902.16553	765.25165
902.21637	704.71198
902.26721	753.46118
902.31799	815.69452
902.36884	908.07635
902.41968	955.04999
902.47052	948.91205
902.52136	949.03455
902.5722	862.05945
902.62305	794.84357
902.67383	702.50665
902.72467	624.10748
902.77551	646.63208
902.82635	707.11749
902.8772	808.14764
902.92804	882.51111
902.97888	865.72729
903.02966	869.70697
903.08051	870.96765
903.13135	830.90625
903.18219	811.96539
903.23303	760.25635
903.28387	767.12177
903.33472	762.27307
903.3855	776.94946
903.43634	836.53485
903.48718	765.02582
903.53802	722.23846
903.58887	743.98694
903.63971	800.49982
903.69055	856.83362
903.74133	808.59277
903.79218	784.3067
903.84302	784.64764
903.89386	802.05511
903.9447	823.37158
903.99554	796.39465
904.04639	730.612
904.09717	737.89252
904.14801	747.70569
904.19885	766.09863
904.24969	744.96753
904.30054	648.64929
904.35138	649.71851
904.40222	669.67926
904.453	744.09021
904.50385	782.75879
904.55469	751.23059
904.60553	764.92853
904.65637	731.59778
904.70721	721.02936
904.75806	661.35938
904.80884	563.71051
904.85968	531.95984
904.91052	532.16223
904.96136	561.57751
905.01221	639.31409
905.06305	652.92975
905.11389	641.00061
905.16467	661.08264
905.21552	648.65466
905.26636	646.5415
905.3172	601.7431
905.36804	559.2179
905.41888	560.20422
905.46973	550.48688
905.52051	561.49023
905.57135	523.96191
905.62219	495.93921
905.67303	484.75699
905.72388	496.16248
905.77472	534.20276
905.82556	594.02191
905.87634	605.40533
905.92719	602.45776
905.97803	600.84882
906.02887	571.34595
906.07971	549.68329
906.13055	485.25842
906.1814	444.36661
906.23218	437.2702
906.28302	467.9231
906.33386	503.49146
906.3847	512.84778
906.43555	565.98358
906.48639	557.04749
906.53723	538.63861
906.58807	539.13788
906.63885	504.80441
906.6897	463.52118
906.74054	439.91727
906.79138	451.59558
906.84222	491.2348
906.89307	496.97009
906.94391	457.03601
906.99469	444.80206
907.04553	448.88974
907.09637	440.57196
907.14722	445.06668
907.19806	456.19064
907.2489	438.30151
907.29974	406.04956
907.35052	430.79614
907.40137	442.59665
907.45221	417.83487
907.50305	411.54144
907.55389	401.73419
907.60474	404.48505
907.65558	394.0542
907.70636	380.52127
907.7572	361.79205
907.80804	323.19711
907.85889	325.38013
907.90973	348.98962
907.96057	373.44925
908.01141	395.2453
908.06219	388.71661
908.11304	375.55991
908.16388	358.34241
908.21472	345.52634
908.26556	304.63086
908.31641	273.33133
908.36725	260.62796
908.41803	270.02554
908.46887	303.96362
908.51971	343.09628
908.57056	346.41235
908.6214	342.54449
908.67224	318.55463
908.72308	319.49713
908.77386	313.72931
908.82471	282.40881
908.87555	259.40936
908.92639	272.54135
908.97723	270.92468
909.02808	290.07693
909.07892	299.55884
909.1297	265.81335
909.18054	266.8302
909.23138	285.24841
909.28223	300.50256
909.33307	305.07285
909.38391	307.50128
909.43475	314.54715
909.48553	292.46851
909.53638	295.44614
909.58722	313.49564
909.63806	264.66647
909.6889	246.41243
909.73975	259.60983
909.79059	253.70886
909.84137	301.46185
909.89221	328.22641
909.94305	276.53152
909.9939	285.85287
910.04474	311.79077
910.09558	283.47519
910.14642	296.14343
910.1972	268.90033
910.24805	272.59366
910.29889	277.37256
910.34973	265.89618
910.40057	277.08084
910.45142	277.82883
910.50226	273.8992
910.5531	271.29047
910.60388	254.16611
910.65472	280.11011
910.70557	275.30154
910.75641	291.46243
910.80725	285.39868
910.85809	273.45999
910.90894	276.17438
910.95972	275.03116
911.01056	238.16498
911.0614	243.68814
911.11224	229.37279
911.16309	238.52663
911.21393	257.93094
911.26477	231.73605
911.31555	211.65602
911.36639	218.56758
911.41724	231.2738
911.46808	247.7291
911.51892	251.29688
911.56976	266.64322
911.62061	258.37778
911.67139	244.58618
911.72223	248.23979
911.77307	213.16919
911.82391	193.22466
911.87476	183.62131
911.9256	185.86237
911.97644	218.21666
912.02722	241.43929
912.07806	259.15262
912.12891	261.7067
912.17975	253.65924
912.23059	257.51077
912.28143	250.00371
912.33228	221.48233
912.38306	198.88983
912.4339	197.91083
912.48474	215.43048
912.53558	227.43668
912.58643	234.63467
912.63727	227.50783
912.68811	221.99063
912.73889	213.41917
912.78973	230.73717
912.84058	235.57635
912.89142	242.78746
912.94226	240.16035
912.9931	237.68819
913.04395	246.39798
913.09473	242.9021
913.14557	224.01917
913.19641	216.26923
913.24725	215.17989
913.2981	219.55115
913.34894	230.06281
913.39978	241.92676
913.45056	244.54333
913.5014	224.46468
913.55225	226.37852
913.60309	233.22469
913.65393	238.87057
913.70477	232.56964
913.75562	224.37881
913.8064	230.32074
913.85724	230.32072
913.90808	218.60571
913.95892	208.57956
914.00977	192.54865
914.06061	193.16144
914.11145	196.80223
914.16223	203.93175
914.21307	220.3524
914.26392	216.75877
914.31476	218.54277
914.3656	215.75253
914.41644	218.47858
914.46729	210.42639
914.51807	198.46974
914.56891	168.82877
914.61975	172.31242
914.67059	183.01497
914.72144	200.131
914.77228	192.54697
914.82312	186.25272
914.87396	164.92284
914.92474	178.20224
914.97559	181.00945
915.02643	200.51717
915.07727	183.17572
915.12811	190.61664
915.17896	189.81993
915.2298	184.79445
915.28058	182.49275
915.33142	162.29523
915.38226	144.55844
915.43311	141.57928
915.48395	154.50055
915.53479	162.74022
915.58563	187.93359
915.63641	196.81448
915.68726	201.29225
915.7381	194.94394
915.78894	193.45625
915.83978	169.0692
915.89063	160.51965
915.94147	151.4928
915.99225	151.80019
916.04309	155.90088
916.09393	177.89595
916.14478	176.791
916.19562	179.79427
916.24646	177.77086
916.2973	182.43242
916.34808	182.07468
916.39893	183.34833
916.44977	173.13194
916.50061	175.43407
916.55145	171.05193
916.60229	178.81279
916.65314	182.05939
916.70392	175.37825
916.75476	169.73892
916.8056	169.19154
916.85645	171.34802
916.90729	184.43137
916.95813	180.2254
917.00897	169.83653
917.05975	161.99123
917.1106	169.12758
917.16144	180.05533
917.21228	189.00026
917.26312	169.20586
917.31396	175.83455
917.36481	169.81746
917.41559	171.84764
917.46643	177.82167
917.51727	163.91667
917.56812	155.80431
917.61896	139.87067
917.6698	137.32832
917.72064	147.79311
917.77142	156.7944
917.82227	166.52621
917.87311	179.09598
917.92395	172.50211
917.97479	167.67537
918.02563	154.28061
918.07648	140.5072
918.12726	135.60855
918.1781	125.62518
918.22894	132.64011
918.27979	139.02809
918.33063	137.66005
918.38147	138.94316
918.43231	146.30452
918.48309	142.85477
918.53394	141.97966
918.58478	140.82292
918.63562	137.10619
918.68646	134.27057
918.7373	132.36618
918.78815	134.99144
918.83899	138.46378
918.88977	133.08195
918.94061	128.02957
918.99146	119.79559
919.0423	117.82399
919.09314	123.26916
919.14398	130.37527
919.19482	146.75151
919.24561	153.27705
919.29645	144.42068
919.34729	144.39523
919.39813	142.29132
919.44897	126.93569
919.49982	115.84257
919.55066	117.61172
919.60144	122.39436
919.65228	126.39275
919.70313	129.57716
919.75397	135.16884
919.80481	137.09634
919.85565	123.47038
919.90649	120.51852
919.95728	124.12823
920.00812	126.08543
920.05896	118.84824
920.1098	110.56409
920.16064	119.43095
920.21149	124.78519
920.26233	118.77533
920.31311	112.35269
920.36395	104.38074
920.41479	116.15678
920.46564	111.3785
920.51648	115.55683
920.56732	115.30663
920.61816	106.05679
920.66895	105.7738
920.71979	109.29218
920.77063	108.46815
920.82147	114.68577
920.87231	109.52671
920.92316	108.66252
920.974	111.76485
921.02478	105.37352
921.07562	112.60635
921.12646	92.698837
921.17731	86.137405
921.22815	92.800148
921.27899	92.591194
921.32983	97.170631
921.38062	106.53829
921.43146	104.84431
921.4823	110.95949
921.53314	103.48544
921.58398	99.79287
921.63483	92.807678
921.68567	89.80854
921.73645	86.113503
921.78729	76.09037
921.83813	86.292435
921.88898	89.562576
921.93982	98.291
921.99066	95.363457
922.0415	99.874458
922.09229	104.9385
922.14313	98.63134
922.19397	96.494659
922.24481	91.098312
922.29565	90.823067
922.3465	87.353409
922.39734	95.052605
922.44812	94.13459
922.49896	83.312813
922.5498	83.222824
922.60065	88.862854
922.65149	87.508789
922.70233	94.688202
922.75317	96.294586
922.80396	103.23367
922.8548	101.35059
922.90564	97.190727
922.95648	94.564255
923.00732	96.320816
923.05817	91.126862
923.10901	90.623909
923.15985	83.164406
923.21063	87.510757
923.26147	94.635841
923.31232	96.421638
923.36316	94.632988
923.414	94.11718
923.46484	93.202576
923.51569	95.510483
923.56647	93.514084
923.61731	98.54023
923.66815	96.179993
923.71899	90.166634
923.76984	86.192955
923.82068	90.895172
923.87152	86.316582
923.9223	83.715416
923.97314	85.608391
924.02399	87.558746
924.07483	88.678932
924.12567	86.774261
924.17651	90.260452
924.22736	90.227943
924.27814	86.907196
924.32898	83.657547
924.37982	88.635803
924.43066	88.213432
924.48151	86.425201
924.53235	85.120232
924.58319	77.023201
924.63397	80.788895
924.68481	88.700424
924.73566	79.437469
924.7865	76.937866
924.83734	75.030556
924.88818	76.434097
924.93903	80.780815
924.98981	90.52388
925.04065	93.920349
925.09149	89.1577
925.14233	92.747246
925.19318	87.940895
925.24402	83.36808
925.29486	78.094841
925.34564	73.909363
925.39648	73.703026
925.44733	70.185616
925.49817	76.495567
925.54901	85.884735
925.59985	82.23645
925.6507	90.411301
925.70148	93.500893
925.75232	82.830536
925.80316	87.995888
925.854	74.599884
925.90485	79.327469
925.95569	78.719757
926.00653	76.002373
926.05731	81.505318
926.10815	84.587349
926.159	81.064308
926.20984	81.971809
926.26068	84.375221
926.31152	81.274681
926.36237	88.829254
926.41315	87.145378
926.46399	86.045586
926.51483	83.182472
926.56567	83.645088
926.61652	87.887093
926.66736	82.392181
926.7182	87.947495
926.76898	82.114159
926.81982	82.644302
926.87067	88.569427
926.92151	78.557556
926.97235	77.146294
927.02319	79.681175
927.07404	71.507477
927.12488	77.286057
927.17566	72.417412
927.2265	86.302223
927.27734	86.784019
927.32819	84.831879
927.37903	87.238991
927.42987	81.852127
927.48071	81.99556
927.53149	74.205559
927.58234	70.090416
927.63318	70.438248
927.68402	76.876801
927.73486	77.573502
927.78571	79.255661
927.83655	80.542068
927.88733	79.202774
927.93817	83.995689
927.98901	82.923393
928.03986	79.819962
928.0907	72.704353
928.14154	70.178345
928.19238	72.560173
928.24316	72.341644
928.29401	73.991959
928.34485	73.942314
928.39569	72.919296
928.44653	70.014969
928.49738	70.945808
928.54822	74.340027
928.599	75.15451
928.64984	73.355949
928.70068	72.757912
928.75153	76.275215
928.80237	80.361382
928.85321	79.403183
928.90405	73.099976
928.95483	66.817505
929.00568	68.638428
929.05652	67.727875
929.10736	68.918518
929.1582	68.697601
929.20905	77.103645
929.25989	82.11924
929.31067	80.94722
929.36151	78.678108
929.41235	74.578979
929.4632	79.634552
929.51404	75.576912
929.56488	74.405136
929.61572	71.620506
929.6665	70.018623
929.71735	72.705315
929.76819	70.507095
929.81903	75.447693
929.86987	68.059242
929.92072	74.27903
929.97156	83.244095
930.02234	75.943581
930.07318	76.863113
930.12402	73.759964
930.17487	77.633858
930.22571	76.71563
930.27655	76.458412
930.32739	72.377266
930.37817	74.483971
930.42902	68.105095
930.47986	70.947708
930.5307	68.445526
930.58154	70.31913
930.63239	76.221809
930.68323	72.18399
930.73401	67.037094
930.78485	73.334457
930.83569	78.694885
930.88654	73.556007
930.93738	79.596611
930.98822	74.463631
931.03906	79.679604
931.08984	76.238159
931.14069	70.217278
931.19153	68.113281
931.24237	62.340748
931.29321	63.265373
931.34406	65.308151
931.3949	54.241165
931.44574	72.62146
931.49652	75.666443
931.54736	76.905907
931.59821	73.041161
931.64905	65.755035
931.69989	69.534561
931.75073	64.948967
931.80157	70.502335
931.85236	62.033409
931.9032	60.001816
931.95404	64.948715
932.00488	67.031479
932.05573	70.767548
932.10657	65.399811
932.15741	66.12899
932.20819	67.970695
932.25903	65.924469
932.30988	67.714859
932.36072	71.711693
932.41156	69.541466
932.4624	67.731575
932.51324	66.981415
932.56403	65.851868
932.61487	70.793045
932.66571	67.356743
932.71655	61.527744
932.7674	60.680397
932.81824	66.694611
932.86908	63.96397
932.91986	60.100594
932.9707	64.53331
933.02155	66.147697
933.07239	63.740738
933.12323	65.846649
933.17407	68.32444
933.22491	65.625725
933.2757	62.836864
933.32654	60.16851
933.37738	65.036781
933.42822	67.694885
933.47906	66.720512
933.52991	60.877781
933.58075	64.414619
933.63153	69.263107
933.68237	67.370705
933.73322	64.55056
933.78406	66.136215
933.8349	68.921822
933.88574	65.575317
933.93658	64.671127
933.98737	61.370865
934.03821	56.411289
934.08905	58.718597
934.13989	62.636921
934.19073	61.042431
934.24158	61.503155
934.29242	60.086674
934.3432	62.609425
934.39404	60.506168
934.44489	56.255726
934.49573	56.002781
934.54657	57.961082
934.59741	63.198555
934.64825	62.972679
934.69904	58.50272
934.74988	60.144928
934.80072	61.721119
934.85156	60.760838
934.9024	61.840107
934.95325	57.014767
935.00409	55.257755
935.05487	55.890152
935.10571	56.517624
935.15656	55.900852
935.2074	62.11401
935.25824	61.665394
935.30908	64.09407
935.35992	66.101639
935.41071	63.693794
935.46155	58.872475
935.51239	55.515411
935.56323	56.345856
935.61407	54.736496
935.66492	56.449474
935.71576	54.857555
935.7666	58.075695
935.81738	63.308403
935.86823	59.519611
935.91907	61.968929
935.96991	61.058113
936.02075	54.127571
936.07159	58.965221
936.12244	59.049313
936.17322	58.235729
936.22406	60.374115
936.2749	60.730335
936.32574	56.081249
936.37659	58.115627
936.42743	55.51009
936.47827	56.653145
936.52905	56.293823
936.5799	55.262554
936.63074	56.006439
936.68158	58.346752
936.73242	56.834347
936.78326	59.97192
936.83411	53.767574
936.88489	64.25396
936.93573	60.255577
936.98657	60.050674
937.03741	58.765877
937.08826	55.551968
937.1391	60.169971
937.18994	53.783592
937.24072	56.224796
937.29156	58.018913
937.34241	56.15818
937.39325	51.088642
937.44409	57.967297
937.49493	58.299965
937.54578	55.984062
937.59656	57.690399
937.6474	60.357845
937.69824	61.737244
937.74908	61.220184
937.79993	54.222443
937.85077	56.799526
937.90161	55.503792
937.95239	55.099407
938.00323	61.265644
938.05408	58.694958
938.10492	58.25322
938.15576	57.041504
938.2066	57.192581
938.25745	58.855278
938.30823	58.041992
938.35907	55.880749
938.40991	55.949165
938.46075	53.06575
938.5116	52.480247
938.56244	52.904335
938.61328	53.443489
938.66406	51.718929
938.7149	50.996998
938.76575	53.744339
938.81659	52.628838
938.86743	51.27507
938.91827	51.3004
938.96912	55.138359
939.0199	59.947372
939.07074	63.456734
939.12158	59.962112
939.17242	56.857693
939.22327	54.140785
939.27411	52.51796
939.32495	52.136547
939.37573	52.280563
939.42657	50.927467
939.47742	59.121159
939.52826	56.944012
939.5791	59.999046
939.62994	56.533287
939.68079	54.154125
939.73163	57.546978
939.78241	53.848545
939.83325	51.213894
939.88409	52.629345
939.93494	59.896061
939.98578	58.845024
940.03662	60.335583
940.08746	54.647678
940.13824	58.420788
940.18909	53.919701
940.23993	55.965672
940.29077	57.443607
940.34161	54.217148
940.39246	55.327156
940.4433	56.854397
940.49408	55.092274
940.54492	52.816593
940.59576	58.203838
940.64661	61.406921
940.69745	50.24271
940.74829	52.952248
940.79913	58.91832
940.84991	57.163342
940.90076	54.742146
940.9516	58.481934
941.00244	53.739391
941.05328	52.083988
941.10413	51.36359
941.15497	52.04961
941.20575	52.919861
941.25659	52.868828
941.30743	55.751598
941.35828	59.31464
941.40912	58.824364
941.45996	52.65696
941.5108	52.774891
941.56158	55.743248
941.61243	50.024887
941.66327	50.78413
941.71411	53.357651
941.76495	52.046597
941.8158	51.664963
941.86664	49.25235
941.91742	48.308411
941.96826	51.99791
942.0191	50.774063
942.06995	49.064465
942.12079	49.907845
942.17163	51.342567
942.22247	50.453285
942.27325	50.631187
942.3241	50.996632
942.37494	50.359863
942.42578	51.394966
942.47662	50.377987
942.52747	48.734882
942.57831	49.531162
942.62909	53.77906
942.67993	56.450928
942.73077	56.791992
942.78162	53.805443
942.83246	51.919044
942.8833	56.371979
942.93414	53.117867
942.98492	47.970913
943.03577	45.529327
943.08661	48.335018
943.13745	50
943.18829	51.267944
943.23914	48.333134
943.28998	51.999165
943.34076	53.791996
943.3916	54.55529
943.44244	51.843586
943.49329	62.084816
943.54413	52.924545
943.59497	57.200916
943.64581	52.125839
943.69659	54.358311
943.74744	50.691273
943.79828	50.692928
943.84912	51.680992
943.89996	50.173386
943.95081	48.165039
944.00165	45.942757
944.05249	57.143478
944.10327	56.831795
944.15411	53.096951
944.20496	52.011326
944.2558	50.005215
944.30664	51.843433
944.35748	54.767136
944.40833	53.589386
944.45911	45.646038
944.50995	55.273289
944.56079	48.898705
944.61163	49.897423
944.66248	49.350445
944.71332	51.737892
944.76416	50.550945
944.81494	52.675282
944.86578	47.349442
944.91663	49.960892
944.96747	48.983013
945.01831	47.568886
945.06915	55.384323
945.12	59.213207
945.17078	55.283669
945.22162	50.668217
945.27246	48.636425
945.3233	43.973209
945.37415	43.988907
945.42499	50.004578
945.47583	48.439625
945.52661	54.985485
945.57745	50.74221
945.6283	51.264648
945.67914	53.57629
945.72998	54.728294
945.78082	57.145363
945.83167	52.304996
945.88245	51.220631
945.93329	49.109215
945.98413	45.972397
946.03497	48.909145
946.08582	48.74757
946.13666	48.866055
946.1875	51.99707
946.23828	55.60836
946.28912	52.352283
946.33997	52.575569
946.39081	51.209026
946.44165	51.42477
946.49249	49.665035
946.54333	50.546516
946.59412	49.851772
946.64496	48.250042
946.6958	51.49688
946.74664	54.993423
946.79749	55.791992
946.84833	55.791996
946.89917	48.358585
946.94995	46.774311
947.00079	53.935349
947.05164	51.134979
947.10248	51.466782
947.15332	53.632973
947.20416	49.753757
947.255	56.593384
947.30579	45.486279
947.35663	55.419903
947.40747	54.25457
947.45831	53.807762
947.50916	50.033352
947.56	55.714256
947.61084	44.165668
947.66162	47.731457
947.71246	50.997185
947.76331	48.026157
947.81415	49.912281
947.86499	53.700897
947.91583	51.682774
947.96667	50.360729
948.01752	54.519733
948.0683	51.070496
948.11914	46.33873
948.16998	56
948.22083	54.788532
948.27167	48.799824
948.32251	52.244843
948.37335	49.437431
948.42413	47.573334
948.47498	46.181213
948.52582	47.524845
948.57666	49.846024
948.6275	49.174297
948.67834	48.102367
948.72919	49.87344
948.77997	48.823879
948.83081	49.651463
948.88165	47.984482
948.9325	49.791992
948.98334	47.570415
949.03418	45.114101
949.08502	46.377483
949.1358	47.081947
949.18665	48.884651
949.23749	49
949.28833	45.188717
949.33917	45.918854
949.39001	45.820862
949.44086	46.129101
949.49164	48.844128
949.54248	49.22002
949.59332	52.711441
949.64417	50.362385
949.69501	49.596283
949.74585	47.090557
949.79669	46.823151
949.84747	47.350925
949.89832	42.348148
949.94916	45.978779
950	46.84779
