700	108.3066
700.05084	109.59378
700.10168	105.85191
700.15253	96.906036
700.20331	93.651382
700.25415	96.702797
700.30499	89.207985
700.35583	106.21394
700.40668	103.29654
700.45752	102.31337
700.50836	96.112572
700.55914	104.68745
700.60999	98.65773
700.66083	104.82518
700.71167	104.3991
700.76251	101.34281
700.81335	99.240768
700.8642	110.48494
700.91498	106.12742
700.96582	105
701.01666	104.18797
701.0675	102.40973
701.11835	103.55648
701.16919	104.76134
701.22003	114.67786
701.27081	105.13137
701.32166	109.32899
701.3725	114.60433
701.42334	115.10098
701.47418	107.08031
701.52502	112.00309
701.57587	112.18622
701.62665	108.51281
701.67749	98.114464
701.72833	100.52044
701.77917	113.45711
701.83002	114.89299
701.88086	107.80152
701.9317	104.66664
701.98248	104.33046
702.03333	100.79372
702.08417	98.600113
702.13501	101.51677
702.18585	106.86021
702.23669	110.3125
702.28754	108.62706
702.33838	106.74787
702.38916	110.49925
702.44	113.06544
702.49084	108.88774
702.54169	106.76987
702.59253	103.50955
702.64337	104.22868
702.69421	112.13779
702.745	118.07533
702.79584	110.77576
702.84668	109.17065
702.89752	105.23823
702.94836	102.74931
702.99921	105.94751
703.05005	102.21185
703.10083	91.273735
703.15167	92.106255
703.20251	102.9297
703.25336	117.15987
703.3042	95.043823
703.35504	107.12238
703.40588	110.10795
703.45667	114.25301
703.50751	107.06522
703.55835	107
703.60919	109.21684
703.66003	111.84341
703.71088	106.4444
703.76172	116.28447
703.8125	106.32693
703.86334	100.89202
703.91418	98.593262
703.96503	113.23579
704.01587	115.43143
704.06671	102.09753
704.11755	108.52985
704.16833	114.35298
704.21918	117.35905
704.27002	109.29408
704.32086	110.45788
704.3717	111.51031
704.42255	108.53095
704.47339	107.10022
704.52417	107.66277
704.57501	102.82684
704.62585	107.12876
704.6767	100.68269
704.72754	102.55252
704.77838	108.71217
704.82922	112.56622
704.88	111.84884
704.93085	105.43581
704.98169	104.37898
705.03253	106.81281
705.08337	109.58131
705.13422	114.33834
705.18506	111.72426
705.23584	109.66269
705.28668	113.21607
705.33752	111.52173
705.38837	114.35159
705.43921	121.67275
705.49005	126.60004
705.54089	118.67651
705.59167	115.81218
705.64252	109.23475
705.69336	114.89224
705.7442	115.49105
705.79504	111.43156
705.84589	107.44894
705.89673	114.55086
705.94751	120.38872
705.99835	110.99013
706.04919	116.81521
706.10004	111.74374
706.15088	114.62413
706.20172	118.95747
706.25256	121.72874
706.30341	109.79422
706.35419	114.2067
706.40503	113.53929
706.45587	120.67439
706.50671	108.92484
706.55756	127.08157
706.6084	113.31683
706.65924	118.91477
706.71002	118.33361
706.76086	107.52534
706.81171	107.93672
706.86255	108
706.91339	101.94662
706.96423	112.59734
707.01508	108.15705
707.06586	102.16463
707.1167	106.09711
707.16754	113.60265
707.21838	123.34897
707.26923	119.50737
707.32007	118.77813
707.37091	115.95041
707.42169	123.44664
707.47253	118.77478
707.52338	109.78673
707.57422	108.71143
707.62506	120.72224
707.6759	119.52878
707.72675	118.26929
707.77753	106.5819
707.82837	114.21162
707.87921	122.51836
707.93005	116.8802
707.9809	120.59
708.03174	121.71143
708.08258	118.14308
708.13336	113.42693
708.1842	118.34486
708.23505	128.97972
708.28589	127.64562
708.33673	121.68269
708.38757	116.90127
708.43842	117.63347
708.4892	117.5512
708.54004	118.39686
708.59088	123.99173
708.64172	117.11074
708.69257	122.19061
708.74341	127.76709
708.79425	125.27328
708.84503	121.71066
708.89587	120.30561
708.94672	116.95269
708.99756	125.22215
709.0484	120.04918
709.09924	120.93353
709.15009	118.66753
709.20087	126.05887
709.25171	118.11651
709.30255	109.68245
709.35339	130.50319
709.40424	125.76947
709.45508	123.79061
709.50592	119.78736
709.5567	117.03181
709.60754	108.11347
709.65839	118.12061
709.70923	120.28136
709.76007	126.1683
709.81091	121.29528
709.86176	120.00227
709.91254	111.15461
709.96338	119.03892
710.01422	126.93233
710.06506	114.84132
710.11591	126.89498
710.16675	118.31277
710.21759	118.20329
710.26837	117.16264
710.31921	116.1395
710.37006	117.95352
710.4209	121.63256
710.47174	120.68353
710.52258	126.46014
710.57343	128
710.62427	115.17626
710.67505	116.58784
710.72589	119.78886
710.77673	122.25637
710.82758	130.78683
710.87842	123.82185
710.92926	126.55445
710.9801	122.25517
711.03088	124.58346
711.08173	133.05872
711.13257	134.34171
711.18341	133.72639
711.23425	131.24959
711.2851	127.5974
711.33594	134.10309
711.38672	131.48128
711.43756	130.84851
711.4884	134.09007
711.53925	127.68193
711.59009	126.55718
711.64093	126.04932
711.69177	126.37209
711.74255	132.91969
711.7934	136.39549
711.84424	136.28136
711.89508	132.13963
711.94592	128.43056
711.99677	124.22832
712.04761	123.69678
712.09839	129.85541
712.14923	129.8181
712.20007	117.62548
712.25092	125.50954
712.30176	122.73934
712.3526	117.66816
712.40344	128.3125
712.45422	128.01436
712.50507	127.21233
712.55591	127.47101
712.60675	124.70875
712.65759	124.23245
712.70844	135.8765
712.75928	139
712.81006	139.1228
712.8609	137.83524
712.91174	121.8734
712.96259	138.44453
713.01343	120.1858
713.06427	118.65397
713.11511	125.27829
713.16589	124.41072
713.21674	129.28204
713.26758	123.36828
713.31842	124.9594
713.36926	134.9024
713.4201	144.76868
713.47095	126.69152
713.52173	131.44147
713.57257	145.52867
713.62341	134.57719
713.67426	142.00049
713.7251	145.61893
713.77594	140.35817
713.82678	131.5918
713.87756	131.629
713.92841	125.60055
713.97925	134.45515
714.03009	138.0833
714.08093	122.19543
714.13177	130.34984
714.18262	129.91037
714.2334	135.83772
714.28424	135.0304
714.33508	141.98293
714.38593	137.5144
714.43677	124.8073
714.48761	123.51089
714.53845	134.06403
714.58929	134.23738
714.64008	133.97986
714.69092	137.3445
714.74176	137.00169
714.7926	136.17258
714.84344	131.83759
714.89429	125.01796
714.94513	127.91969
714.99591	132.32214
715.04675	128.27867
715.0976	126.86414
715.14844	133.20929
715.19928	136.42326
715.25012	126.08554
715.30096	123.36366
715.35175	136.57751
715.40259	139.76053
715.45343	135.98454
715.50427	132.94221
715.55511	138.82234
715.60596	131.29088
715.6568	134.71344
715.70758	136.60727
715.75842	138.06554
715.80927	138.2215
715.86011	133.23367
715.91095	130.9352
715.96179	128.2587
716.01263	140.18617
716.06342	133.44667
716.11426	135.98643
716.1651	146.04922
716.21594	147.90692
716.26678	132.04097
716.31763	150.5013
716.36847	145.603
716.41925	135.26903
716.47009	144.14819
716.52094	141.63664
716.57178	132.47174
716.62262	135.27287
716.67346	134.5305
716.7243	142.98833
716.77509	142.00304
716.82593	148.20964
716.87677	134.74431
716.92761	144.52675
716.97845	134.94089
717.0293	149.13866
717.08014	135.70215
717.13092	142.40063
717.18176	142.42734
717.2326	132.72314
717.28345	136.45656
717.33429	138.73636
717.38513	144.23552
717.43597	142.86514
717.48676	144.46635
717.5376	145.7878
717.58844	148.56215
717.63928	150.07231
717.69012	142.84839
717.74097	138.84822
717.79181	138.088
717.84259	136.81168
717.89343	137.69337
717.94427	133.57324
717.99512	133.9639
718.04596	149.38876
718.0968	152.11345
718.14764	144.14619
718.19843	147.26651
718.24927	147.74693
718.30011	145.71136
718.35095	137.50589
718.40179	141.12448
718.45264	148.23355
718.50348	147.3125
718.55426	143.57227
718.6051	147.96935
718.65594	144.03438
718.70679	138.69699
718.75763	153.39375
718.80847	153.46397
718.85931	141.85052
718.91016	140.664
718.96094	142.32178
719.01178	144.42055
719.06262	150.06271
719.11346	153.7314
719.16431	152.88429
719.21515	145.54951
719.26599	151.92191
719.31677	158.55124
719.36761	159.32275
719.41846	150.86644
719.4693	160.08334
719.52014	158.46016
719.57098	147.24214
719.62183	131.56239
719.67261	139.39346
719.72345	139.45744
719.77429	151.2074
719.82513	143.25571
719.87598	149.26303
719.92682	147.98557
719.97766	145.19754
720.02844	162.17839
720.07928	134.31654
720.13013	158.84143
720.18097	147.77998
720.23181	153.35686
720.28265	153.43776
720.3335	143.0118
720.38428	143.58498
720.43512	154.06425
720.48596	159.30687
720.5368	155.37134
720.58765	151.42494
720.63849	162.51486
720.68933	159.21964
720.74011	154.63271
720.79095	157.06737
720.8418	157.3125
720.89264	148.11905
720.94348	144.63734
720.99432	133.92207
721.04517	151.65285
721.09595	159.45753
721.14679	155.10049
721.19763	146.94345
721.24847	149.31155
721.29932	156.35985
721.35016	156.69514
721.401	148.71405
721.45178	142.57585
721.50262	147.92055
721.55347	151.5289
721.60431	155.75819
721.65515	162.87129
721.70599	153.03993
721.75684	146.64409
721.80762	160.72266
721.85846	159.11862
721.9093	144.75583
721.96014	155.94418
722.01099	165.1059
722.06183	153.09543
722.11267	147.44008
722.16345	160.28477
722.21429	157.04251
722.26514	160.60896
722.31598	167.26837
722.36682	151.21628
722.41766	144.15231
722.46851	159.35492
722.51929	167.68285
722.57013	160.31119
722.62097	158.82611
722.67181	156.65991
722.72266	151.71312
722.7735	156.22751
722.82434	162.48502
722.87512	169.69601
722.92596	170.68335
722.97681	171.3125
723.02765	160.50243
723.07849	149.73833
723.12933	163.87904
723.18018	159.67035
723.23102	170.72655
723.2818	154.69635
723.33264	151.8412
723.38348	161.72217
723.43433	160.72916
723.48517	163.69164
723.53601	169.76381
723.58685	176.5498
723.63763	154.7229
723.68848	173.13298
723.73932	173.26286
723.79016	175.23019
723.841	160.46921
723.89185	163.91843
723.94269	169.89224
723.99347	180.33684
724.04431	147.00574
724.09515	157.25877
724.146	161.1032
724.19684	171.81339
724.24768	163.28171
724.29852	170.20485
724.3493	177.08661
724.40015	163.03659
724.45099	173.20862
724.50183	159.31625
724.55267	162.8627
724.60352	168.72066
724.65436	171.17398
724.70514	161.74461
724.75598	171.98677
724.80682	166.05562
724.85767	188.20273
724.90851	158.75635
724.95935	155.77322
725.01019	159.67953
725.06097	163.41365
725.11182	177.51921
725.16266	168.62587
725.2135	168.4129
725.26434	157.36644
725.31519	169.66563
725.36603	170.16649
725.41681	172.25246
725.46765	175.53839
725.51849	181.42062
725.56934	172.32574
725.62018	173.86256
725.67102	173.32376
725.72186	174.93599
725.77264	172.76067
725.82349	167.71826
725.87433	175.66177
725.92517	181.82935
725.97601	179.83388
726.02686	176.3004
726.0777	165.47687
726.12848	170.07634
726.17932	177.03688
726.23016	175.754
726.28101	176.40504
726.33185	186.93668
726.38269	183.28354
726.43353	174.70673
726.48431	172.51317
726.53516	169.94522
726.586	173.42223
726.63684	177.91539
726.68768	183.42006
726.73853	185.12419
726.78937	175.04688
726.84015	165.19995
726.89099	174.21509
726.94183	181.83105
726.99268	177.7355
727.04352	174.47987
727.09436	175.20183
727.1452	171.00392
727.19604	163.20947
727.24683	167.7674
727.29767	183.20889
727.34851	189.20844
727.39935	179.45355
727.4502	186.03387
727.50104	171.9498
727.55188	167.16426
727.60266	182.23448
727.6535	182.77684
727.70435	181.64406
727.75519	178.65883
727.80603	172.75063
727.85687	174.82683
727.90771	173.88742
727.9585	193.35655
728.00934	174.25085
728.06018	190.22707
728.11102	176.23329
728.16187	177.92813
728.21271	178.12366
728.26355	184.94392
728.31433	173.02191
728.36517	174.06476
728.41602	185.74995
728.46686	174.27672
728.5177	181.95523
728.56854	180.01485
728.61938	181.31137
728.67017	183.28856
728.72101	186.9108
728.77185	189.23093
728.82269	186.15723
728.87354	168.11302
728.92438	191.48018
728.97522	195.7802
729.026	194.18588
729.07684	172.8011
729.12769	172.96378
729.17853	184.64415
729.22937	194.91705
729.28021	179.90851
729.33105	174.74963
729.38184	186.70395
729.43268	177.91551
729.48352	183.34042
729.53436	192.1907
729.58521	188.00566
729.63605	176.08275
729.68689	190.41962
729.73767	191.76036
729.78851	194.48753
729.83936	188.76985
729.8902	176.96704
729.94104	186.6138
729.99188	188.18057
730.04272	181.35759
730.09351	202.32887
730.14435	198.9418
730.19519	204.06575
730.24603	193.41393
730.29688	196.66467
730.34772	194.20949
730.39856	180.54428
730.44934	205.92484
730.50018	203.57605
730.55103	184.05391
730.60187	191.55051
730.65271	198.08447
730.70355	192.89987
730.75439	198.86534
730.80518	195.80389
730.85602	190.61783
730.90686	203.47934
730.9577	207.77344
731.00854	207.48723
731.05939	209.23576
731.11023	202.43069
731.16101	191.55385
731.21185	195.52538
731.2627	206.90385
731.31354	204.59789
731.36438	200.84038
731.41522	191.9832
731.46606	189.05865
731.51691	198.30528
731.56769	192.44713
731.61853	204.19647
731.66937	204.57793
731.72021	203.39861
731.77106	213.8143
731.8219	207.17357
731.87274	210.33011
731.92352	213.26491
731.97437	214.84087
732.02521	215.85576
732.07605	213.85147
732.12689	215.96107
732.17773	196.97847
732.22858	203.83598
732.27936	194.55746
732.3302	221.75381
732.38104	205.0549
732.43188	215.05321
732.48273	213.07208
732.53357	200.13605
732.58441	202.60695
732.63519	192.82224
732.68604	220.08588
732.73688	215.03038
732.78772	217.92091
732.83856	210.81862
732.8894	198.05838
732.94025	204.9735
732.99103	194.64064
733.04187	193.36374
733.09271	210.9203
733.14355	205.87819
733.1944	202.74428
733.24524	205.41107
733.29608	208.22
733.34686	183.04074
733.39771	220.23206
733.44855	196.0777
733.49939	204.40845
733.55023	213.4855
733.60107	215.06517
733.65192	219.37189
733.7027	207.10101
733.75354	203.95967
733.80438	204.26889
733.85522	207.93883
733.90607	222.31039
733.95691	211.5231
734.00775	204.12109
734.05853	219.14439
734.10938	218.10344
734.16022	202.70485
734.21106	206.95393
734.2619	232.75845
734.31274	230.92422
734.36359	216.87712
734.41437	236.55424
734.46521	230.76234
734.51605	226.23611
734.56689	223.35677
734.61774	219.62709
734.66858	208.36618
734.71942	221.56284
734.7702	220.78406
734.82104	229.44518
734.87189	229.31631
734.92273	221.61093
734.97357	224.97298
735.02441	224.54134
735.07526	220.59442
735.12604	215.95769
735.17688	223.20723
735.22772	228.98695
735.27856	225.22194
735.32941	220.65666
735.38025	224.07201
735.43109	222.72182
735.48193	220.29918
735.53271	224.61813
735.58356	223.80493
735.6344	220.52396
735.68524	224.84793
735.73608	224.90103
735.78693	227.24513
735.83777	230.68987
735.88855	232.85873
735.93939	235.92476
735.99023	226.97768
736.04108	223.00317
736.09192	229.67113
736.14276	233.85992
736.1936	237.86095
736.24438	241.82707
736.29523	245.33437
736.34607	240.06606
736.39691	230.61732
736.44775	231.99564
736.4986	234.40094
736.54944	233.96594
736.60022	230.56197
736.65106	231.46796
736.7019	244.17973
736.75275	236.50156
736.80359	232.86198
736.85443	229.55878
736.90527	226.45992
736.95605	241.53505
737.0069	233.62653
737.05774	231.97662
737.10858	251.76135
737.15942	251.83034
737.21027	238.45898
737.26111	236.69142
737.31189	239.43092
737.36273	238.63441
737.41357	228.35829
737.46442	245.08679
737.51526	233.81616
737.5661	235.42131
737.61694	244.38467
737.66772	243.17418
737.71857	238.31157
737.76941	249.59122
737.82025	249.9911
737.87109	247.22104
737.92194	252.41194
737.97278	244.37241
738.02356	260.92224
738.0744	252.41792
738.12524	249.70233
738.17609	254.70259
738.22693	255.76152
738.27777	252.71196
738.32861	254.21931
738.37939	267.31509
738.43024	243.75508
738.48108	237.95235
738.53192	243.26202
738.58276	257.91925
738.63361	246.09789
738.68445	249.35892
738.73523	252.32614
738.78607	254.38785
738.83691	254.42107
738.88776	256.23373
738.9386	256.99942
738.98944	256.12531
739.04028	244.828
739.09106	252.11874
739.14191	262.79395
739.19275	261.05383
739.24359	256.16208
739.29443	247.62523
739.34528	244.83553
739.39612	253.84332
739.4469	265.78149
739.49774	259.76312
739.54858	254.26669
739.59943	254.66072
739.65027	252.18556
739.70111	265.63153
739.75195	256.92615
739.8028	255.52855
739.85358	259.71252
739.90442	252.35724
739.95526	256.27319
740.0061	255.71611
740.05695	264.07086
740.10779	260.88455
740.15863	251.57126
740.20941	245.70938
740.26025	256.30161
740.3111	262.57303
740.36194	256.91382
740.41278	256.30087
740.46362	258.01392
740.51447	264.72562
740.56525	260.73328
740.61609	271.68811
740.66693	274.55487
740.71777	258.64639
740.76862	255.4881
740.81946	261.27121
740.8703	269.81549
740.92108	275.69705
740.97192	274.43491
741.02277	264.32214
741.07361	273.69388
741.12445	277.60458
741.17529	267.78525
741.22614	268.5932
741.27692	266.60468
741.32776	260.34393
741.3786	264.01117
741.42944	263.41473
741.48029	264.88409
741.53113	265.42267
741.58197	276.52191
741.63275	284.59576
741.68359	267.88834
741.73444	263.98541
741.78528	277.69199
741.83612	274.96298
741.88696	275.89505
741.93781	276.77344
741.98859	276.05283
742.03943	266.57217
742.09027	277.92206
742.14111	275.7149
742.19196	288.1651
742.2428	278.71939
742.29364	284.14038
742.34442	286.03387
742.39526	269.79483
742.44611	286.4079
742.49695	278.05878
742.54779	274.11578
742.59863	291.50961
742.64948	276.56299
742.70026	289.07617
742.7511	291.24713
742.80194	275.85233
742.85278	292.21204
742.90363	281.76682
742.95447	282.91922
743.00531	305.61841
743.05609	297.46454
743.10693	302.10858
743.15778	303.53104
743.20862	297.20544
743.25946	280.83435
743.3103	290.10696
743.36115	285.16772
743.41193	277.46844
743.46277	282.30801
743.51361	290.02405
743.56445	306.28165
743.6153	292.29764
743.66614	283.54385
743.71698	300.71555
743.76782	299.63318
743.8186	302.01663
743.86945	304.8399
743.92029	309.57303
743.97113	285.5882
744.02197	299.86847
744.07281	309.90817
744.12366	306.01068
744.17444	295.16483
744.22528	290.08948
744.27612	300.5878
744.32697	314.61301
744.37781	298.78561
744.42865	308.89935
744.47949	307.39514
744.53027	305.38467
744.58112	306.10623
744.63196	306.40103
744.6828	315.96396
744.73364	318.96423
744.78448	307.24185
744.83533	315.50656
744.88611	308.63657
744.93695	318.57394
744.98779	323.41583
745.03864	316.20468
745.08948	307.79965
745.14032	307.59625
745.19116	317.53738
745.24194	309.80557
745.29279	325.12756
745.34363	327.08102
745.39447	329.9967
745.44531	332.47122
745.49615	333.53949
745.547	328.1297
745.59778	320.12555
745.64862	335.83838
745.69946	322.74911
745.75031	325.03
745.80115	336.79965
745.85199	338.14215
745.90283	335.80594
745.95361	327.58878
746.00446	327.83081
746.0553	330.81299
746.10614	334.88022
746.15698	325.09897
746.20782	326.936
746.25867	335.48535
746.30945	311.81204
746.36029	326.06937
746.41113	345.27563
746.46198	341.297
746.51282	326.00391
746.56366	326.35818
746.6145	306.20313
746.66528	320.37021
746.71613	314.20969
746.76697	334.0874
746.81781	357.84924
746.86865	320.27072
746.91949	336.41446
746.97034	332.72794
747.02112	332.10941
747.07196	337.27304
747.1228	340.08313
747.17365	345.64673
747.22449	340.95978
747.27533	344.85162
747.32617	338.01898
747.37695	337.66245
747.4278	335.65897
747.47864	354.64987
747.52948	361.20898
747.58032	348.33746
747.63116	344.47556
747.68201	347.35504
747.73279	351.14941
747.78363	344.09558
747.83447	340.50177
747.88531	354.19281
747.93616	357.49335
747.987	359.58875
748.03784	353.42416
748.08868	345.03629
748.13947	346.92694
748.19031	357.33511
748.24115	356.45935
748.29199	356.40579
748.34283	356.26657
748.39368	352.01453
748.44452	358.39279
748.4953	360.22757
748.54614	346.56735
748.59698	357.99356
748.64783	371.09442
748.69867	363.09735
748.74951	362.74835
748.80035	359.56219
748.85114	365.99313
748.90198	376.54633
748.95282	379.95367
749.00366	375.67642
749.0545	363.6282
749.10535	365.33304
749.15619	360.57422
749.20697	373.9697
749.25781	375.09009
749.30865	375.38666
749.3595	380.71051
749.41034	375.12396
749.46118	362.51193
749.51202	368.00897
749.56281	373.75421
749.61365	386.3338
749.66449	373.6344
749.71533	369.99377
749.76617	390.44
749.81702	398.32968
749.86786	395.31732
749.91864	380.62924
749.96948	382.92661
750.02032	395.32712
750.07117	398.05933
750.12201	366.91946
750.17285	383.47025
750.22369	388.271
750.27448	373.42136
750.32532	395.96005
750.37616	386.83444
750.427	402.50241
750.47784	396.40744
750.52869	389.87119
750.57953	392.46802
750.63031	384.23959
750.68115	410.48621
750.73199	395.51175
750.78284	376.55301
750.83368	407.0351
750.88452	404.50543
750.93536	376.59607
750.98615	363.28421
751.03699	415.18369
751.08783	402.09338
751.13867	396.81805
751.18951	405.44836
751.24036	405.94406
751.2912	410.41077
751.34198	410.86951
751.39282	398.80203
751.44366	411.99268
751.49451	403.97485
751.54535	420.09457
751.59619	414.03052
751.64703	405.216
751.69781	388.2023
751.74866	412.50345
751.7995	409.59146
751.85034	418.15546
751.90118	423.15802
751.95203	420.0137
752.00287	427.88092
752.05365	418.66324
752.10449	408.64166
752.15533	415.39835
752.20618	417.08804
752.25702	427.58386
752.30786	407.198
752.3587	422.40927
752.40955	434.44778
752.46033	426.47009
752.51117	426.91412
752.56201	424.75198
752.61285	412.48718
752.6637	410.08109
752.71454	434.93338
752.76538	420.42108
752.81616	425.54633
752.867	423.37009
752.91785	421.97238
752.96869	421.00659
753.01953	437.69998
753.07037	447.15964
753.12122	432.72147
753.172	440.02957
753.22284	442.82675
753.27368	434.70432
753.32452	440.33255
753.37537	433.80841
753.42621	434.88559
753.47705	438.65601
753.52783	441.59012
753.57867	456.70486
753.62952	450.84238
753.68036	452.08392
753.7312	448.57037
753.78204	426.84808
753.83289	435.88239
753.88367	440.79404
753.93451	439.25
753.98535	454.50638
754.03619	461.85379
754.08704	462.99997
754.13788	456.67761
754.18872	459.99554
754.2395	472.02747
754.29034	457.59863
754.34119	451.63126
754.39203	454.39911
754.44287	467.45123
754.49371	478.9545
754.54456	476.4848
754.59534	469.94672
754.64618	452.9035
754.69702	446.2594
754.74786	446.66519
754.79871	469.49509
754.84955	472.24069
754.90039	489.97391
754.95117	485.26404
755.00201	492.20969
755.05286	477.59592
755.1037	475.01956
755.15454	476.49997
755.20538	460.58188
755.25623	470.89304
755.30701	450.89276
755.35785	463.82489
755.40869	467.9032
755.45953	477.69672
755.51038	467.1058
755.56122	477.02643
755.61206	480.86093
755.66284	483.53439
755.71368	482.32755
755.76453	469.55658
755.81537	475.86456
755.86621	487.56073
755.91705	469.07315
755.9679	498.71213
756.01868	454.33374
756.06952	511.97571
756.12036	511.25436
756.1712	505.68927
756.22205	513.35773
756.27289	507.0787
756.32373	515.99121
756.37457	493.22632
756.42535	525.85004
756.4762	491.03586
756.52704	521.26477
756.57788	483.39676
756.62872	509.79865
756.67957	503.55527
756.73041	486.33801
756.78119	508.84109
756.83203	483.30435
756.88287	486.75928
756.93372	501.28659
756.98456	490.68118
757.0354	512.51886
757.08624	513.4129
757.13702	508.73676
757.18787	505.02209
757.23871	514.09845
757.28955	487.1116
757.34039	512.02594
757.39124	501.2291
757.44208	520.94348
757.49286	516.32306
757.5437	506.85959
757.59454	523.11389
757.64539	506.34186
757.69623	535.28229
757.74707	504.56534
757.79791	513.89081
757.84869	532.6496
757.89954	526.42566
757.95038	544.43311
758.00122	512.88446
758.05206	530.02368
758.10291	549.92603
758.15375	539.20056
758.20453	535.65979
758.25537	536.65308
758.30621	543.58063
758.35706	537.90594
758.4079	535.61542
758.45874	544.00146
758.50958	534.22235
758.56036	525.78979
758.61121	532.53552
758.66205	537
758.71289	532.08087
758.76373	558.00818
758.81458	567.04688
758.86542	562.26837
758.9162	540.70099
758.96704	526.75122
759.01788	520.36261
759.06873	533.27478
759.11957	552.94312
759.17041	558.70428
759.22125	554.5285
759.27203	537.59497
759.32288	531.91626
759.37372	530.7887
759.42456	542.80927
759.4754	560.70081
759.52625	560.2265
759.57709	545.13025
759.62787	548.42542
759.67871	563.71313
759.72955	558.28577
759.7804	553.14008
759.83124	564.05383
759.88208	563.42859
759.93292	571.85352
759.9837	573.03851
760.03455	579.63947
760.08539	564.37579
760.13623	570.17816
760.18707	574.4707
760.23792	579.8974
760.28876	581.06519
760.33954	574.05908
760.39038	596.87372
760.44122	573.56702
760.49207	589.04163
760.54291	563.16443
760.59375	571.39069
760.64459	568.31641
760.69543	563.93823
760.74622	594.92639
760.79706	575.24457
760.8479	591.14783
760.89874	581.35559
760.94958	558.91656
761.00043	593.42059
761.05127	580.15356
761.10205	598.57721
761.15289	573.49225
761.20374	591.2796
761.25458	575.23114
761.30542	604.6806
761.35626	592.02557
761.4071	599.24304
761.45789	606.52875
761.50873	617.53345
761.55957	588.41345
761.61041	603.6524
761.66125	589.97815
761.7121	580.27094
761.76294	592.58453
761.81372	630.55707
761.86456	604.74847
761.91541	641.09784
761.96625	603.04004
762.01709	603.56067
762.06793	590.49451
762.11877	591.50323
762.16956	593.9245
762.2204	653.47095
762.27124	659.42432
762.32208	627.00446
762.37292	611.36688
762.42377	622.09918
762.47461	644.55188
762.52539	625.01923
762.57623	625.88776
762.62708	620.82294
762.67792	599.10889
762.72876	632.96588
762.7796	619.57245
762.83044	651.00665
762.88123	626.64832
762.93207	619.91504
762.98291	617.2934
763.03375	634.88605
763.08459	619.28009
763.13544	643.94904
763.18628	686.72803
763.23706	623.14972
763.2879	655.08685
763.33875	611.87256
763.38959	641.56097
763.44043	618.01428
763.49127	620.54004
763.54211	620.61157
763.5929	657.06519
763.64374	616.59619
763.69458	634.961
763.74542	653.66339
763.79626	642.05853
763.84711	639.72375
763.89795	627.8313
763.94873	660.22546
763.99957	672.92487
764.05042	632.81683
764.10126	630.82397
764.1521	631.06146
764.20294	645.03522
764.25378	650.039
764.30457	649.17755
764.35541	674.67792
764.40625	691.63776
764.45709	667.93365
764.50793	660.1756
764.55878	667.13416
764.60962	686.36182
764.66046	661.31848
764.71124	670.75385
764.76208	698.42773
764.81293	686.26038
764.86377	682.0755
764.91461	675.51263
764.96545	675.67993
765.0163	675.27472
765.06708	669.81311
765.11792	678.05426
765.16876	697.90503
765.2196	685.88959
765.27045	682.80768
765.32129	691.36212
765.37213	660.92505
765.42291	656.32318
765.47375	690.1944
765.5246	726.79053
765.57544	729.58594
765.62628	689.68744
765.67712	695.96228
765.72797	698.07043
765.77875	701.64941
765.82959	707.21112
765.88043	715.13269
765.93127	721.71484
765.98212	691.3819
766.03296	689.55157
766.0838	700.59009
766.13458	708.1745
766.18542	720.84399
766.23627	729.80823
766.28711	733.67963
766.33795	710.79645
766.38879	704.56067
766.43964	711.59583
766.49042	715.43036
766.54126	698.15137
766.5921	702.94135
766.64294	696.31836
766.69379	718.68744
766.74463	734.6972
766.79547	751.95886
766.84625	735.27356
766.89709	713.76025
766.94794	713.52722
766.99878	707.97882
767.04962	712.46442
767.10046	714.01404
767.15131	726.09174
767.20209	717.50781
767.25293	742.77271
767.30377	756.44397
767.35461	709.79352
767.40546	723.1778
767.4563	757.52911
767.50714	794.47833
767.55792	765.79791
767.60876	750.50256
767.65961	744.40662
767.71045	740.69843
767.76129	750.05176
767.81213	736.18488
767.86298	743.64209
767.91376	754.26526
767.9646	764.38635
768.01544	760.97571
768.06628	765.13708
768.11713	773.29633
768.16797	766.19641
768.21881	755.3504
768.26959	749.49426
768.32043	771.19012
768.37128	730.57703
768.42212	746.1156
768.47296	715.34424
768.5238	762.52557
768.57465	737.98553
768.62543	778.97375
768.67627	791.98962
768.72711	784.74377
768.77795	790.32538
768.8288	789.09369
768.87964	782.76569
768.93048	780.16296
768.98132	778.76691
769.0321	749.04742
769.08295	746.19293
769.13379	765.44611
769.18463	780.60724
769.23547	780.96204
769.28632	805.80176
769.33716	799.87024
769.38794	804.23889
769.43878	788.82245
769.48962	789.63257
769.54047	777.95502
769.59131	826.04413
769.64215	821.00177
769.69299	805.15228
769.74377	840.06482
769.79462	803.96985
769.84546	786.89862
769.8963	782.76685
769.94714	803.53229
769.99799	795.55261
770.04883	818.8999
770.09961	832.58051
770.15045	840.85767
770.20129	819.07367
770.25214	835.70483
770.30298	846.88391
770.35382	819.39539
770.40466	816.45044
770.45544	826.2243
770.50629	835.01007
770.55713	835.96912
770.60797	836.41534
770.65881	834.86755
770.70966	824.3913
770.7605	850.45819
770.81128	861.81598
770.86212	879.00031
770.91296	855.18433
770.96381	842.86224
771.01465	823.06195
771.06549	820.92877
771.11633	824.90295
771.16711	834.01129
771.21796	852.01978
771.2688	863.91504
771.31964	869.41766
771.37048	858.14148
771.42133	836.41608
771.47217	859.71014
771.52295	846.12341
771.57379	844.51465
771.62463	849.07263
771.67548	849.88995
771.72632	877.29803
771.77716	862.04034
771.828	872.92981
771.87878	865.60992
771.92963	869.03766
771.98047	865.05017
772.03131	876.61951
772.08215	872.42267
772.133	879.69055
772.18384	878.66205
772.23462	868.28845
772.28546	899.95142
772.3363	904.14478
772.38715	880.11725
772.43799	887.93927
772.48883	893.7146
772.53967	884.07568
772.59045	870.31665
772.6413	901.55542
772.69214	913.05847
772.74298	898.52551
772.79382	898.10486
772.84467	911.04388
772.89551	891.61432
772.94635	894.80786
772.99713	903.50586
773.04797	919.85266
773.09882	922.7807
773.14966	901.48456
773.2005	896.46893
773.25134	896.60516
773.30219	906.06995
773.35297	912.22314
773.40381	926.7608
773.45465	912.63049
773.50549	901.60455
773.55634	884.07098
773.60718	884.06091
773.65802	917.34625
773.7088	932.32471
773.75964	925.74847
773.81049	925.513
773.86133	930.22565
773.91217	902.51569
773.96301	924.7572
774.01385	928.97937
774.06464	935.79529
774.11548	930.35071
774.16632	935.7041
774.21716	949.06232
774.26801	938.65808
774.31885	949.83405
774.36969	951.33179
774.42047	962.57129
774.47131	953.15228
774.52216	926.67303
774.573	944.89392
774.62384	933.19476
774.67468	962.18115
774.72552	966.5542
774.77631	965.85571
774.82715	962.84735
774.87799	967.93396
774.92883	980.50806
774.97968	982.6214
775.03052	972.50281
775.08136	986.19159
775.13214	966.01025
775.18298	983.3595
775.23383	986.52118
775.28467	1005.4169
775.33551	987.19055
775.38635	1024.9789
775.43719	984.52222
775.48798	978.177
775.53882	945.37537
775.58966	951.56146
775.6405	956.37213
775.69135	989.13684
775.74219	967.42578
775.79303	969.9173
775.84381	1020.6125
775.89465	994.14777
775.9455	998.84528
775.99634	977.95178
776.04718	993.62195
776.09802	958.19312
776.14886	985.86145
776.19965	966.08569
776.25049	1007.1979
776.30133	1000.1817
776.35217	1008.772
776.40302	995.59692
776.45386	979.32458
776.5047	991.75275
776.55548	989.40509
776.60632	1007.4965
776.65717	1032.9396
776.70801	1039.618
776.75885	1026.4011
776.80969	1011.0076
776.86053	1016.0821
776.91132	1027.9885
776.96216	1022.7314
777.013	1047.6298
777.06384	1026.3843
777.11469	1015.6018
777.16553	1019.0927
777.21637	1021.2719
777.26721	1079.7089
777.31799	1062.7125
777.36884	1023.0461
777.41968	1027.7474
777.47052	1065.7856
777.52136	1035.6436
777.5722	1032.4135
777.62305	1056.5134
777.67383	1052.9564
777.72467	1050.2451
777.77551	1063.3663
777.82635	1083.6871
777.8772	1082.5321
777.92804	1077.3083
777.97888	1070.5953
778.02966	1066.3717
778.08051	1028.7321
778.13135	1034.275
778.18219	1063.2462
778.23303	1070.0361
778.28387	1073.2826
778.33472	1065.5986
778.3855	1069.9738
778.43634	1062.4965
778.48718	1080.1758
778.53802	1069.7257
778.58887	1060.4244
778.63971	1059.8353
778.69055	1073.26
778.74133	1069.5454
778.79218	1097.7325
778.84302	1096.8048
778.89386	1103.8015
778.9447	1088.4377
778.99554	1088.6085
779.04639	1088.6417
779.09717	1064.4772
779.14801	1078.6257
779.19885	1081.1221
779.24969	1098.01
779.30054	1093.4072
779.35138	1108.9999
779.40222	1129.2416
779.453	1145.5809
779.50385	1131.9146
779.55469	1129.9897
779.60553	1131.7223
779.65637	1113.4164
779.70721	1120.3158
779.75806	1140.8781
779.80884	1129.0836
779.85968	1141.5437
779.91052	1129.1198
779.96136	1140.725
780.01221	1144.2064
780.06305	1121.6357
780.11389	1140.0712
780.16467	1130.1224
780.21552	1117.3673
780.26636	1109.325
780.3172	1140.8241
780.36804	1168.618
780.41888	1182.771
780.46973	1158.8322
780.52051	1141.5006
780.57135	1143.1257
780.62219	1107.1084
780.67303	1158.2743
780.72388	1140.1991
780.77472	1145.9069
780.82556	1192.6083
780.87634	1173.6637
780.92719	1158.6807
780.97803	1163.3555
781.02887	1142.5908
781.07971	1184.3857
781.13055	1167.6055
781.1814	1142.5509
781.23218	1131.7203
781.28302	1159.8353
781.33386	1199.7031
781.3847	1237.7201
781.43555	1216.9735
781.48639	1201.0028
781.53723	1210.8586
781.58807	1165.5482
781.63885	1213.6927
781.6897	1182.4371
781.74054	1197.8094
781.79138	1171.0699
781.84222	1232.5222
781.89307	1181.8607
781.94391	1231.4171
781.99469	1195.1273
782.04553	1203.1989
782.09637	1213.5586
782.14722	1243.6669
782.19806	1260.7108
782.2489	1194.5293
782.29974	1270.3495
782.35052	1198.2412
782.40137	1265.084
782.45221	1268.024
782.50305	1231.2228
782.55389	1232.2153
782.60474	1232.2216
782.65558	1208.236
782.70636	1280.1578
782.7572	1238.1118
782.80804	1224.3875
782.85889	1183.6073
782.90973	1237.219
782.96057	1264.2478
783.01141	1256.767
783.06219	1276.6979
783.11304	1249.8799
783.16388	1204.8217
783.21472	1224.8684
783.26556	1220.2804
783.31641	1265.2688
783.36725	1330.1611
783.41803	1280.4431
783.46887	1250.5494
783.51971	1233.5643
783.57056	1269.4226
783.6214	1169.106
783.67224	1241.2141
783.72308	1277.0061
783.77386	1282.4974
783.82471	1256.3723
783.87555	1320.552
783.92639	1290.5646
783.97723	1307.8931
784.02808	1292.881
784.07892	1338.6848
784.1297	1268.8276
784.18054	1263.3052
784.23138	1262.6396
784.28223	1274.9933
784.33307	1330.7959
784.38391	1327.6765
784.43475	1323.4155
784.48553	1314.6234
784.53638	1376.2197
784.58722	1344.8378
784.63806	1346.0305
784.6889	1287.464
784.73975	1339.4623
784.79059	1318.7518
784.84137	1300.3873
784.89221	1293.7841
784.94305	1327.0905
784.9939	1346.8339
785.04474	1346.7325
785.09558	1331.9178
785.14642	1356.0518
785.1972	1354.2218
785.24805	1330.3794
785.29889	1351.2832
785.34973	1366.9147
785.40057	1321.3307
785.45142	1324.5737
785.50226	1366.7021
785.5531	1381.2413
785.60388	1413.8131
785.65472	1394.4692
785.70557	1377.8234
785.75641	1363.2605
785.80725	1313.597
785.85809	1311.9015
785.90894	1371.9618
785.95972	1412.3046
786.01056	1407.4705
786.0614	1378.4613
786.11224	1414.6429
786.16309	1428.1196
786.21393	1368.1278
786.26477	1382.3148
786.31555	1422.6163
786.36639	1402.2762
786.41724	1392.9999
786.46808	1441.4625
786.51892	1439.7947
786.56976	1448.1285
786.62061	1442.2129
786.67139	1421.3202
786.72223	1459.4988
786.77307	1478.5906
786.82391	1431.4922
786.87476	1413.5555
786.9256	1467.9656
786.97644	1446.4667
787.02722	1444.3762
787.07806	1431.3173
787.12891	1465.8147
787.17975	1476.3363
787.23059	1506.0187
787.28143	1482.5306
787.33228	1510.2002
787.38306	1460.6722
787.4339	1453.6373
787.48474	1415.2157
787.53558	1452.8129
787.58643	1508.3813
787.63727	1506.0765
787.68811	1525.8837
787.73889	1505.4441
787.78973	1463.7766
787.84058	1416.6431
787.89142	1472.6318
787.94226	1486.2238
787.9931	1477.4639
788.04395	1499.868
788.09473	1500.9222
788.14557	1529.2552
788.19641	1568.3374
788.24725	1552.5247
788.2981	1575.9359
788.34894	1529.7396
788.39978	1519.257
788.45056	1484.6
788.5014	1531.9541
788.55225	1496.7915
788.60309	1591.1605
788.65393	1572.0387
788.70477	1572.9244
788.75562	1502.2015
788.8064	1584.5972
788.85724	1513.9891
788.90808	1572.4504
788.95892	1535.8859
789.00977	1579.0109
789.06061	1566.761
789.11145	1569.2179
789.16223	1624.2616
789.21307	1658.7723
789.26392	1574.8988
789.31476	1625.6514
789.3656	1610.4974
789.41644	1630.9479
789.46729	1597.5577
789.51807	1543.5905
789.56891	1643.1716
789.61975	1600.9669
789.67059	1643.514
789.72144	1575.8215
789.77228	1661.985
789.82312	1611.7732
789.87396	1638.4893
789.92474	1613.5922
789.97559	1642.1356
790.02643	1589.3143
790.07727	1630.0732
790.12811	1544.3771
790.17896	1631.7709
790.2298	1709.7648
790.28058	1637.4834
790.33142	1683.6576
790.38226	1690.6146
790.43311	1596.1287
790.48395	1648.0789
790.53479	1634.2421
790.58563	1637.9131
790.63641	1658.4357
790.68726	1677.0248
790.7381	1673.7698
790.78894	1758.2594
790.83978	1691.1522
790.89063	1707.875
790.94147	1745.3898
790.99225	1724.5493
791.04309	1659.7047
791.09393	1632.786
791.14478	1662.2947
791.19562	1697.9501
791.24646	1762.5441
791.2973	1680.8379
791.34808	1730.1101
791.39893	1725.3292
791.44977	1715.1047
791.50061	1713.1156
791.55145	1747.2899
791.60229	1757.2445
791.65314	1772.7896
791.70392	1734.3461
791.75476	1736.2725
791.8056	1775.5508
791.85645	1824.1545
791.90729	1709.1862
791.95813	1812.5054
792.00897	1802.4238
792.05975	1830.7501
792.1106	1764.5959
792.16144	1812.9463
792.21228	1790.3397
792.26312	1839.1694
792.31396	1743.531
792.36481	1769.7488
792.41559	1763.1244
792.46643	1835.1323
792.51727	1832.072
792.56812	1800.1825
792.61896	1754.7019
792.6698	1784.761
792.72064	1753.0728
792.77142	1714.8156
792.82227	1770.5182
792.87311	1774.4712
792.92395	1866.4642
792.97479	1878.1318
793.02563	1845.1143
793.07648	1813.0336
793.12726	1770.4636
793.1781	1766.5645
793.22894	1768.2927
793.27979	1782.8718
793.33063	1840.4552
793.38147	1866.5449
793.43231	1882.8676
793.48309	1885.9597
793.53394	1865.9921
793.58478	1771.9729
793.63562	1842.3645
793.68646	1864.9452
793.7373	1833.9725
793.78815	1795.6251
793.83899	1906.6188
793.88977	1944.7015
793.94061	1943.1544
793.99146	1894.7574
794.0423	1946.0956
794.09314	1956.2394
794.14398	1930.9105
794.19482	1900.1349
794.24561	1922.1954
794.29645	1938.55
794.34729	1922.8973
794.39813	1883.3988
794.44897	1925.3855
794.49982	1950.7686
794.55066	1986.8811
794.60144	1942.0754
794.65228	1962.8468
794.70313	1976.4628
794.75397	1969.8195
794.80481	1879.1622
794.85565	1888.5194
794.90649	1956.2488
794.95728	1991.7155
795.00812	1975.5912
795.05896	1920.5647
795.1098	1932.6198
795.16064	1978.3347
795.21149	1962.1567
795.26233	1962.7045
795.31311	1957.3502
795.36395	1900.2583
795.41479	1884.0356
795.46564	1926.6599
795.51648	1982.6967
795.56732	2041.8851
795.61816	2073.282
795.66895	2051.4407
795.71979	1991.266
795.77063	1948.3289
795.82147	1918.7129
795.87231	1920.1257
795.92316	1992.418
795.974	2062.5105
796.02478	2059.8308
796.07562	2022.7922
796.12646	2051.0876
796.17731	2050.1755
796.22815	2026.114
796.27899	2032.0532
796.32983	2033.3939
796.38062	1987.5649
796.43146	1995.7634
796.4823	2053.0088
796.53314	2067.1008
796.58398	2122.7849
796.63483	2069.6841
796.68567	2039.2167
796.73645	2087.6304
796.78729	2077.4692
796.83813	2027.7437
796.88898	2052.2729
796.93982	2065.8745
796.99066	2102.6362
797.0415	2076.8809
797.09229	2035.0585
797.14313	2031.4698
797.19397	2107.762
797.24481	2116.9099
797.29565	2123.1768
797.3465	2113.6208
797.39734	2125.3201
797.44812	2056.6721
797.49896	2019.9063
797.5498	2027.7886
797.60065	2092.0024
797.65149	2106.8943
797.70233	2178.4399
797.75317	2151.5337
797.80396	2138.8313
797.8548	2090.877
797.90564	2113.2886
797.95648	2094.0098
798.00732	2088.9343
798.05817	2069.7192
798.10901	2074.9727
798.15985	2076.8779
798.21063	2151.957
798.26147	2153.1223
798.31232	2213.8564
798.36316	2206.5024
798.414	2196.3486
798.46484	2082.1331
798.51569	2035.5099
798.56647	2062.5872
798.61731	2169.8589
798.66815	2217.9243
798.71899	2244.8416
798.76984	2204.8174
798.82068	2235.2275
798.87152	2173.79
798.9223	2210.543
798.97314	2212.6062
799.02399	2259.8928
799.07483	2219.7273
799.12567	2231.1548
799.17651	2232.4705
799.22736	2250.7783
799.27814	2267.4968
799.32898	2309.1948
799.37982	2301.6553
799.43066	2309.9346
799.48151	2255.1956
799.53235	2221.9224
799.58319	2212.4827
799.63397	2271.7944
799.68481	2196.2532
799.73566	2268.4824
799.7865	2202.5576
799.83734	2261.3777
799.88818	2270.7598
799.93903	2348.4321
799.98981	2302.1636
800.04065	2317.9565
800.09149	2219.219
800.14233	2213.4197
800.19318	2138.6829
800.24402	2247.0542
800.29486	2225.9714
800.34564	2315.3135
800.39648	2352.7542
800.44733	2365.7083
800.49817	2340.658
800.54901	2316.8218
800.59985	2238.615
800.6507	2222.6975
800.70148	2258.0908
800.75232	2302.7263
800.80316	2267.2573
800.854	2298.0225
800.90485	2363.2866
800.95569	2410.9766
801.00653	2377.6448
801.05731	2402.6165
801.10815	2412.5857
801.159	2326.835
801.20984	2254.1016
801.26068	2291.8635
801.31152	2361.196
801.36237	2443.6326
801.41315	2449.4377
801.46399	2410.7424
801.51483	2412.2673
801.56567	2427.9646
801.61652	2402.938
801.66736	2418.4976
801.7182	2516.8528
801.76898	2448.2373
801.81982	2456.4448
801.87067	2394.542
801.92151	2404.7505
801.97235	2457.4849
802.02319	2460.5562
802.07404	2487.0122
802.12488	2518.9753
802.17566	2540.0037
802.2265	2482.9399
802.27734	2501.4858
802.32819	2434.2209
802.37903	2541.2227
802.42987	2476.2571
802.48071	2437.9172
802.53149	2447.3464
802.58234	2514.4644
802.63318	2568.4055
802.68402	2631.6121
802.73486	2554.2754
802.78571	2568.4221
802.83655	2415.7505
802.88733	2361.2839
802.93817	2396.5254
802.98901	2481.3596
803.03986	2529.1921
803.0907	2590.9834
803.14154	2612.5479
803.19238	2634.8455
803.24316	2563.0159
803.29401	2535.4636
803.34485	2447.0266
803.39569	2535.2229
803.44653	2503.2874
803.49738	2588.4363
803.54822	2572.9417
803.599	2633.7422
803.64984	2587.0984
803.70068	2651.6685
803.75153	2642.9153
803.80237	2672.564
803.85321	2600.8667
803.90405	2702.1582
803.95483	2517.7104
804.00568	2632.1028
804.05652	2661.6951
804.10736	2755.0374
804.1582	2677.0061
804.20905	2764.2432
804.25989	2726.4927
804.31067	2734.6697
804.36151	2633.1726
804.41235	2740.3459
804.4632	2691.5723
804.51404	2670.4958
804.56488	2606.7156
804.61572	2636.5803
804.6665	2655.791
804.71735	2755.3616
804.76819	2736.8201
804.81903	2788.2097
804.86987	2745.0366
804.92072	2826.4763
804.97156	2669.1228
805.02234	2681.2766
805.07318	2622.3008
805.12402	2706.7883
805.17487	2689.3679
805.22571	2779.9333
805.27655	2689.6118
805.32739	2808.4592
805.37817	2773.6221
805.42902	2803.5808
805.47986	2795.0513
805.5307	2819.1116
805.58154	2664.8127
805.63239	2649.7236
805.68323	2614.5601
805.73401	2761.1467
805.78485	2831.5134
805.83569	2944.9431
805.88654	2878.7476
805.93738	2904.2996
805.98822	2801.8083
806.03906	2739.0674
806.08984	2703.7649
806.14069	2778.6218
806.19153	2790.5771
806.24237	2885.8054
806.29321	2843.8853
806.34406	2911.1792
806.3949	2909.4436
806.44574	2909.8518
806.49652	2866.7063
806.54736	2897.1538
806.59821	2918.8882
806.64905	2920.8665
806.69989	2848.957
806.75073	2879.1074
806.80157	2946.3091
806.85236	3003.2356
806.9032	2954.5522
806.95404	2948.0503
807.00488	2978.6479
807.05573	2985.7881
807.10657	2978.4819
807.15741	2974.2563
807.20819	3014.0903
807.25903	2939.6006
807.30988	2854.4055
807.36072	2785.3157
807.41156	2874.677
807.4624	2920.3123
807.51324	3044.8333
807.56403	3046.2959
807.61487	3045.5476
807.66571	2947.501
807.71655	2908.4407
807.7674	2824.2285
807.81824	2857.8284
807.86908	2921.6743
807.91986	2963.4045
807.9707	2914.7551
808.02155	2961.6023
808.07239	2969.1443
808.12323	3031.1907
808.17407	3015.543
808.22491	3032.7634
808.2757	2988.5554
808.32654	2942.5042
808.37738	2808.501
808.42822	2871.5408
808.47906	2912.4846
808.52991	3056.9761
808.58075	3071.5142
808.63153	3181.4004
808.68237	3142.1521
808.73322	3082.6511
808.78406	2965.2239
808.8349	2965.9854
808.88574	2987.0676
808.93658	3034.7446
808.98737	3122.5173
809.03821	3132.3857
809.08905	3121.2224
809.13989	3139.9014
809.19073	3184.2756
809.24158	3163.3438
809.29242	3132.0498
809.3432	3179.782
809.39404	3195.8567
809.44489	3099.0945
809.49573	3068.2788
809.54657	3108.136
809.59741	3190.2434
809.64825	3141.5103
809.69904	3153.0132
809.74988	3166.2458
809.80072	3240.97
809.85156	3200.5425
809.9024	3247.572
809.95325	3149.0601
810.00409	3186.3311
810.05487	3063.4331
810.10571	3030.657
810.15656	2981.7502
810.2074	3156.093
810.25824	3193.3826
810.30908	3307.0688
810.35992	3258.7954
810.41071	3291.3831
810.46155	3137.5652
810.51239	3055.064
810.56323	2952.7886
810.61407	3086.8621
810.66492	3152.9321
810.71576	3256.2815
810.7666	3163.3557
810.81738	3267.2227
810.86823	3250.8369
810.91907	3198.2686
810.96991	3193.0833
811.02075	3255.9873
811.07159	3196.2529
811.12244	3183.9685
811.17322	3116.9216
811.22406	3154.9119
811.2749	3240.616
811.32574	3354.04
811.37659	3391.3306
811.42743	3318.989
811.47827	3388.2122
811.52905	3340.2219
811.5799	3264.0291
811.63074	3145.2856
811.68158	3304.8972
811.73242	3335.6292
811.78326	3369.4707
811.83411	3362.3901
811.88489	3463.5701
811.93573	3412.8423
811.98657	3464.5144
812.03741	3334.9141
812.08826	3448.0791
812.1391	3403.7952
812.18994	3490.7649
812.24072	3279.7634
812.29156	3401.574
812.34241	3314.8809
812.39325	3467.2678
812.44409	3422.3601
812.49493	3462.9221
812.54578	3420.1816
812.59656	3534.5405
812.6474	3413.2607
812.69824	3508.8638
812.74908	3446.9836
812.79993	3435.5137
812.85077	3337.7061
812.90161	3230.9783
812.95239	3232.0615
813.00323	3404.2432
813.05408	3475.5461
813.10492	3619.46
813.15576	3649.314
813.2066	3470.4678
813.25745	3456.6462
813.30823	3266.522
813.35907	3218.0615
813.40991	3312.8838
813.46075	3514.582
813.5116	3462.7659
813.56244	3665.1074
813.61328	3516.5198
813.66406	3700.5613
813.7149	3406.3923
813.76575	3458.6846
813.81659	3468.0991
813.86743	3622.5977
813.91827	3489.3398
813.96912	3593.6187
814.0199	3432.4131
814.07074	3632.7048
814.12158	3673.0725
814.17242	3759.4819
814.22327	3699.9004
814.27411	3799.3459
814.32495	3695.3086
814.37573	3550.574
814.42657	3514.3621
814.47742	3606.6697
814.52826	3695.2087
814.5791	3689.6992
814.62994	3639.4824
814.68079	3527.8074
814.73163	3800.5991
814.78241	3826.7556
814.83325	3858.5232
814.88409	3701.0273
814.93494	3815.1345
814.98578	3748.6218
815.03662	3676.3765
815.08746	3532.4688
815.13824	3655.1335
815.18909	3628.054
815.23993	3895.2656
815.29077	3636.676
815.34161	3780.3948
815.39246	3788.7134
815.4433	3772.3286
815.49408	3678.4619
815.54492	3730.4658
815.59576	3629.3669
815.64661	3618.468
815.69745	3537.4202
815.74829	3559.0864
815.79913	3661.5806
815.84991	3894.1326
815.90076	3947.8608
815.9516	4025.521
816.00244	3914.9768
816.05328	3844.5564
816.10413	3674.3123
816.15497	3506.9729
816.20575	3568.9705
816.25659	3785.5461
816.30743	3957.2607
816.35828	3968.6511
816.40912	4078.3835
816.45996	3944.7554
816.5108	3937.1531
816.56158	3800.5857
816.61243	3815.0325
816.66327	3846.1936
816.71411	4034.2439
816.76495	3930.2402
816.8158	3888.6501
816.86664	3866.8276
816.91742	4117.5386
816.96826	4023.8472
817.0191	4066.8843
817.06995	4093.6655
817.12079	4103.3062
817.17163	3938.9771
817.22247	4027.8501
817.27325	3987.5276
817.3241	4114.2227
817.37494	4187.7837
817.42578	4052.5254
817.47662	3991.7246
817.52747	3993.7424
817.57831	4137.0093
817.62909	4125.6191
817.67993	4180.6489
817.73077	4271.3003
817.78162	4169.0776
817.83246	3875.8513
817.8833	3841.2004
817.93414	3798.0493
817.98492	4018.7756
818.03577	4049.2891
818.08661	4163.6533
818.13745	4102.7813
818.18829	4171.7734
818.23914	4062.5662
818.28998	4053.4983
818.34076	3922.4023
818.3916	3951.3406
818.44244	3998.6895
818.49329	4016.0046
818.54413	3845.1899
818.59497	3964.8674
818.64581	4097.9097
818.69659	4248.5303
818.74744	4325.8877
818.79828	4275.5581
818.84912	4320.6704
818.89996	4072.147
818.95081	3973.0728
819.00165	3897.7312
819.05249	4008.4426
819.10327	4185.9331
819.15411	4423.5825
819.20496	4448.9634
819.2558	4438.0923
819.30664	4334.3428
819.35748	4353.3721
819.40833	4232.6782
819.45911	4233.8438
819.50995	4302.0908
819.56079	4380.624
819.61163	4262.3599
819.66248	4241.4575
819.71332	4383.3525
819.76416	4423.3921
819.81494	4442.9443
819.86578	4394.981
819.91663	4493.8818
819.96747	4501.0698
820.01831	4360.3364
820.06915	4299.5645
820.12	4411.0381
820.17078	4423.8223
820.22162	4457.8794
820.27246	4369.4258
820.3233	4326.3877
820.37415	4308.1655
820.42499	4513.3545
820.47583	4597.335
820.52661	4639.8374
820.57745	4544.3706
820.6283	4445.3564
820.67914	4307.9653
820.72998	4149.0786
820.78082	4113.6973
820.83167	4265.0957
820.88245	4496.0513
820.93329	4572.5601
820.98413	4706.6045
821.03497	4651.3931
821.08582	4566.1152
821.13666	4362.9287
821.1875	4257.4468
821.23828	4284.6587
821.28912	4442.1816
821.33997	4412.9482
821.39081	4394.9629
821.44165	4459.7627
821.49249	4569.6489
821.54333	4573.4683
821.59412	4632.3701
821.64496	4680.4209
821.6958	4621.3691
821.74664	4595.1069
821.79749	4458.6514
821.84833	4354.2666
821.89917	4457.6177
821.94995	4670.1875
822.00079	4789.1201
822.05164	4784.8774
822.10248	4813.4795
822.15332	4883.2114
822.20416	4791.0132
822.255	4724.9287
822.30579	4659.3398
822.35663	4763.4971
822.40747	4854.478
822.45831	4842.3843
822.50916	4769.9575
822.56	4777.5308
822.61084	4849.981
822.66162	4916.1899
822.71246	4955.1377
822.76331	4922.1348
822.81415	4948.126
822.86499	4903.4888
822.91583	4787.3628
822.96667	4640.4556
823.01752	4648.5322
823.0683	4721.9092
823.11914	4733.6157
823.16998	4668.8267
823.22083	4754.3579
823.27167	4914.667
823.32251	4903.6021
823.37335	4917.9756
823.42413	4971.5508
823.47498	4895.5728
823.52582	4666.2563
823.57666	4465.1646
823.6275	4403.7388
823.67834	4550.895
823.72919	4799.9868
823.77997	5060.7896
823.83081	5126.1475
823.88165	5126.623
823.9325	5048.0698
823.98334	4779.2578
824.03418	4568.2793
824.08502	4574.2031
824.1358	4731.2041
824.18665	4946.9009
824.23749	4964.7266
824.28833	4822.1553
824.33917	4934.2305
824.39001	5027.0952
824.44086	5011.5049
824.49164	4989.9692
824.54248	5115.6299
824.59332	5132.063
824.64417	5029.3638
824.69501	4852.0771
824.74585	4838.5415
824.79669	5010.2607
824.84747	5205.1758
824.89832	5263.7466
824.94916	5245.1587
825	5293.4966
825.05084	5306.3853
825.10168	5230.0244
825.15253	5097.8706
825.20331	5151.4438
825.25415	5184.2959
825.30499	5214.4819
825.35583	5082.5732
825.40668	5021.3975
825.45752	5043.2065
825.50836	5238.7583
825.55914	5371.4521
825.60999	5400.1191
825.66083	5366.2856
825.71167	5284.9585
825.76251	5167.1104
825.81335	4896.2056
825.8642	4866.8247
825.91498	4993.9209
825.96582	5141.3916
826.01666	5037.1196
826.0675	5047.8809
826.11835	5130.98
826.16919	5303.771
826.22003	5259.2827
826.27081	5260.6211
826.32166	5233.2524
826.3725	5198.8145
826.42334	5035.3442
826.47418	4770.7637
826.52502	4706.3369
826.57587	4934.0195
826.62665	5295.1567
826.67749	5438.1177
826.72833	5514.6855
826.77917	5483.7983
826.83002	5389.0552
826.88086	5090.0977
826.9317	4927.2871
826.98248	4882.3096
827.03333	5087.0801
827.08417	5292.0425
827.13501	5377.6587
827.18585	5460.2798
827.23669	5543.9033
827.28754	5540.209
827.33838	5476.748
827.38916	5388.2671
827.44	5339.582
827.49084	5511.5332
827.54169	5454.8843
827.59253	5340.3223
827.64337	5267.1543
827.69421	5468.3125
827.745	5552.8735
827.79584	5610.7061
827.84668	5540.2939
827.89752	5603.606
827.94836	5639.5254
827.99921	5547.2803
828.05005	5473.3286
828.10083	5508.1006
828.15167	5608.7402
828.20251	5538.1377
828.25336	5359.6431
828.3042	5148.3896
828.35504	5224.439
828.40588	5459.5244
828.45667	5762.896
828.50751	5778.1646
828.55835	5767.3662
828.60919	5597.6011
828.66003	5416.499
828.71088	5117.7148
828.76172	4977.5972
828.8125	5181.6616
828.86334	5421.7544
828.91418	5561.8799
828.96503	5480.4849
829.01587	5514.397
829.06671	5569.9326
829.11755	5659.8774
829.16833	5483.144
829.21918	5494.2646
829.27002	5488.3501
829.32086	5372.5435
829.3717	5198.8398
829.42255	5191.3936
829.47339	5351.3223
829.52417	5617.1553
829.57501	5823.7759
829.62585	5845.8696
829.6767	5898.2725
829.72754	5829.1138
829.77838	5645.3257
829.82922	5316.3613
829.88	5356.6782
829.93085	5531.8989
829.98169	5839.1479
830.03253	5858.2241
830.08337	5912.8472
830.13422	5884.79
830.18506	5936.8423
830.23584	5905.0005
830.28668	5783.0015
830.33752	5852.6201
830.38837	5882.8657
830.43921	5973.9263
830.49005	5841.0122
830.54089	5745.1138
830.59167	5740.6802
830.64252	5929.4775
830.69336	5954.1074
830.7442	5927.8179
830.79504	5911.7554
830.84589	6040.9521
830.89673	6062.5801
830.94751	5952.1533
830.99835	5900.1284
831.04919	5914.478
831.10004	5914.8979
831.15088	5669.8369
831.20172	5489.5947
831.25256	5446.9697
831.30341	5768.4961
831.35419	5993.772
831.40503	6252.1479
831.45587	6204.0884
831.50671	6103.5601
831.55756	5843.876
831.6084	5531.7144
831.65924	5338.9639
831.71002	5354.0928
831.76086	5640.2925
831.81171	5952.167
831.86255	6089.8999
831.91339	6074.7256
831.96423	6122.6626
832.01508	6010.4707
832.06586	5886.5566
832.1167	5735.5674
832.16754	5851.4614
832.21838	5972.0093
832.26923	5910.0107
832.32007	5768.8325
832.37091	5790.7886
832.42169	6090.1616
832.47253	6321.1631
832.52338	6422.7739
832.57422	6354.188
832.62506	6415.5947
832.6759	6243.6143
832.72675	6102.6187
832.77753	5940.6934
832.82837	5911.6909
832.87921	6174.3008
832.93005	6393.6143
832.9809	6350.4395
833.03174	6259.6665
833.08258	6373.0054
833.13336	6463.9268
833.1842	6528.3193
833.23505	6435.5264
833.28589	6498.6953
833.33673	6506.8735
833.38757	6486.8599
833.43842	6212.8081
833.4892	6048.2119
833.54004	6082.9497
833.59088	6331.3535
833.64172	6570.1958
833.69257	6504.3555
833.74341	6496.9888
833.79425	6574.8896
833.84503	6576.4932
833.89587	6361.8271
833.94672	6286.584
833.99756	6303.2563
834.0484	6319.8765
834.09924	6124.2417
834.15009	5972.1519
834.20087	6005.3691
834.25171	6269.3501
834.30255	6614.8096
834.35339	6741.8301
834.40424	6769.4233
834.45508	6599.688
834.50592	6391.0635
834.5567	5996.48
834.60754	5740.8555
834.65839	5759.6743
834.70923	6210.2788
834.76007	6636.6431
834.81091	6801.8745
834.86176	6855.9019
834.91254	6824.1289
834.96338	6723.2222
835.01422	6390.7842
835.06506	6253.0029
835.11591	6305.8765
835.16675	6520.6909
835.21759	6538.4185
835.26837	6491.3335
835.31921	6518.7622
835.37006	6775.6973
835.4209	6920.6938
835.47174	6912.3423
835.52258	6944.335
835.57343	6930.8262
835.62427	7004.1636
835.67505	6848.7397
835.72589	6699.9878
835.77673	6635.2676
835.82758	6869.8066
835.87842	6972.1606
835.92926	6949.626
835.9801	6829.4448
836.03088	6888.6865
836.08173	7099.4023
836.13257	7092.4155
836.18341	7084.5342
836.23425	7080.1011
836.2851	7175.2583
836.33594	6939.1021
836.38672	6615.3237
836.43756	6357.667
836.4884	6441.0942
836.53925	6754.313
836.59009	7030.8413
836.64093	7064.6519
836.69177	7108.7437
836.74255	7140.4082
836.7934	6981.5815
836.84424	6809.7178
836.89508	6555.3198
836.94592	6590.7134
836.99677	6650.5923
837.04761	6681.4526
837.09839	6529.7832
837.14923	6564.582
837.20007	6736.9063
837.25092	7096.3384
837.30176	7329.6025
837.3526	7251.1138
837.40344	7249.9478
837.45422	6987.6094
837.50507	6642.502
837.55591	6298.3804
837.60675	6281.4946
837.65759	6613.894
837.70844	7139.8228
837.75928	7407.5771
837.81006	7487.3091
837.8609	7509.9053
837.91174	7383.7603
837.96259	7145.0781
838.01343	6789.6733
838.06427	6845.7114
838.11511	7015.1709
838.16589	7292.4668
838.21674	7219.6812
838.26758	7210.582
838.31842	7317.7065
838.36926	7507.9116
838.4201	7608.3511
838.47095	7433.3511
838.52173	7481.9644
838.57257	7554.9141
838.62341	7601.8247
838.67426	7331.1572
838.7251	7232.5303
838.77594	7250.4951
838.82678	7505.4922
838.87756	7447.5
838.92841	7218.3657
838.97925	7217.6934
839.03009	7354.4087
839.08093	7682.9878
839.13177	7724.7661
839.18262	7799.2061
839.2334	7648.2383
839.28424	7638.8696
839.33508	7158.8477
839.38593	6705.9912
839.43677	6553.0825
839.48761	6900.4082
839.53845	7442.0034
839.58929	7725.313
839.64008	7900.5503
839.69092	7740.6367
839.74176	7745.3643
839.7926	7285.9907
839.84344	6910.9683
839.89429	6784.665
839.94513	6984.4097
839.99591	7234.0718
840.04675	7174.8687
840.0976	7194.2148
840.14844	7235.0132
840.19928	7616.1558
840.25012	7708.7583
840.30096	7768.248
840.35175	7639.9746
840.40259	7708.0059
840.45343	7505.3037
840.50427	7112.3857
840.55511	6904.4282
840.60596	6935.7402
840.6568	7517.46
840.70758	7835.5454
840.75842	8138.2827
840.80927	8040.1279
840.86011	8196.7578
840.91095	8074.3975
840.96179	7695.4243
841.01263	7378.5454
841.06342	7449.353
841.11426	7804.9448
841.1651	7957.2861
841.21594	7960.105
841.26678	7712.6343
841.31763	7935.835
841.36847	8068.6304
841.41925	8221.7275
841.47009	8033.2227
841.52094	8112.0981
841.57178	8234.3262
841.62262	8218.9521
841.67346	7870.5659
841.7243	7529.5503
841.77509	7828.6353
841.82593	7920.9458
841.87677	8070
841.92761	7728.2295
841.97845	7787.7915
842.0293	7895.9326
842.08014	8163.4395
842.13092	8303.0928
842.18176	8144.9775
842.2326	8229.9053
842.28345	7871.0527
842.33429	7671.3979
842.38513	7094.3911
842.43597	7034.4941
842.48676	7202.0566
842.5376	7909.4814
842.58844	8350.3818
842.63928	8486.748
842.69012	8467.7959
842.74097	8186.9624
842.79181	7963.6367
842.84259	7212.3027
842.89343	7177.3364
842.94427	7325.4814
842.99512	7835.3477
843.04596	7951.7471
843.0968	7967.3579
843.14764	8116.3052
843.19843	8181.2607
843.24927	8389.2305
843.30011	8118.0952
843.35095	8153.4248
843.40179	8096.0811
843.45264	8257.8584
843.50348	7999.6748
843.55426	7733.8677
843.6051	7694.8457
843.65594	8008.0132
843.70679	8620.7061
843.75763	8644.2998
843.80847	8851.5088
843.85931	8636.7256
843.91016	8892.7197
843.96094	8477.2021
844.01178	8280.7471
844.06262	8178.377
844.11346	8361.0664
844.16431	8712.1299
844.21515	8380.918
844.26599	8278.5547
844.31677	8113.3062
844.36761	8716.7002
844.41846	8732.6084
844.4693	8943.9814
844.52014	8770.291
844.57098	8841.6553
844.62183	8822.6064
844.67261	8352.9658
844.72345	8060.8228
844.77429	7855.873
844.82513	8289.6484
844.87598	8276.9443
844.92682	8442.5811
844.97766	8316.2959
845.02844	8377.5059
845.07928	8608.0664
845.13013	8665.3877
845.18097	8777.0615
845.23181	8460.3477
845.28265	8664.2744
845.3335	8152.4053
845.38428	7816.5166
845.43512	7336.0361
845.48596	7566.9536
845.5368	8140.8804
845.58765	8663.7529
845.63849	9212.7607
845.68933	9047.3057
845.74011	9171.8232
845.79095	8630.6387
845.8418	8172.6621
845.89264	7574.1206
845.94348	7614.1079
845.99432	8195.8867
846.04517	8592.6582
846.09595	8927.1523
846.14679	8760.6328
846.19763	9018.7842
846.24847	8934.8447
846.29932	9060.2178
846.35016	8657.8877
846.401	8701.0049
846.45178	8911.0146
846.50262	8952.6025
846.55347	8860.2607
846.60431	8413.0254
846.65515	8701.875
846.70599	8832.4063
846.75684	9492.042
846.80762	9308.5625
846.85846	9206.9697
846.9093	9242.5547
846.96014	9342.8955
847.01099	9338.0732
847.06183	8881.959
847.11267	9033.7959
847.16345	9003.415
847.21429	9315.2842
847.26514	8822.043
847.31598	8574.873
847.36682	8631.457
847.41766	9042.25
847.46851	9508.5195
847.51929	9431.9756
847.57013	9709.8721
847.62097	9275.0938
847.67181	9371.4141
847.72266	8650.3906
847.7735	8075.439
847.82434	8016.957
847.87512	8448.6729
847.92596	9069.999
847.97681	8835.4805
848.02765	9124.8682
848.07849	8999.1426
848.12933	9403.8857
848.18018	9094.8125
848.23102	8897.0674
848.2818	8793.0293
848.33264	8784.4463
848.38348	8859.4307
848.43433	8185.1582
848.48517	8240.8223
848.53601	8086.877
848.58685	8821.6416
848.63763	9344.7344
848.68848	9862.4795
848.73932	9914.5713
848.79016	9743.7666
848.841	9514.082
848.89185	8517.3477
848.94269	8255.1641
848.99347	7993.3096
849.04431	8946.4023
849.09515	9386.6855
849.146	9616.3369
849.19684	9712.3779
849.24768	9791.6592
849.29852	10088.166
849.3493	9519.9746
849.40015	9520.1504
849.45099	9212.1084
849.50183	9639.3652
849.55267	9749.9658
849.60352	9645.4844
849.65436	9401.2012
849.70514	9227.6055
849.75598	9748.1348
849.80682	9848.1846
849.85767	9983.2041
849.90851	9612.9951
849.95935	9766.8584
850.01019	9988.5605
850.06097	9900.2168
850.11182	9800.8643
850.16266	9355.3721
850.2135	9708.4355
850.26434	9513.0801
850.31519	9427.1768
850.36603	8866.1201
850.41681	9025.7598
850.46765	9476.9648
850.51849	9923.5029
850.56934	10423.261
850.62018	10251.679
850.67102	10406.261
850.72186	9799.5439
850.77264	9298.1709
850.82349	8479.4863
850.87433	8345.6953
850.92517	8785.2412
850.97601	9424.7686
851.02686	10052.568
851.0777	9893.6631
851.12848	10083.923
851.17932	9930.2012
851.23016	9858.96
851.28101	9200.6738
851.33185	9111.4805
851.38269	9343.8213
851.43353	9390.3994
851.48431	9483.9619
851.53516	8934.5566
851.586	9294.4355
851.63684	9543.2803
851.68768	10208.566
851.73853	10420.503
851.78937	10391.952
851.84015	10488.329
851.89099	10282.018
851.94183	10003.338
851.99268	9198.0059
852.04352	9224.2451
852.09436	9483.7852
852.1452	10257.938
852.19604	10655.03
852.24683	10592.342
852.29767	10724.637
852.34851	10623.825
852.39935	10868.176
852.4502	10345.934
852.50104	10247.936
852.55188	10272.92
852.60266	10602.103
852.6535	10672.11
852.70435	10125.229
852.75519	9896.1934
852.80603	9886.7871
852.85687	10639.904
852.90771	10659.031
852.9585	10706.65
853.00934	10590.771
853.06018	10713.048
853.11102	10867.385
853.16187	10535.993
853.21271	10346.507
853.26355	10006.553
853.31433	10387.407
853.36517	10123.134
853.41602	9732.877
853.46686	9386.1436
853.5177	9615.3496
853.56854	10563.692
853.61938	10950.469
853.67017	11274.378
853.72101	11052.041
853.77185	10968.802
853.82269	10298.789
853.87354	9363.8047
853.92438	8829.1484
853.97522	8872.2041
854.026	9740.1143
854.07684	10364.568
854.12769	11103.734
854.17853	11210.461
854.22937	11275.664
854.28021	10996.523
854.33105	10263.153
854.38184	9868.499
854.43268	9657.8799
854.48352	10130.232
854.53436	10319.832
854.58521	10489.415
854.63605	10342.553
854.68689	10449.042
854.73767	10893.315
854.78851	11243.148
854.83936	11518.604
854.8902	11284.59
854.94104	11489.812
854.99188	11247.059
855.04272	10945.122
855.09351	10555.514
855.14435	10294.782
855.19519	10847.763
855.24603	11364.75
855.29688	11659.119
855.34772	11455.229
855.39856	11507.89
855.44934	11537.549
855.50018	11742.329
855.55103	11741.91
855.60187	11402.664
855.65271	11625.153
855.70355	11630.766
855.75439	11427.056
855.80518	10668.921
855.85602	10305.876
855.90686	10630.5
855.9577	11272.318
856.00854	11797.458
856.05939	11652.801
856.11023	11733.774
856.16101	11729.534
856.21185	11658.914
856.2627	11051.029
856.31354	10483.066
856.36438	10533.869
856.41522	10748.584
856.46606	10910.208
856.51691	10512.897
856.56769	10408.847
856.61853	10591.352
856.66937	11187.619
856.72021	11600.439
856.77106	11745.951
856.8219	11837.78
856.87274	11577.396
856.92352	11113.528
856.97437	10127.883
857.02521	9535.8145
857.07605	9608.4365
857.12689	10457.794
857.17773	11460.391
857.22858	12035.002
857.27936	12387.531
857.3302	12161.234
857.38104	12041.223
857.43188	11349.318
857.48273	10553.704
857.53357	10329.655
857.58441	10766.237
857.63519	11560.485
857.68604	11552.056
857.73688	11515.315
857.78772	11500.779
857.83856	11957.736
857.8894	12220.834
857.94025	12052.979
857.99103	11956.707
858.04187	12055.515
858.09271	12438.725
858.14355	12073.808
858.1944	11613.205
858.24524	11297.958
858.29608	11579.747
858.34686	12100.328
858.39771	12217.321
858.44855	12046.525
858.49939	11674.963
858.55023	12016.818
858.60107	12215.216
858.65192	12425.429
858.7027	12275.344
858.75354	12161.669
858.80438	12423.716
858.85522	12002.894
858.90607	11247.948
858.95691	10360.434
859.00775	10529.619
859.05853	11268.724
859.10938	12061.914
859.16022	12504.63
859.21106	12468.726
859.2619	12606.354
859.31274	12195.328
859.36359	11538.863
859.41437	10676.525
859.46521	10407.394
859.51605	10751.911
859.56689	11126.162
859.61774	11397.757
859.66858	11095.831
859.71942	11227.144
859.7702	11549.705
859.82104	11986.822
859.87189	12127.369
859.92273	11867.442
859.97357	12009.201
860.02441	11625.816
860.07526	11225.421
860.12604	10351.696
860.17688	10122.575
860.22772	10525.469
860.27856	11485.774
860.32941	12520.53
860.38025	12637.15
860.43109	13059.243
860.48193	12847.568
860.53271	12586.932
860.58356	11736.932
860.6344	10878.964
860.68524	11065.415
860.73608	11616.729
860.78693	12569.844
860.83777	12291.645
860.88855	12257.345
860.93939	12307.455
860.99023	12648.398
861.04108	12996.687
861.09192	12593.157
861.14276	12589.672
861.1936	12658.912
861.24438	12965.08
861.29523	12641.938
861.34607	11878.291
861.39691	11743.257
861.44775	11876.979
861.4986	12687.215
861.54944	12456.868
861.60022	12159.353
861.65106	11920.709
861.7019	12258.055
861.75275	12942.939
861.80359	12703.247
861.85443	12892.51
861.90527	12569.375
861.95605	12541.337
862.0069	12033
862.05774	10941.012
862.10858	10436.698
862.15942	10502.198
862.21027	11802.453
862.26111	12418.771
862.31189	13246.698
862.36273	13056.645
862.41357	12968.267
862.46442	12685.026
862.51526	11187.01
862.5661	10555.532
862.61694	10166.274
862.66772	10867.411
862.71857	11530.974
862.76941	11942.574
862.82025	12202.001
862.87109	12025.955
862.92194	12663.931
862.97278	12438.728
863.02356	12419.689
863.0744	12002.462
863.12524	11990.689
863.17609	12493.425
863.22693	11882.318
863.27777	11517.136
863.32861	10843.284
863.37939	11419.832
863.43024	12497.237
863.48108	13182.565
863.53192	13420.335
863.58276	13136.873
863.63361	13704.003
863.68445	13190.794
863.73523	12708.026
863.78607	11957.839
863.83691	11662.957
863.88776	12721.096
863.9386	12970.944
863.98944	13378.294
864.04028	12536.89
864.09106	12596.058
864.14191	13147.771
864.19275	13417.055
864.24359	13701.646
864.29443	12903.518
864.34528	13413.425
864.39612	13502.634
864.4469	13278.643
864.49774	12471.763
864.54858	11591.69
864.59943	12338.637
864.65027	12392.825
864.70111	13197.775
864.75195	12682.525
864.8028	12411.918
864.85358	12921.608
864.90442	13052.97
864.95526	13557.265
865.0061	12731.1
865.05695	12918.267
865.10779	12858.177
865.15863	12447.459
865.20941	11751.157
865.26025	10684.181
865.3111	10970.621
865.36194	11459.883
865.41278	12985.683
865.46362	13676.593
865.51447	13808.31
865.56525	14103.34
865.61609	13257.534
865.66693	12537.848
865.71777	11009.067
865.76862	10520.227
865.81946	10919.813
865.8703	11751.971
865.92108	13059.894
865.97192	13126.969
866.02277	13680.524
866.07361	13372.481
866.12445	13542.958
866.17529	13278.198
866.22614	12437.17
866.27692	12593.931
866.32776	12691.698
866.3786	13408.144
866.42944	12881.668
866.48029	12411.322
866.53113	12492.479
866.58197	13052.235
866.63275	14124.427
866.68359	14078.712
866.73444	14046.684
866.78528	13918.503
866.83612	14176.652
866.88696	14296.922
866.93781	13335.796
866.98859	13105.132
867.03943	13039.321
867.09027	13814.584
867.14111	13957.233
867.19196	13442.677
867.2428	13047.24
867.29364	12950.431
867.34442	13844.803
867.39526	14225.674
867.44611	14397.813
867.49695	14216.841
867.54779	14179.029
867.59863	14239.449
867.64948	13251.693
867.70026	12422.426
867.7511	11768.31
867.80194	12328.636
867.85278	13303.522
867.90363	13607.978
867.95447	13738.643
868.00531	13332.373
868.05609	13765.861
868.10693	13756.343
868.15778	13360.837
868.20862	13005.533
868.25946	12653.225
868.3103	13097.474
868.36115	12696.604
868.41193	12157.412
868.46277	11572.048
868.51361	11625.712
868.56445	12585.31
868.6153	13609.125
868.66614	14472.243
868.71698	14497.408
868.76782	14509.7
868.8186	14046.436
868.86945	12763.307
868.92029	11785.127
868.97113	11098.143
869.02197	11626.211
869.07281	12765.972
869.12366	14041.808
869.17444	14531.445
869.22528	14552.449
869.27612	14713.201
869.32697	14394.87
869.37781	13931.09
869.42865	13147.181
869.47949	12956.222
869.53027	13585.356
869.58112	14117.206
869.63196	14129.836
869.6828	13470.589
869.73364	13485.75
869.78448	14023.026
869.83533	14637.288
869.88611	14734.197
869.93695	14363.361
869.98779	14428.508
870.03864	14643.277
870.08948	14777.397
870.14032	14293.686
870.19116	13708.474
870.24194	13851.926
870.29279	14231.338
870.34363	14449.926
870.39447	13709.818
870.44531	12927.636
870.49615	13029.8
870.547	13836.416
870.59778	14702.905
870.64862	14853.249
870.69946	14896.692
870.75031	14829.033
870.80115	14414.27
870.85199	13420.871
870.90283	12025.57
870.95361	11442.027
871.00446	11740.162
871.0553	13006.394
871.10614	13792.165
871.15698	14180.661
871.20782	14292.388
871.25867	14130.287
871.30945	14027.412
871.36029	13270.026
871.41113	12540.233
871.46198	12184.506
871.51282	12517.803
871.56366	12971.375
871.6145	12683.283
871.66528	12354.436
871.71613	12178.312
871.76697	12891.199
871.81781	13768.613
871.86865	14241.207
871.91949	14496.481
871.97034	14295.176
872.02112	14307.607
872.07196	13584.921
872.1228	12522.741
872.17365	11734.707
872.22449	11759.892
872.27533	13003.903
872.32617	13972.843
872.37695	14715.449
872.4278	14732.3
872.47864	14707.8
872.52948	14962.32
872.58032	14395.086
872.63116	13696.656
872.68201	13105.939
872.73279	13507.127
872.78363	14307.304
872.83447	14361.897
872.88531	13961.677
872.93616	13132.544
872.987	13488.456
873.03784	14196.815
873.08868	14481.152
873.13947	14407.864
873.19031	13957.863
873.24115	14349.519
873.29199	14365.595
873.34283	14219.603
873.39368	13606.585
873.44452	13032.493
873.4953	13545.822
873.54614	13581.627
873.59698	13450.493
873.64783	12633.999
873.69867	12219.702
873.74951	12685.373
873.80035	13395.188
873.85114	14395.361
873.90198	14301.877
873.95282	14351.344
874.00366	14089.029
874.0545	13132.266
874.10535	12041.233
874.15619	10748.114
874.20697	10589.677
874.25781	11129.626
874.30865	12422.725
874.3595	13712.188
874.41034	13862.301
874.46118	14100.882
874.51202	13669.15
874.56281	13139.41
874.61365	12161.227
874.66449	11074.967
874.71533	11217.279
874.76617	11627.943
874.81702	12404.112
874.86786	12467.725
874.91864	12136.208
874.96948	12254.178
875.02032	12565.803
875.07117	13332.836
875.12201	13186.381
875.17285	13104.621
875.22369	13216.403
875.27448	13107.988
875.32532	12944.97
875.37616	11972.579
875.427	11455.998
875.47784	11506.855
875.52869	12369.646
875.57953	13448.67
875.63031	13352.309
875.68115	13416.301
875.73199	13125.35
875.78284	13254.103
875.83368	13336.396
875.88452	12510.821
875.93536	12358.231
875.98615	12324.297
876.03699	12922.007
876.08783	12826.072
876.13867	11936.758
876.18951	11618.655
876.24036	11471.538
876.2912	12394.128
876.34198	12563.336
876.39282	12619.826
876.44366	12645.115
876.49451	12448.989
876.54535	12690.707
876.59619	11979.307
876.64703	11336.237
876.69781	10739.176
876.74866	10692.678
876.7995	11334.246
876.85034	10932.468
876.90118	10750.384
876.95203	10176.131
877.00287	10360.526
877.05365	11227.68
877.10449	11393.653
877.15533	11730.575
877.20618	11346.972
877.25702	11282.463
877.30786	10854.327
877.3587	9647.9619
877.40955	8947.041
877.46033	8231.9453
877.51117	8842.6436
877.56201	9936.5322
877.61285	10935.954
877.6637	11543.701
877.71454	11210.442
877.76538	11453.217
877.81616	10643.651
877.867	9581.4912
877.91785	8745.5723
877.96869	8276.1357
878.01953	9170.7832
878.07037	9724.5039
878.12122	10098.952
878.172	10106.69
878.22284	9791.1484
878.27368	10348.679
878.32452	10247.1
878.37537	10353.678
878.42621	9899.2246
878.47705	9579.4512
878.52783	10153.044
878.57867	9895.5107
878.62952	9814.1406
878.68036	8927.1875
878.7312	8650.9688
878.78204	9392.5762
878.83289	9815.0215
878.88367	10296.163
878.93451	9562.168
878.98535	9463.9746
879.03619	9710.3896
879.08704	9739.9434
879.13788	10007.887
879.18872	9185.8721
879.2395	9412.0322
879.29034	9375.3398
879.34119	9392.3262
879.39203	9050.1768
879.44287	7827.5669
879.49371	7852.2021
879.54456	8051.5264
879.59534	9057.7949
879.64618	9477.3105
879.69702	8982.7549
879.74786	9350.7275
879.79871	9133.4453
879.84955	8785.2236
879.90039	8033.457
879.95117	7170.228
880.00201	7344.8472
880.05286	7396.2954
880.1037	8235.5166
880.15454	7953.9297
880.20538	7595.4429
880.25623	7778.311
880.30701	7755.0684
880.35785	8387.9131
880.40869	8196.0098
880.45953	8038.8101
880.51038	8120.1318
880.56122	7781.3477
880.61206	8024.4946
880.66284	6977.2837
880.71368	6425.8901
880.76453	6416.4775
880.81537	6770.7344
880.86621	8057.3599
880.91705	8386.9492
880.9679	8804.5264
881.01868	8793.5908
881.06952	8411.0127
881.12036	8303.6641
881.1712	7062.6216
881.22205	6681.1304
881.27289	6651.9082
881.32373	7176.3267
881.37457	8051.6602
881.42535	8055.5205
881.4762	8126.7388
881.52704	7803.7886
881.57788	8223.0566
881.62872	8435.6006
881.67957	7863.9844
881.73041	7852.4849
881.78119	7699.0488
881.83203	8141.0137
881.88287	8238.0996
881.93372	7750.7988
881.98456	7528.6724
882.0354	7319.0664
882.08624	7887.918
882.13702	8059.7905
882.18787	7899.8086
882.23871	7889.5732
882.28955	7493.5742
882.34039	7912.0107
882.39124	8066.9199
882.44208	7918.0503
882.49286	7794.5542
882.5437	7508.2314
882.59454	7745.9468
882.64539	7478.4922
882.69623	6965.4023
882.74707	6316.9946
882.79791	5958.2017
882.84869	6557.7534
882.89954	7131.1899
882.95038	7675.3149
883.00122	7811.0737
883.05206	7649.5532
883.10291	7534.123
883.15375	6761.2964
883.20453	6125.064
883.25537	5457.0254
883.30621	5217.8247
883.35706	5756.4497
883.4079	6158.2197
883.45874	6386.7373
883.50958	6277.1733
883.56036	6205.1196
883.61121	6223.2046
883.66205	6143.1548
883.71289	5925.8149
883.76373	5536.4941
883.81458	5409.9966
883.86542	5535.0586
883.9162	5384.354
883.96704	5155.3184
884.01788	4682.8525
884.06873	4633.3857
884.11957	4878.5352
884.17041	5270.644
884.22125	5638.2246
884.27203	5466.0405
884.32288	5438.5586
884.37372	5368.6763
884.42456	5031.6069
884.4754	4589.5181
884.52625	4143.9697
884.57709	4075.1204
884.62787	4251.5864
884.67871	4599.9531
884.72955	4753.8516
884.7804	4508.4863
884.83124	4422.7144
884.88208	4401.2329
884.93292	4406.354
884.9837	4311.3931
885.03455	4119.71
885.08539	4039.1504
885.13623	4020.7849
885.18707	4086.5981
885.23792	3861.0894
885.28876	3510.3533
885.33954	3396.8574
885.39038	3390.2012
885.44122	3556.6475
885.49207	3579.5344
885.54291	3415.8545
885.59375	3317.4695
885.64459	3361.9741
885.69543	3478.3071
885.74622	3314.3257
885.79706	3136.1248
885.8479	3048.0886
885.89874	2990.5337
885.94958	2987.3567
886.00043	2743.5378
886.05127	2498.4019
886.10205	2328.1399
886.15289	2422.4907
886.20374	2716.4036
886.25458	2851.158
886.30542	2994.9507
886.35626	2940.9075
886.4071	2845.5261
886.45789	2711.3931
886.50873	2308.4309
886.55957	2034.4956
886.61041	1911.3949
886.66125	1986.7363
886.7121	2265.3711
886.76294	2379.3701
886.81372	2522.9768
886.86456	2464.0391
886.91541	2442.4187
886.96625	2423.5195
887.01709	2193.0261
887.06793	2074.3418
887.11877	1937.3208
887.16956	2031.7449
887.2204	2198.6406
887.27124	2089.7188
887.32208	2036.9755
887.37292	1920.6653
887.42377	2023.676
887.47461	2130.6426
887.52539	2143.6648
887.57623	2229.813
887.62708	2150.572
887.67792	2185.4541
887.72876	2222.4141
887.7796	2029.0582
887.83044	1956.0195
887.88123	1828.011
887.93207	1866.4175
887.98291	2049.8052
888.03375	2030.4176
888.08459	2042.1733
888.13544	1859.2249
888.18628	1902.585
888.23706	2013.8685
888.2879	1952.0485
888.33875	2032.3055
888.38959	1851.2035
888.44043	1905.2611
888.49127	1912.8003
888.54211	1893.021
888.5929	1778.297
888.64374	1540.9548
888.69458	1590.4397
888.74542	1658.1202
888.79626	1725.4781
888.84711	1863.8311
888.89795	1761.5291
888.94873	1755.616
888.99957	1764.6688
889.05042	1667.4508
889.10126	1710.0016
889.1521	1571.8378
889.20294	1567.6176
889.25378	1629.8696
889.30457	1619.7535
889.35541	1566.7391
889.40625	1408.6185
889.45709	1388.2355
889.50793	1440.5503
889.55878	1527.4443
889.60962	1716.3409
889.66046	1725.6382
889.71124	1764.7917
889.76208	1780.6128
889.81293	1585.3365
889.86377	1482.9943
889.91461	1239.209
889.96545	1237.8461
890.0163	1283.9615
890.06708	1469.9163
890.11792	1658.5232
890.16876	1691.3846
890.2196	1755.0679
890.27045	1684.1552
890.32129	1615.4821
890.37213	1623.3102
890.42291	1369.0129
890.47375	1388.4907
890.5246	1426.11
890.57544	1551.0775
890.62628	1592.5189
890.67712	1502.953
890.72797	1503.0588
890.77875	1466.0469
890.82959	1549.9219
890.88043	1610.5985
890.93127	1543.6853
890.98212	1621.2645
891.03296	1606.0275
891.0838	1628.6351
891.13458	1623.7991
891.18542	1492.5491
891.23627	1417.2943
891.28711	1441.0192
891.33795	1511.6917
891.38879	1594.2869
891.43964	1523.0892
891.49042	1433.6631
891.54126	1390.1014
891.5921	1473.9982
891.64294	1547.2618
891.69379	1539.2813
891.74463	1551.2455
891.79547	1508.8352
891.84625	1529.4073
891.89709	1484.8629
891.94794	1303.7551
891.99878	1225.9716
892.04962	1188.4885
892.10046	1280.999
892.15131	1393.1986
892.20209	1454.965
892.25293	1518.1057
892.30377	1488.7056
892.35461	1484.7949
892.40546	1456.078
892.4563	1343.2543
892.50714	1228.74
892.55792	1189.7278
892.60876	1218.7568
892.65961	1265.8143
892.71045	1264.0557
892.76129	1186.6653
892.81213	1149.9819
892.86298	1220.5942
892.91376	1285.9464
892.9646	1344.333
893.01544	1388.9136
893.06628	1379.149
893.11713	1370.1371
893.16797	1309.5067
893.21881	1178.5367
893.26959	1066.8276
893.32043	1002.5468
893.37128	1038.3557
893.42212	1123.3606
893.47296	1251.5424
893.5238	1318.8735
893.57465	1287.5352
893.62543	1302.8273
893.67627	1246.1068
893.72711	1145.7885
893.77795	1040.5874
893.8288	957.66315
893.87964	959.34247
893.93048	1036.8412
893.98132	1083.2859
894.0321	1073.4105
894.08295	1045.9471
894.13379	1008.8554
894.18463	1037.2842
894.23547	1032.2386
894.28632	1044.3572
894.33716	985.70013
894.38794	966.20422
894.43878	984.34149
894.48962	983.24457
894.54047	924.96155
894.59131	855.58624
894.64215	815.81927
894.69299	837.85883
894.74377	823.43903
894.79462	824.1629
894.84546	783.92499
894.8963	729.52985
894.94714	748.84436
894.99799	799.15997
895.04883	817.39374
895.09961	793.19861
895.15045	765.28314
895.20129	740.3327
895.25214	704.41272
895.30298	658.08685
895.35382	566.2417
895.40466	517.43689
895.45544	507.58875
895.50629	550.42792
895.55713	650.99396
895.60797	668.83063
895.65881	684.11963
895.70966	668.25568
895.7605	629.40942
895.81128	607.6911
895.86212	504.1651
895.91296	451.48306
895.96381	485.4194
896.01465	486.76013
896.06549	500.48358
896.11633	515.54303
896.16711	510.50122
896.21796	514.04437
896.2688	520.48212
896.31964	555.54553
896.37048	516.90668
896.42133	519.7309
896.47217	500.98676
896.52295	486.91098
896.57379	509.37573
896.62463	453.03427
896.67548	407.68674
896.72632	409.0285
896.77716	417.01025
896.828	470.19492
896.87878	493.26132
896.92963	488.67902
896.98047	478.50635
897.03131	495.05243
897.08215	472.69821
897.133	450.6658
897.18384	417.29868
897.23462	396.52618
897.28546	406.91745
897.3363	441.0976
897.38715	457.48166
897.43799	427.65927
897.48883	412.12616
897.53967	387.55615
897.59045	418.36893
897.6413	421.36993
897.69214	408.20898
897.74298	436.65421
897.79382	418.57645
897.84467	413.73187
897.89551	394.02191
897.94635	359.71609
897.99713	348.52966
898.04797	347.12247
898.09882	354.94583
898.14966	362.11795
898.2005	349.37033
898.25134	342.42764
898.30219	330.24246
898.35297	328.75015
898.40381	345.55112
898.45465	364.02597
898.50549	363.83533
898.55634	351.60806
898.60718	354.44342
898.65802	338.38309
898.7088	308.60516
898.75964	277.39276
898.81049	256.66721
898.86133	262.50388
898.91217	284.01236
898.96301	319.50125
899.01385	346.89517
899.06464	352.41159
899.11548	355.12256
899.16632	340.65689
899.21716	311.01791
899.26801	275.14743
899.31885	252.30437
899.36969	252.44382
899.42047	273.54385
899.47131	291.72809
899.52216	313.27963
899.573	315.22876
899.62384	318.40738
899.67468	313.16513
899.72552	315.63666
899.77631	315.35031
899.82715	301.71744
899.87799	294.19916
899.92883	305.31046
899.97968	307.99942
900.03052	301.95532
900.08136	284.9584
900.13214	267.99789
900.18298	271.27292
900.23383	297.66815
900.28467	321.40533
900.33551	311.60349
900.38635	309.81201
900.43719	304.63898
900.48798	320.45029
900.53882	316.185
900.58966	303.62222
900.6405	286.06912
900.69135	289.23535
900.74219	291.84259
900.79303	305.70663
900.84381	281.79929
900.89465	271.12723
900.9455	268.08365
900.99634	266.76022
901.04718	292.60764
901.09802	307.9494
901.14886	302.79733
901.19965	304.6398
901.25049	296.2038
901.30133	288.20255
901.35217	274.84238
901.40302	247.18338
901.45386	232.07301
901.5047	240.5555
901.55548	242.45438
901.60632	253.74919
901.65717	255.4752
901.70801	252.67639
901.75885	237.69591
901.80969	246.58392
901.86053	246.07048
901.91132	248.75633
901.96216	246.82928
902.013	251.24728
902.06384	246.2524
902.11469	236.65526
902.16553	223.6049
902.21637	203.01006
902.26721	189.47571
902.31799	207.43884
902.36884	232.06221
902.41968	250.91887
902.47052	268.54968
902.52136	253.09
902.5722	261.3952
902.62305	246.86459
902.67383	239.6721
902.72467	200.50919
902.77551	175.67134
902.82635	190.33321
902.8772	224.11066
902.92804	214.401
902.97888	245.31602
903.02966	246.54407
903.08051	254.68909
903.13135	258.22742
903.18219	252.43987
903.23303	232.08031
903.28387	215.81821
903.33472	221.85667
903.3855	238.96556
903.43634	248.44141
903.48718	243.6452
903.53802	221.63737
903.58887	207.53215
903.63971	230.18393
903.69055	257.88171
903.74133	259.33713
903.79218	249.86909
903.84302	237.21809
903.89386	240.52928
903.9447	250.30396
903.99554	238.80997
904.04639	245.39311
904.09717	232.15347
904.14801	224.41557
904.19885	232.08043
904.24969	226.35695
904.30054	222.1106
904.35138	193.56281
904.40222	196.98727
904.453	203.58818
904.50385	224.16319
904.55469	232.68727
904.60553	233.84282
904.65637	217.21573
904.70721	235.94574
904.75806	217.21671
904.80884	200.66823
904.85968	180.91734
904.91052	159.68855
904.96136	162.99654
905.01221	181.65685
905.06305	201.16644
905.11389	201.56033
905.16467	188.3994
905.21552	197.16211
905.26636	199.07944
905.3172	196.43736
905.36804	181.74574
905.41888	168.67783
905.46973	165.00934
905.52051	167.7834
905.57135	174.65051
905.62219	161.9187
905.67303	156.63216
905.72388	148.95865
905.77472	154.06592
905.82556	169.25006
905.87634	173.3382
905.92719	181.19038
905.97803	187.56206
906.02887	175.74356
906.07971	174.02292
906.13055	160.09758
906.1814	138.94293
906.23218	133.64928
906.28302	134.27019
906.33386	139.89122
906.3847	150.60228
906.43555	154.19847
906.48639	156.99146
906.53723	162.09877
906.58807	153.88554
906.63885	154.27362
906.6897	155.72383
906.74054	144.53741
906.79138	143.45386
906.84222	141.34419
906.89307	144.80151
906.94391	146.58121
906.99469	139.81873
907.04553	132.4343
907.09637	131.62456
907.14722	129.72603
907.19806	133.09068
907.2489	135.91385
907.29974	139.01428
907.35052	134.75467
907.40137	135.31763
907.45221	140.74945
907.50305	132.9068
907.55389	126.51259
907.60474	131.81528
907.65558	121.72715
907.70636	122.64967
907.7572	117.15771
907.80804	107.46581
907.85889	100.33071
907.90973	102.42935
907.96057	106.17545
908.01141	115.84971
908.06219	128.41386
908.11304	126.47954
908.16388	114.86117
908.21472	119.95638
908.26556	111.39853
908.31641	96.255455
908.36725	94.009026
908.41803	94.931427
908.46887	101.2918
908.51971	102.49857
908.57056	104.89923
908.6214	118.58028
908.67224	118.27834
908.72308	122.60173
908.77386	113.1031
908.82471	106.22799
908.87555	98.467529
908.92639	94.656845
908.97723	95.507507
909.02808	93.317558
909.07892	101.76022
909.1297	94.571037
909.18054	88.375351
909.23138	99.082062
909.28223	103.63856
909.33307	93.169434
909.38391	102.06182
909.43475	100.31253
909.48553	104.45768
909.53638	100.44465
909.58722	92.673012
909.63806	89.867783
909.6889	96.904518
909.73975	88.012924
909.79059	97.286934
909.84137	102.99548
909.89221	95.55072
909.94305	97.425453
909.9939	90.287857
910.04474	90.970428
910.09558	90.362366
910.14642	88.78566
910.1972	93.281059
910.24805	91.260948
910.29889	89.506142
910.34973	94.207047
910.40057	87.663795
910.45142	83.935417
910.50226	97.875893
910.5531	83.132629
910.60388	84.475494
910.65472	89.443932
910.70557	88.14875
910.75641	87.515541
910.80725	85.648552
910.85809	90.132011
910.90894	86.337708
910.95972	86.280533
911.01056	102.8158
911.0614	74.565636
911.11224	71.99469
911.16309	91.7416
911.21393	87.621017
911.26477	89.796722
911.31555	89.449066
911.36639	82.563194
911.41724	74.563194
911.46808	79.359917
911.51892	83.286812
911.56976	88.592926
911.62061	91.375839
911.67139	87.775635
911.72223	79.533745
911.77307	85.237495
911.82391	79.256966
911.87476	70.790482
911.9256	70.112885
911.97644	67.618576
912.02722	73.085304
912.07806	83.762779
912.12891	80.961678
912.17975	85.854576
912.23059	91.993149
912.28143	98.040565
912.33228	87.343246
912.38306	78.550484
912.4339	79.707382
912.48474	75.777573
912.53558	75.956818
912.58643	79.728813
912.63727	78.120728
912.68811	72.556084
912.73889	70.324524
912.78973	77.771706
912.84058	87.785408
912.89142	88.466568
912.94226	86.141434
912.9931	85.638046
913.04395	84.435127
913.09473	84.143547
913.14557	82.900772
913.19641	73.299728
913.24725	73.425644
913.2981	77.990196
913.34894	79.865913
913.39978	83.292473
913.45056	79.275726
913.5014	79.023293
913.55225	78.988846
913.60309	80.656807
913.65393	81.180107
913.70477	79.546005
913.75562	84.558647
913.8064	82.263107
913.85724	76.298462
913.90808	79.098846
913.95892	75.957397
914.00977	73.894432
914.06061	72.926979
914.11145	71.686729
914.16223	73.510139
914.21307	76.334061
914.26392	77.732697
914.31476	80.429062
914.3656	72.230629
914.41644	68.813522
914.46729	76.632385
914.51807	73.358124
914.56891	67.238724
914.61975	68.463776
914.67059	65.598488
914.72144	67.480453
914.77228	74.665901
914.82312	75.033463
914.87396	73.57666
914.92474	74.319946
914.97559	71.894516
915.02643	66.115532
915.07727	73.656021
915.12811	71.451653
915.17896	70.212921
915.2298	69.055962
915.28058	68.183037
915.33142	70.239532
915.38226	71.263649
915.43311	66.20842
915.48395	70.45652
915.53479	67.074188
915.58563	74.350639
915.63641	75.282707
915.68726	75.812241
915.7381	75.59922
915.78894	79.072899
915.83978	78.548996
915.89063	75.103706
915.94147	70.357567
915.99225	69.698181
916.04309	60.984535
916.09393	71.544273
916.14478	76.300095
916.19562	74.210854
916.24646	72.645569
916.2973	74.580391
916.34808	77.840225
916.39893	76.626297
916.44977	75.73819
916.50061	70.987099
916.55145	75.16835
916.60229	70.94117
916.65314	74.870377
916.70392	61.900414
916.75476	71.312859
916.8056	66.002731
916.85645	64.804047
916.90729	72.766151
916.95813	73.382294
917.00897	74.874245
917.05975	71.850868
917.1106	66.432968
917.16144	66.390396
917.21228	71.498978
917.26312	70.671188
917.31396	70.910225
917.36481	70.398926
917.41559	73.038498
917.46643	73.743477
917.51727	69.702553
917.56812	64.245583
917.61896	60.332081
917.6698	59.329937
917.72064	62.519962
917.77142	71.577637
917.82227	71.47477
917.87311	71.719223
917.92395	71.323074
917.97479	67.041901
918.02563	68.273598
918.07648	67.963837
918.12726	63.650162
918.1781	59.211472
918.22894	55.955524
918.27979	61.176529
918.33063	64.936485
918.38147	63.043808
918.43231	68.299904
918.48309	71.588898
918.53394	64.145355
918.58478	55.148327
918.63562	58.379761
918.68646	67.699455
918.7373	64.831474
918.78815	60.817665
918.83899	67.123367
918.88977	64.013092
918.94061	59.99929
918.99146	61.64505
919.0423	59.737858
919.09314	58.691635
919.14398	59.983505
919.19482	59.974514
919.24561	61.539131
919.29645	63.423073
919.34729	62.683811
919.39813	65.353355
919.44897	64.246719
919.49982	58.478893
919.55066	59.648769
919.60144	57.639202
919.65228	58.177021
919.70313	58.601013
919.75397	66.06031
919.80481	61.990124
919.85565	58.696144
919.90649	60.867741
919.95728	57.989357
920.00812	59.193424
920.05896	59.943417
920.1098	60.644993
920.16064	60.257175
920.21149	61.305775
920.26233	54.946125
920.31311	56.547543
920.36395	53.03912
920.41479	56.794056
920.46564	58.191143
920.51648	59.325062
920.56732	59.793385
920.61816	55.412827
920.66895	57.946842
920.71979	53.661816
920.77063	54.636463
920.82147	52.926781
920.87231	59.106899
920.92316	57.261662
920.974	54.595356
921.02478	57.295181
921.07562	52.609413
921.12646	54.997063
921.17731	54.109978
921.22815	55.308571
921.27899	52.381611
921.32983	54.99123
921.38062	52.8022
921.43146	60.399422
921.4823	53.655136
921.53314	57.120083
921.58398	57.762402
921.63483	56.277004
921.68567	52.877014
921.73645	53.302494
921.78729	49.603256
921.83813	45.920799
921.88898	49.127567
921.93982	49.76688
921.99066	52.533638
922.0415	52.130276
922.09229	52.102638
922.14313	50.105915
922.19397	55.823746
922.24481	56.146843
922.29565	52.788471
922.3465	52.320713
922.39734	51.067665
922.44812	52.291145
922.49896	54.763927
922.5498	54.202145
922.60065	50.124664
922.65149	51.39101
922.70233	50.197906
922.75317	53.824146
922.80396	55.667221
922.8548	57.132805
922.90564	54.559605
922.95648	53.556686
923.00732	55.928265
923.05817	51.845585
923.10901	53.731464
923.15985	50.083389
923.21063	49.470062
923.26147	50.57497
923.31232	53.081551
923.36316	54.82391
923.414	54.511864
923.46484	53.174492
923.51569	53.528618
923.56647	52.714588
923.61731	53.358807
923.66815	53.692257
923.71899	52.986374
923.76984	51.206734
923.82068	51.220238
923.87152	52.555656
923.9223	49.393635
923.97314	48.560246
924.02399	47.302711
924.07483	47.696636
924.12567	50.112614
924.17651	53.935898
924.22736	53.016708
924.27814	52.311028
924.32898	46.605595
924.37982	46.925709
924.43066	51.874962
924.48151	47.893307
924.53235	48.471252
924.58319	48.688072
924.63397	50.378628
924.68481	50.360485
924.73566	51.314835
924.7865	52.187893
924.83734	49.103977
924.88818	47.772675
924.93903	45.231316
924.98981	47.249855
925.04065	48.152378
925.09149	49.711533
925.14233	53.374081
925.19318	53.583881
925.24402	51.767319
925.29486	47.004333
925.34564	48.34935
925.39648	51.069756
925.44733	50.651474
925.49817	48.794239
925.54901	45.899994
925.59985	50.14423
925.6507	46.522308
925.70148	48.002754
925.75232	50.518349
925.80316	50.731449
925.854	49.379635
925.90485	47.158066
925.95569	47.460354
926.00653	44.404907
926.05731	50.061306
926.10815	44.625698
926.159	49.644302
926.20984	48.520161
926.26068	51.410282
926.31152	49.213345
926.36237	51.153114
926.41315	49.275745
926.46399	50.280632
926.51483	46.186485
926.56567	50.301773
926.61652	49.389946
926.66736	47.875126
926.7182	50.208652
926.76898	47.708214
926.81982	46.95359
926.87067	49.496113
926.92151	48.115143
926.97235	50.025627
927.02319	52.370552
927.07404	47.91848
927.12488	47.684128
927.17566	47.731087
927.2265	44.02692
927.27734	55.822498
927.32819	51.324013
927.37903	44.848953
927.42987	51.174503
927.48071	50.620392
927.53149	47.781296
927.58234	42.998981
927.63318	44.946117
927.68402	48.264126
927.73486	45.53096
927.78571	47.290466
927.83655	45.802032
927.88733	48.077343
927.93817	49.754509
927.98901	49.006168
928.03986	47.774498
928.0907	48.31031
928.14154	44.660831
928.19238	46.439785
928.24316	47.106579
928.29401	46.140224
928.34485	46.850552
928.39569	45.384182
928.44653	47.55085
928.49738	47.109585
928.54822	47.616638
928.599	47.624065
928.64984	50.74876
928.70068	51.818741
928.75153	48.523739
928.80237	44.745075
928.85321	49.216133
928.90405	46.637325
928.95483	46.997669
929.00568	46.879307
929.05652	42.540417
929.10736	43.713787
929.1582	46.458752
929.20905	47.837536
929.25989	49.714336
929.31067	47.245918
929.36151	49.810051
929.41235	48.455212
929.4632	47.63475
929.51404	46.5728
929.56488	45.769955
929.61572	46.611694
929.6665	45.140106
929.71735	47.709599
929.76819	49.312756
929.81903	48.114609
929.86987	48.318836
929.92072	45.240147
929.97156	46.158173
930.02234	51.022224
930.07318	49.144676
930.12402	47.329334
930.17487	46.086197
930.22571	45.678196
930.27655	48.125519
930.32739	47.370907
930.37817	44.417076
930.42902	46.500526
930.47986	48.194702
930.5307	45.313099
930.58154	46.46698
930.63239	47.477261
930.68323	46.444675
930.73401	47.442524
930.78485	48.575241
930.83569	45.156651
930.88654	47.517189
930.93738	48.588371
930.98822	48.934406
931.03906	46.921169
931.08984	44.85461
931.14069	46.966705
931.19153	44.548851
931.24237	43.40736
931.29321	45.048901
931.34406	45.789082
931.3949	42.992035
931.44574	43.861591
931.49652	45.518959
931.54736	47.261272
931.59821	42.027302
931.64905	46.831589
931.69989	45.918606
931.75073	48.138157
931.80157	45.613686
931.85236	44.764347
931.9032	41.479458
931.95404	46.993042
932.00488	46.551468
932.05573	47.431488
932.10657	45.814251
932.15741	46.371925
932.20819	45.85141
932.25903	48.22007
932.30988	45.677311
932.36072	40.812672
932.41156	46.188564
932.4624	48.50795
932.51324	40.376904
932.56403	44.004082
932.61487	45.93256
932.66571	46.185131
932.71655	44.501648
932.7674	43.161671
932.81824	47.991665
932.86908	48.067631
932.91986	45.755821
932.9707	47.028511
933.02155	45.073795
933.07239	44.26012
933.12323	46.403625
933.17407	44.827621
933.22491	40.758549
933.2757	45.322273
933.32654	46.217316
933.37738	46.572193
933.42822	48.089008
933.47906	46.763985
933.52991	45.862812
933.58075	48.070103
933.63153	44.486267
933.68237	46.067528
933.73322	44.659103
933.78406	42.996998
933.8349	47.188263
933.88574	46.720898
933.93658	44.567448
933.98737	44.342377
934.03821	44.736717
934.08905	46.453884
934.13989	44.731407
934.19073	41.732697
934.24158	39.016918
934.29242	43.062965
934.3432	42.512608
934.39404	41.834534
934.44489	41.977898
934.49573	44.051247
934.54657	43.543945
934.59741	42.297356
934.64825	40.556664
934.69904	44.551445
934.74988	48.304455
934.80072	47.953987
934.85156	45.376587
934.9024	44.939095
934.95325	42.337044
935.00409	43.613369
935.05487	43.826385
935.10571	43.969086
935.15656	44.513935
935.2074	45.102165
935.25824	41.766815
935.30908	43.340935
935.35992	45.564396
935.41071	42.860573
935.46155	44.134071
935.51239	41.912243
935.56323	42.378689
935.61407	44.059597
935.66492	44.348389
935.71576	42.982265
935.7666	43.921265
935.81738	45.974594
935.86823	48.806957
935.91907	45.652802
935.96991	43.636837
936.02075	42.416702
936.07159	39.386227
936.12244	37.779152
936.17322	44.520184
936.22406	43.597595
936.2749	50.488266
936.32574	43.586231
936.37659	42.099888
936.42743	43.38282
936.47827	46.080746
936.52905	43.88982
936.5799	41.566738
936.63074	48.876587
936.68158	45.393131
936.73242	45.889809
936.78326	43.472412
936.83411	42.897308
936.88489	44.902081
936.93573	45.193298
936.98657	45.155758
937.03741	42.893723
937.08826	42.632763
937.1391	42.100853
937.18994	48.386986
937.24072	42.493099
937.29156	41.16964
937.34241	41.258774
937.39325	43.288296
937.44409	39.687466
937.49493	41.135796
937.54578	46.327633
937.59656	42.090504
937.6474	41.614868
937.69824	42.010036
937.74908	44.933788
937.79993	43.731487
937.85077	43.803154
937.90161	41.780132
937.95239	40.989246
938.00323	41.541142
938.05408	43.061733
938.10492	43.615757
938.15576	40.879929
938.2066	42.190594
938.25745	43.703457
938.30823	42.720699
938.35907	40.652802
938.40991	42.843163
938.46075	45.854092
938.5116	45.2244
938.56244	44.908745
938.61328	44.153065
938.66406	41.26313
938.7149	41.907013
938.76575	42.096508
938.81659	42.612488
938.86743	41.09737
938.91827	42.459343
938.96912	43.897972
939.0199	43.681316
939.07074	44.335098
939.12158	44.233234
939.17242	41.797413
939.22327	39.89439
939.27411	43.25016
939.32495	42.962669
939.37573	42.771011
939.42657	40.721951
939.47742	39.182869
939.52826	42.255219
939.5791	42.375168
939.62994	43.121201
939.68079	42.52121
939.73163	44.875351
939.78241	42.455891
939.83325	43.379223
939.88409	43.757584
939.93494	42.21986
939.98578	41.727196
940.03662	39.722122
940.08746	41.79763
940.13824	41.833382
940.18909	43.044544
940.23993	42.496464
940.29077	41.324657
940.34161	49.361359
940.39246	43.413895
940.4433	39.832714
940.49408	46.572475
940.54492	44.192707
940.59576	42.41486
940.64661	44.348953
940.69745	43.281017
940.74829	44.660503
940.79913	42.867619
940.84991	41.264408
940.90076	42.675316
940.9516	38.104248
941.00244	45.136406
941.05328	45.080563
941.10413	40.709316
941.15497	41.755268
941.20575	40.837437
941.25659	43.200493
941.30743	39.099949
941.35828	41.8685
941.40912	40.781464
941.45996	41.71233
941.5108	40.933636
941.56158	41.593472
941.61243	38.324539
941.66327	40.478317
941.71411	41.376514
941.76495	45.622013
941.8158	42.04517
941.86664	35.96524
941.91742	37.501862
941.96826	42.364075
942.0191	42.248367
942.06995	39.628796
942.12079	40.628994
942.17163	42.411232
942.22247	44.535576
942.27325	42.809147
942.3241	41.515167
942.37494	41.251961
942.42578	41.706676
942.47662	42.552391
942.52747	39.94289
942.57831	40.192799
942.62909	41.088924
942.67993	42.138718
942.73077	43.11673
942.78162	43.200199
942.83246	42.58939
942.8833	40.951057
942.93414	41.988728
942.98492	42.347752
943.03577	40.135147
943.08661	43.962315
943.13745	46.893887
943.18829	42.813175
943.23914	43.165398
943.28998	45.472073
943.34076	42.403202
943.3916	43.490086
943.44244	45.755264
943.49329	46.041687
943.54413	43.584908
943.59497	39.88784
943.64581	42.366455
943.69659	40.627144
943.74744	44.336407
943.79828	45.175156
943.84912	45.911224
943.89996	39.858128
943.95081	36.26408
944.00165	38.981682
944.05249	39.010818
944.10327	43.033009
944.15411	40.081818
944.20496	40.197926
944.2558	44.194374
944.30664	42.200195
944.35748	41.974209
944.40833	35.273746
944.45911	40.640823
944.50995	35.533539
944.56079	42.111855
944.61163	41.282238
944.66248	41.649555
944.71332	39.262108
944.76416	41.174377
944.81494	42.327789
944.86578	43.173767
944.91663	42.721592
944.96747	37.806931
945.01831	39.983711
945.06915	39.200195
945.12	40.426487
945.17078	45.450138
945.22162	47.407063
945.27246	42.85347
945.3233	40.545033
945.37415	37.136581
945.42499	39.06358
945.47583	43.547256
945.52661	42.682659
945.57745	40.827267
945.6283	42.512917
945.67914	41.865425
945.72998	39.277275
945.78082	38.95541
945.83167	40.649361
945.88245	40.73679
945.93329	41.156647
945.98413	40.622181
946.03497	40.623577
946.08582	41.677982
946.13666	39.48159
946.1875	38.110363
946.23828	40.464985
946.28912	39.760033
946.33997	39.907089
946.39081	38.1469
946.44165	36.07494
946.49249	41.122826
946.54333	39.548904
946.59412	38.405426
946.64496	39.684284
946.6958	42.23814
946.74664	44.628155
946.79749	42.866913
946.84833	39.021671
946.89917	40.277393
946.94995	41.774311
947.00079	40.422348
947.05164	39.195957
947.10248	40.800903
947.15332	37.698181
947.20416	43.964005
947.255	39.845268
947.30579	45.152855
947.35663	36.340065
947.40747	39.744301
947.45831	39.276009
947.50916	41.079517
947.56	42.91716
947.61084	47.846954
947.66162	41.105938
947.71246	43.997368
947.76331	40.258583
947.81415	44.164104
947.86499	42.872478
947.91583	40.443985
947.96667	43.899086
948.01752	40.109444
948.0683	39.922523
948.11914	44.929039
948.16998	37.172768
948.22083	36.5457
948.27167	34.667633
948.32251	39.130814
948.37335	42.973434
948.42413	38.853336
948.47498	41.588188
948.52582	40.395576
948.57666	40.792244
948.6275	40.145096
948.67834	38.895363
948.72919	37.976006
948.77997	42.064396
948.83081	43.211597
948.88165	43.719166
948.9325	42.104256
948.98334	41.775429
949.03418	39.71645
949.08502	41.668472
949.1358	41.974083
949.18665	40.41642
949.23749	38.490723
949.28833	38.189735
949.33917	38.56115
949.39001	41
949.44086	38.49049
949.49164	40.404041
949.54248	43.001099
949.59332	42.656467
949.64417	41.945396
949.69501	39.997334
949.74585	40.434006
949.79669	37.401279
949.84747	39.743721
949.89832	39.541992
949.94916	38.064056
950	32.568607
