700	52.506687
700.05084	48.477547
700.10168	45.260113
700.15253	46.533676
700.20331	50.254162
700.25415	52.806355
700.30499	49.992355
700.35583	46.939827
700.40668	41.111706
700.45752	47.99387
700.50836	52.067745
700.55914	55.037415
700.60999	46.606209
700.66083	47.870625
700.71167	56.220646
700.76251	46.241886
700.81335	46.759228
700.8642	48.847599
700.91498	51.559299
700.96582	47.855362
701.01666	51.060162
701.0675	46.43404
701.11835	44.22176
701.16919	50.959923
701.22003	51.652699
701.27081	50.311028
701.32166	51.421318
701.3725	48.629417
701.42334	46.368885
701.47418	46.753426
701.52502	44.56929
701.57587	43.767784
701.62665	48.406612
701.67749	49.280544
701.72833	51.53447
701.77917	51.907196
701.83002	48.439777
701.88086	49.173553
701.9317	49.617859
701.98248	48.632622
702.03333	49.074467
702.08417	48.150288
702.13501	47.960884
702.18585	50.333981
702.23669	48.414364
702.28754	44.618652
702.33838	48.958313
702.38916	50.92889
702.44	50.40873
702.49084	52.124897
702.54169	49.077412
702.59253	48.743813
702.64337	51.357559
702.69421	46.779526
702.745	47.308746
702.79584	50.359051
702.84668	47.490227
702.89752	44.836525
702.94836	45.879131
702.99921	52.721104
703.05005	45.423477
703.10083	47.124039
703.15167	47.214546
703.20251	49.365726
703.25336	52.414261
703.3042	45.256886
703.35504	47.17662
703.40588	48.178761
703.45667	55.116043
703.50751	52.028023
703.55835	53.950993
703.60919	48.248222
703.66003	43.424679
703.71088	48.566082
703.76172	49.128735
703.8125	48.123032
703.86334	45.370895
703.91418	51.01733
703.96503	42.838558
704.01587	49.294579
704.06671	48.684376
704.11755	49.617458
704.16833	52.442604
704.21918	53.903103
704.27002	45.097412
704.32086	46.373146
704.3717	48.813141
704.42255	44.273895
704.47339	42.045414
704.52417	45.407734
704.57501	48.343327
704.62585	47.73967
704.6767	50.77092
704.72754	50.751373
704.77838	47.39756
704.82922	45.011711
704.88	46.885094
704.93085	48.075672
704.98169	49.13493
705.03253	53.572426
705.08337	51.716965
705.13422	47.53389
705.18506	48.593002
705.23584	49.080006
705.28668	49.897942
705.33752	49.529301
705.38837	47.473492
705.43921	47.259068
705.49005	47.820065
705.54089	50.417194
705.59167	47.711437
705.64252	45.654484
705.69336	48.30109
705.7442	51.415421
705.79504	51.884377
705.84589	49.692661
705.89673	45.786144
705.94751	47.791157
705.99835	47.606667
706.04919	50.141602
706.10004	49.316582
706.15088	45.578903
706.20172	49.018265
706.25256	49.351833
706.30341	51.013641
706.35419	50.899769
706.40503	48.465988
706.45587	52.840137
706.50671	47.032227
706.55756	47.969345
706.6084	46.141495
706.65924	46.002125
706.71002	51.815769
706.76086	45.460094
706.81171	50.629284
706.86255	50.079086
706.91339	50.128174
706.96423	51.794548
707.01508	46.881443
707.06586	50.310005
707.1167	48.595367
707.16754	43.07275
707.21838	45.238388
707.26923	50.763184
707.32007	51.22187
707.37091	46.533573
707.42169	48.769192
707.47253	46.345348
707.52338	50.006378
707.57422	49.202145
707.62506	52.102379
707.6759	54.094589
707.72675	54.701504
707.77753	49.997894
707.82837	45.279213
707.87921	44.055923
707.93005	45.76799
707.9809	51.096397
708.03174	52.468014
708.08258	48.354187
708.13336	49.684776
708.1842	48.476345
708.23505	47.536026
708.28589	51.067856
708.33673	49.751213
708.38757	47.693871
708.43842	47.080429
708.4892	49.140259
708.54004	50.482769
708.59088	46.898796
708.64172	46.622581
708.69257	51.572983
708.74341	53.628551
708.79425	48.076611
708.84503	47.678158
708.89587	49.642426
708.94672	46.276173
708.99756	46.477413
709.0484	46.473358
709.09924	48.471909
709.15009	41.314877
709.20087	45.71629
709.25171	45.838081
709.30255	51.478874
709.35339	40.980442
709.40424	50.926479
709.45508	44.383636
709.50592	46.445522
709.5567	49
709.60754	48.925049
709.65839	48.120609
709.70923	49.828022
709.76007	46.256958
709.81091	50.089119
709.86176	46.148495
709.91254	51.055706
709.96338	54.873009
710.01422	52.277431
710.06506	48.261738
710.11591	48
710.16675	49.812813
710.21759	50
710.26837	45.743622
710.31921	49.444103
710.37006	50.986366
710.4209	49.481571
710.47174	52.399529
710.52258	49.143131
710.57343	45.789009
710.62427	48.106636
710.67505	50.507248
710.72589	49.62817
710.77673	49.864902
710.82758	49.333469
710.87842	51.177063
710.92926	53.496822
710.9801	45.527027
711.03088	49.465164
711.08173	48.398487
711.13257	45.671268
711.18341	49.61211
711.23425	47.892712
711.2851	43.36586
711.33594	44.367481
711.38672	48.771824
711.43756	54.160854
711.4884	50.348747
711.53925	48.468395
711.59009	49.1492
711.64093	47.863018
711.69177	51.141602
711.74255	51.95158
711.7934	49.208492
711.84424	46.901127
711.89508	50.304325
711.94592	48.300518
711.99677	49.258789
712.04761	50.923584
712.09839	47.709942
712.14923	48.78022
712.20007	48.301182
712.25092	49.28661
712.30176	49.184837
712.3526	46.74371
712.40344	46.483444
712.45422	47.318539
712.50507	46.091736
712.55591	49.944767
712.60675	49.298058
712.65759	49.185265
712.70844	46.212227
712.75928	51.572647
712.81006	48.017391
712.8609	48.234512
712.91174	48.90633
712.96259	48.169205
713.01343	49.951553
713.06427	47.092819
713.11511	46.312664
713.16589	51.001316
713.21674	44.005074
713.26758	44.990704
713.31842	45.975937
713.36926	47.920467
713.4201	45.163147
713.47095	50.718132
713.52173	47.475681
713.57257	46.111977
713.62341	47.012993
713.67426	48.88715
713.7251	47.303665
713.77594	51.218189
713.82678	48.801121
713.87756	50.469769
713.92841	43.800613
713.97925	40.429272
714.03009	47.046299
714.08093	49.790745
714.13177	49.258343
714.18262	46.818733
714.2334	47.525936
714.28424	52.230484
714.33508	48.532932
714.38593	48.769966
714.43677	52.10434
714.48761	52.501923
714.53845	48.92754
714.58929	48.221081
714.64008	48.404026
714.69092	50.325615
714.74176	48.112419
714.7926	46.246136
714.84344	48.680378
714.89429	52.097252
714.94513	51.451279
714.99591	46.028946
715.04675	44.509876
715.0976	47.007687
715.14844	47.612
715.19928	49.269993
715.25012	50.72945
715.30096	49
715.35175	49.788757
715.40259	50.61974
715.45343	48.95261
715.50427	48.14735
715.55511	50.722336
715.60596	50.159584
715.6568	46.969234
715.70758	49.436367
715.75842	49.861404
715.80927	49.141602
715.86011	49.393845
715.91095	49.666252
715.96179	49.480244
716.01263	54.529606
716.06342	54.856712
716.11426	50.4772
716.1651	50.83651
716.21594	45.915787
716.26678	50.723549
716.31763	48.376614
716.36847	44.566135
716.41925	48.758987
716.47009	45.223755
716.52094	46.402378
716.57178	50.053082
716.62262	50.960365
716.67346	49.903179
716.7243	46.164959
716.77509	48.135529
716.82593	47.157894
716.87677	47.973526
716.92761	48
716.97845	48
717.0293	52.764385
717.08014	53.925442
717.13092	50.532528
717.18176	51.911926
717.2326	50.398079
717.28345	47.448174
717.33429	53.025883
717.38513	54.024158
717.43597	45.842148
717.48676	44
717.5376	51.98954
717.58844	48.727234
717.63928	46.38179
717.69012	47.528728
717.74097	48
717.79181	49.436848
717.84259	51.508091
717.89343	49.282089
717.94427	45.968891
717.99512	46.988548
718.04596	46.052853
718.0968	48.178242
718.14764	49.37849
718.19843	50.301365
718.24927	46.303368
718.30011	45.90086
718.35095	48.080185
718.40179	48.063313
718.45264	46.997448
718.50348	47.717945
718.55426	49.580658
718.6051	49.07436
718.65594	49.11097
718.70679	47.787979
718.75763	46.054993
718.80847	50.181892
718.85931	50.191822
718.91016	46.330696
718.96094	47.655003
719.01178	47.863602
719.06262	49.053116
719.11346	50.175499
719.16431	48.566284
719.21515	44.817654
719.26599	48.174343
719.31677	45.227669
719.36761	48.335079
719.41846	48.541706
719.4693	48.37133
719.52014	51.381664
719.57098	49.141602
719.62183	48.915092
719.67261	48.567822
719.72345	49.314491
719.77429	46.770695
719.82513	49.430401
719.87598	47.424881
719.92682	54.006084
719.97766	48.649052
720.02844	52.118118
720.07928	51.848122
720.13013	42.091316
720.18097	43.77914
720.23181	53.000004
720.28265	52.744438
720.3335	48.194126
720.38428	53.036015
720.43512	49.001713
720.48596	49.141449
720.5368	50.972668
720.58765	48.084328
720.63849	52.928177
720.68933	55.03178
720.74011	49.419544
720.79095	43.490276
720.8418	45.842793
720.89264	46.141602
720.94348	45.137989
720.99432	51.926949
721.04517	48.858376
721.09595	47.302532
721.14679	42.187611
721.19763	45.202923
721.24847	46.028347
721.29932	46
721.35016	45.226753
721.401	47.387131
721.45178	49.636261
721.50262	51.506088
721.55347	50.558346
721.60431	45.75544
721.65515	44.098392
721.70599	47.550648
721.75684	50.478413
721.80762	51.141602
721.85846	52.335377
721.9093	51.200954
721.96014	51.902348
722.01099	51.190086
722.06183	50
722.11267	47.773815
722.16345	46.625942
722.21429	45.897289
722.26514	48.770138
722.31598	51.474262
722.36682	51.512333
722.41766	51.571209
722.46851	46.692215
722.51929	43.014858
722.57013	45.920715
722.62097	48.958797
722.67181	47.90596
722.72266	46.266251
722.7735	48.409168
722.82434	48.603535
722.87512	45.753189
722.92596	44.737545
722.97681	47.352242
723.02765	46.854572
723.07849	51.050369
723.12933	49.415958
723.18018	48.817104
723.23102	45.217979
723.2818	43.882568
723.33264	48.288647
723.38348	51.844063
723.43433	45.627705
723.48517	48.063789
723.53601	51.793812
723.58685	53.116951
723.63763	49.497963
723.68848	51.718102
723.73932	54.832905
723.79016	53.714031
723.841	51.838249
723.89185	49.612209
723.94269	46.784428
723.99347	45.645756
724.04431	50.195808
724.09515	51.750992
724.146	47.461727
724.19684	51.953991
724.24768	50.859898
724.29852	44.281666
724.3493	49.076237
724.40015	45.017738
724.45099	49.949627
724.50183	51.955807
724.55267	43.445679
724.60352	41.099709
724.65436	49.593994
724.70514	46.43042
724.75598	46.011959
724.80682	47.031246
724.85767	47.141602
724.90851	48.774899
724.95935	48.256958
725.01019	48.020782
725.06097	46.437096
725.11182	51.942955
725.16266	53.141602
725.2135	49.006199
725.26434	46.415855
725.31519	46.890266
725.36603	50.208408
725.41681	46.616436
725.46765	50.335346
725.51849	49.119339
725.56934	48.101601
725.62018	48.041733
725.67102	47.999996
725.72186	44.011543
725.77264	47.395565
725.82349	47.374603
725.87433	48.576473
725.92517	47.561928
725.97601	49.859543
726.02686	48.497044
726.0777	47.331993
726.12848	49.307533
726.17932	46.636379
726.23016	46.871605
726.28101	46.879154
726.33185	46.679741
726.38269	43.957619
726.43353	46.781578
726.48431	52.144527
726.53516	49.196377
726.586	47.074471
726.63684	48.912777
726.68768	50.628323
726.73853	47.434589
726.78937	47.918285
726.84015	48.030697
726.89099	41.056908
726.94183	45.038074
726.99268	50.00935
727.04352	46.62735
727.09436	44.404289
727.1452	47.534977
727.19604	51.152561
727.24683	50.730736
727.29767	51.383953
727.34851	44.553253
727.39935	43.70549
727.4502	46.221737
727.50104	50.952286
727.55188	54.135201
727.60266	47.798717
727.6535	48.002655
727.70435	50.818935
727.75519	49.715557
727.80603	47.437027
727.85687	45.901974
727.90771	50.772026
727.9585	53.412937
728.00934	49.721836
728.06018	47.762711
728.11102	51.899872
728.16187	50.618904
728.21271	46.595238
728.26355	50.60532
728.31433	46.201775
728.36517	47.239655
728.41602	51.050224
728.46686	49.102112
728.5177	48.00317
728.56854	48.130287
728.61938	47.142467
728.67017	47.989723
728.72101	44.09676
728.77185	50.753063
728.82269	49.229813
728.87354	49.008293
728.92438	45.278545
728.97522	45.918213
729.026	52.477867
729.07684	52.246662
729.12769	49.490326
729.17853	49.889839
729.22937	48.279087
729.28021	50.548191
729.33105	44.419804
729.38184	45.619892
729.43268	47.769745
729.48352	48.830719
729.53436	49
729.58521	47.550911
729.63605	47.032791
729.68689	52.408867
729.73767	45.836296
729.78851	46.774311
729.83936	46.593193
729.8902	48.135872
729.94104	47.698994
729.99188	47.732746
730.04272	50.032791
730.09351	49.094765
730.14435	44.213375
730.19519	49.769356
730.24603	49.032085
730.29688	47.383842
730.34772	48.751667
730.39856	45.467106
730.44934	45.347046
730.50018	45.354408
730.55103	45.835541
730.60187	45.956039
730.65271	46.704418
730.70355	49.12812
730.75439	48.515842
730.80518	47.141598
730.85602	47.568321
730.90686	53.832672
730.9577	53.892281
731.00854	46.677662
731.05939	45.688717
731.11023	49.497303
731.16101	50.753311
731.21185	46.761013
731.2627	48.240559
731.31354	47.0853
731.36438	46.668198
731.41522	48.34132
731.46606	51.635578
731.51691	49.939903
731.56769	47.706161
731.61853	47.757202
731.66937	47.078838
731.72021	40.526913
731.77106	40.961567
731.8219	51.883415
731.87274	43.037746
731.92352	42.753143
731.97437	48.512856
732.02521	44.627182
732.07605	46.110363
732.12689	47.344124
732.17773	50.783569
732.22858	45.831184
732.27936	45.160374
732.3302	46.169621
732.38104	50.432392
732.43188	47.917049
732.48273	51.629826
732.53357	44.619232
732.58441	46.604168
732.63519	43.865242
732.68604	49.38929
732.73688	50.371243
732.78772	43.432224
732.83856	45.578701
732.8894	51.679634
732.94025	48.818615
732.99103	42.43227
733.04187	42.566563
733.09271	45.584274
733.14355	46.321331
733.1944	47.910275
733.24524	48.103001
733.29608	45.435669
733.34686	49.715767
733.39771	47.31044
733.44855	44.663807
733.49939	44.413254
733.55023	46.855831
733.60107	51.51878
733.65192	48.460316
733.7027	53.952469
733.75354	52.10799
733.80438	46.995144
733.85522	45.58366
733.90607	45.5354
733.95691	45.486153
734.00775	45.825844
734.05853	48.620937
734.10938	50.490036
734.16022	48.99131
734.21106	50.340542
734.2619	44.739037
734.31274	48.237064
734.36359	46.677467
734.41437	47.362671
734.46521	43.870155
734.51605	49.043755
734.56689	48.1805
734.61774	45.75766
734.66858	50.458847
734.71942	50.141003
734.7702	48.507198
734.82104	43.056614
734.87189	46.768303
734.92273	47.567669
734.97357	49.240082
735.02441	49.776863
735.07526	46.752762
735.12604	45.591499
735.17688	48.313713
735.22772	51.922676
735.27856	52.421581
735.32941	49.099426
735.38025	47.383713
735.43109	46.604713
735.48193	47.432083
735.53271	49.5993
735.58356	51.144356
735.6344	48.572472
735.68524	45.926708
735.73608	46.992008
735.78693	49.087505
735.83777	49.372051
735.88855	46.508762
735.93939	45.303345
735.99023	46.398151
736.04108	47.859013
736.09192	50.039211
736.14276	48.331894
736.1936	44.204086
736.24438	45.217567
736.29523	49.793964
736.34607	48.571613
736.39691	45.9244
736.44775	47.465107
736.4986	49.414459
736.54944	48.488682
736.60022	46.296051
736.65106	46.445236
736.7019	47.513233
736.75275	45.367344
736.80359	46.214565
736.85443	49.807037
736.90527	49.624279
736.95605	48.487846
737.0069	47.399178
737.05774	52.406673
737.10858	47.367798
737.15942	49.377762
737.21027	50.59642
737.26111	48.656601
737.31189	51.00856
737.36273	46.957478
737.41357	47.565437
737.46442	49.267788
737.51526	44.124573
737.5661	48.441486
737.61694	44.911758
737.66772	49.405056
737.71857	49.454357
737.76941	46.230289
737.82025	45.662128
737.87109	49.855747
737.92194	47.977005
737.97278	46.18998
738.02356	47.892525
738.0744	44.703617
738.12524	46.160393
738.17609	46.116085
738.22693	44.478214
738.27777	41.67749
738.32861	44.881172
738.37939	44.738209
738.43024	47.709251
738.48108	55.257992
738.53192	50.277973
738.58276	48.707508
738.63361	49.633175
738.68445	49.378891
738.73523	44.195435
738.78607	49.136471
738.83691	43.520794
738.88776	50.171291
738.9386	45.71563
738.98944	48.468796
739.04028	48.939522
739.09106	47.91777
739.14191	48.101376
739.19275	48.0784
739.24359	46.400116
739.29443	46.701267
739.34528	45.702999
739.39612	48.935848
739.4469	49.636856
739.49774	47.642368
739.54858	46.116909
739.59943	47.748173
739.65027	46.586349
739.70111	46.190895
739.75195	45.934418
739.8028	48.789944
739.85358	46.1563
739.90442	47.256874
739.95526	46.165386
740.0061	46.112637
740.05695	48.59742
740.10779	47.03072
740.15863	49.346218
740.20941	48.408276
740.26025	46.943642
740.3111	45.104946
740.36194	48.433178
740.41278	48.221142
740.46362	49.004345
740.51447	48.490398
740.56525	48.243313
740.61609	49.717003
740.66693	48.548515
740.71777	47.424747
740.76862	48.709743
740.81946	47.553452
740.8703	49.806351
740.92108	50.117352
740.97192	46.018902
741.02277	49.60041
741.07361	49.457481
741.12445	48.085701
741.17529	46.907394
741.22614	44.787018
741.27692	46.727112
741.32776	47.975113
741.3786	47.550014
741.42944	47.075466
741.48029	45.918488
741.53113	44.673313
741.58197	47.197121
741.63275	45.792812
741.68359	46.177654
741.73444	46.05389
741.78528	48.235851
741.83612	49.769291
741.88696	47.694237
741.93781	48.764328
741.98859	45.540699
742.03943	47.957169
742.09027	48.112343
742.14111	45.481003
742.19196	45.668335
742.2428	50.320915
742.29364	48.516102
742.34442	49.15266
742.39526	49.9944
742.44611	47.356533
742.49695	47.304535
742.54779	43.778645
742.59863	46.590801
742.64948	48.594387
742.70026	50.369217
742.7511	48.123764
742.80194	49.514736
742.85278	47.556278
742.90363	47.83009
742.95447	50.730522
743.00531	47.263844
743.05609	49.486481
743.10693	46.906494
743.15778	46.81979
743.20862	48.02573
743.25946	47.016464
743.3103	49.672909
743.36115	48.47834
743.41193	49.024498
743.46277	43.660564
743.51361	45.380402
743.56445	49.612701
743.6153	48.73642
743.66614	45.480434
743.71698	47.766491
743.76782	47.734619
743.8186	47.038868
743.86945	43.472595
743.92029	47.556427
743.97113	47.093475
744.02197	45.182327
744.07281	48.244877
744.12366	48.346172
744.17444	46.933201
744.22528	47.927814
744.27612	49.40147
744.32697	50.501492
744.37781	50.265278
744.42865	48.396618
744.47949	48.309547
744.53027	47.236313
744.58112	45.482613
744.63196	47.31567
744.6828	50.094021
744.73364	50.856796
744.78448	50.518177
744.83533	52.423012
744.88611	47.958298
744.93695	49.701271
744.98779	47.595856
745.03864	47.017475
745.08948	48.041893
745.14032	49.093639
745.19116	48.707527
745.24194	46.386604
745.29279	49.097527
745.34363	51.211292
745.39447	51.590649
745.44531	45.690521
745.49615	48.628975
745.547	48.708008
745.59778	46.052902
745.64862	45.722523
745.69946	48.104858
745.75031	44.449211
745.80115	48.911003
745.85199	47.783592
745.90283	50.12582
745.95361	49.512604
746.00446	51.407974
746.0553	46.690445
746.10614	48.594093
746.15698	48.521847
746.20782	43.017502
746.25867	49.503075
746.30945	49.683044
746.36029	46.750134
746.41113	47.06002
746.46198	50.162842
746.51282	49.406696
746.56366	47.394695
746.6145	45.894337
746.66528	50.761604
746.71613	45.081604
746.76697	45.276417
746.81781	43.190762
746.86865	47.691971
746.91949	51.072918
746.97034	48.800411
747.02112	48.882809
747.07196	50.849674
747.1228	45.634083
747.17365	44.342487
747.22449	45.115711
747.27533	50.028542
747.32617	49.801437
747.37695	47.276726
747.4278	48.730164
747.47864	47.274921
747.52948	44.160454
747.58032	48.924114
747.63116	50.245415
747.68201	48.303177
747.73279	49.241974
747.78363	48.450226
747.83447	47.163845
747.88531	46.062157
747.93616	46.269478
747.987	50.219269
748.03784	51.44379
748.08868	49.596352
748.13947	48.248848
748.19031	50.593662
748.24115	49.55249
748.29199	49.173813
748.34283	50.209179
748.39368	49.277336
748.44452	49.758659
748.4953	49.579811
748.54614	49.167393
748.59698	48.101017
748.64783	49.390629
748.69867	49.580349
748.74951	49.03014
748.80035	49.789894
748.85114	48.780594
748.90198	49.585506
748.95282	48.095734
749.00366	48.17165
749.0545	50.282509
749.10535	49.467346
749.15619	50.747417
749.20697	51.808655
749.25781	50.878193
749.30865	49.870117
749.3595	48.596966
749.41034	48.562649
749.46118	48.727531
749.51202	47.296513
749.56281	46.089832
749.61365	47.888844
749.66449	48.352245
749.71533	51.907413
749.76617	48.180702
749.81702	46.131664
749.86786	47.695374
749.91864	47.950985
749.96948	46.101681
750.02032	47.292999
750.07117	46.761677
750.12201	49.892242
750.17285	46.790321
750.22369	46.698933
750.27448	48.171211
750.32532	50.189445
750.37616	49.850292
750.427	47.878513
750.47784	48.787777
750.52869	48.876297
750.57953	50.905212
750.63031	46.696739
750.68115	47.893394
750.73199	50.332104
750.78284	44.378159
750.83368	48.385284
750.88452	48.340942
750.93536	52.443878
750.98615	49.221645
751.03699	50.09761
751.08783	46.510441
751.13867	48.910286
751.18951	43.923069
751.24036	50.764248
751.2912	51.548576
751.34198	45.509193
751.39282	45.108059
751.44366	49.839733
751.49451	44.634659
751.54535	42.842205
751.59619	50.394249
751.64703	54.318291
751.69781	52.123241
751.74866	41.341972
751.7995	46.945847
751.85034	51.427555
751.90118	46.059895
751.95203	43.424778
752.00287	47.080868
752.05365	49.535736
752.10449	48.451447
752.15533	47.246914
752.20618	48.012184
752.25702	47.409233
752.30786	50.033939
752.3587	49.729176
752.40955	48.586777
752.46033	49.039543
752.51117	48.538799
752.56201	45.461735
752.61285	46.896008
752.6637	48.913181
752.71454	52.051651
752.76538	51.084038
752.81616	46.232582
752.867	46.928314
752.91785	47.469826
752.96869	49.733208
753.01953	50.693073
753.07037	49.0895
753.12122	44.091423
753.172	48.252811
753.22284	53
753.27368	51.459824
753.32452	51.444492
753.37537	51.586906
753.42621	50.455719
753.47705	53.909874
753.52783	53.478832
753.57867	52.05854
753.62952	51.635944
753.68036	49.159824
753.7312	49.153454
753.78204	47.415974
753.83289	45.316406
753.88367	48.963505
753.93451	51.529797
753.98535	50.488522
754.03619	51.573109
754.08704	50.582993
754.13788	50.535942
754.18872	50.521915
754.2395	48.929043
754.29034	46.804684
754.34119	46.52914
754.39203	49.843941
754.44287	49.808487
754.49371	52.672981
754.54456	53.893482
754.59534	49.819149
754.64618	50.112606
754.69702	54.416393
754.74786	50.092159
754.79871	50.791573
754.84955	51.455299
754.90039	50.083046
754.95117	48.971947
755.00201	44.589378
755.05286	44.646446
755.1037	49.519798
755.15454	50.239208
755.20538	47.138638
755.25623	50.05851
755.30701	48.498215
755.35785	47.322983
755.40869	51.665161
755.45953	49.416046
755.51038	46.762344
755.56122	49.177475
755.61206	48.446484
755.66284	49.436741
755.71368	50.762398
755.76453	53.87727
755.81537	50.401096
755.86621	53.901196
755.91705	48.657177
755.9679	40.682816
756.01868	46.327908
756.06952	51.922733
756.12036	50.172184
756.1712	46.335083
756.22205	46.953148
756.27289	44.331131
756.32373	45.998352
756.37457	48.293613
756.42535	54.876064
756.4762	51.113609
756.52704	52.267517
756.57788	52.316406
756.62872	51.372143
756.67957	48.513058
756.73041	51.09341
756.78119	47.648544
756.83203	51.565281
756.88287	49.304893
756.93372	45.722828
756.98456	46.797825
757.0354	48.742138
757.08624	49.862366
757.13702	50.85265
757.18787	43.406063
757.23871	49.779831
757.28955	48.014874
757.34039	48.691013
757.39124	50.063351
757.44208	53.25634
757.49286	53.210827
757.5437	47.003189
757.59454	45.072216
757.64539	47.289192
757.69623	49.745327
757.74707	49.336384
757.79791	50.471531
757.84869	51.727062
757.89954	47.921993
757.95038	44.19101
758.00122	48.914505
758.05206	50.406693
758.10291	52.262974
758.15375	51.969097
758.20453	48.656601
758.25537	46.00547
758.30621	47.901825
758.35706	49.95406
758.4079	46.343708
758.45874	47.297482
758.50958	49.734455
758.56036	47.588638
758.61121	47.970398
758.66205	50.302044
758.71289	46.962879
758.76373	49.680286
758.81458	54.559326
758.86542	51.319859
758.9162	48.144939
758.96704	47.635494
759.01788	53.444618
759.06873	51.778641
759.11957	47.028435
759.17041	47.662483
759.22125	43.223244
759.27203	44.962189
759.32288	48.277782
759.37372	49.245159
759.42456	52.090218
759.4754	50.10656
759.52625	49.138802
759.57709	50.47028
759.62787	50.869484
759.67871	49.185867
759.72955	48.723923
759.7804	48.981697
759.83124	51.670101
759.88208	50.905891
759.93292	45.939747
759.9837	47.837475
760.03455	48.96357
760.08539	49.241024
760.13623	51.44313
760.18707	50.676811
760.23792	46.896187
760.28876	45.689117
760.33954	44.999996
760.39038	47.060085
760.44122	51.143215
760.49207	50.751049
760.54291	53.345512
760.59375	49.125187
760.64459	52.741135
760.69543	52.777691
760.74622	49.23576
760.79706	49.772675
760.8479	48.630383
760.89874	47.671375
760.94958	48.861656
761.00043	47.537907
761.05127	45.374374
761.10205	50.713638
761.15289	51.963516
761.20374	43.611961
761.25458	51.588089
761.30542	49.850384
761.35626	52.494328
761.4071	49.316406
761.45789	49.437466
761.50873	50.16832
761.55957	49.104847
761.61041	49.80748
761.66125	48.354523
761.7121	52.025322
761.76294	52.221077
761.81372	51.147758
761.86456	53.242424
761.91541	51.71468
761.96625	46.172794
762.01709	50.186516
762.06793	46.404068
762.11877	50.032513
762.16956	51.987267
762.2204	50.316486
762.27124	52.300953
762.32208	53.972771
762.37292	49.427475
762.42377	51.913082
762.47461	48.159798
762.52539	48.301388
762.57623	51.793289
762.62708	48.551067
762.67792	53.88905
762.72876	55.86742
762.7796	45.337051
762.83044	47.03146
762.88123	46.134937
762.93207	41.836681
762.98291	43.96019
763.03375	45.78743
763.08459	51.197315
763.13544	49.423908
763.18628	48.418835
763.23706	46.631481
763.2879	48.821232
763.33875	50.971245
763.38959	48.59729
763.44043	49.068146
763.49127	48.258457
763.54211	47.455761
763.5929	48.89365
763.64374	52.440811
763.69458	48.430168
763.74542	50.830288
763.79626	51.999996
763.84711	47.731537
763.89795	53.007847
763.94873	51.40834
763.99957	47.825031
764.05042	51.294514
764.10126	53.656563
764.1521	53.255802
764.20294	47.339848
764.25378	49.280331
764.30457	48.337936
764.35541	51.805099
764.40625	49.377182
764.45709	48.900955
764.50793	49.896011
764.55878	42.910641
764.60962	46.264469
764.66046	51.372723
764.71124	51.902195
764.76208	49.744946
764.81293	50.020679
764.86377	51.000629
764.91461	44.845875
764.96545	48.082973
765.0163	49.992443
765.06708	49.617775
765.11792	50.294712
765.16876	47.842125
765.2196	45.0662
765.27045	50.224056
765.32129	53.33601
765.37213	48.67205
765.42291	45.606621
765.47375	46.756966
765.5246	47.869892
765.57544	50.264671
765.62628	52.183945
765.67712	49.898373
765.72797	47.988979
765.77875	48.117413
765.82959	47.843235
765.88043	48.936565
765.93127	48.372055
765.98212	45.553795
766.03296	45.599689
766.0838	48.187305
766.13458	47.968658
766.18542	47.186924
766.23627	50.872852
766.28711	50.213089
766.33795	48.866482
766.38879	47.484875
766.43964	43.910709
766.49042	49.154034
766.54126	52.169834
766.5921	51.926048
766.64294	50.265869
766.69379	50.370285
766.74463	48.478848
766.79547	49.849022
766.84625	48.236279
766.89709	48.451725
766.94794	48.250481
766.99878	49.046024
767.04962	47.038921
767.10046	47.931728
767.15131	50.450794
767.20209	47.297298
767.25293	50.879047
767.30377	49.553188
767.35461	49.435703
767.40546	48.668083
767.4563	50.424248
767.50714	51.104416
767.55792	53.466656
767.60876	48.625813
767.65961	49.589188
767.71045	50.248032
767.76129	52.110935
767.81213	50.446186
767.86298	48.404354
767.91376	52.266571
767.9646	49.440723
768.01544	51.381424
768.06628	50.162693
768.11713	46.712482
768.16797	46.711426
768.21881	52.812244
768.26959	52.275616
768.32043	47.684113
768.37128	47.180313
768.42212	42.96748
768.47296	51.247768
768.5238	49.549309
768.57465	46.847664
768.62543	44.728832
768.67627	50.188599
768.72711	51.440269
768.77795	47.584328
768.8288	44.891651
768.87964	49.347855
768.93048	46.667248
768.98132	49.407608
769.0321	42.552505
769.08295	50.179321
769.13379	51.700333
769.18463	52.219025
769.23547	48.427143
769.28632	44.798058
769.33716	46.758476
769.38794	49.808727
769.43878	47.369144
769.48962	44.507935
769.54047	47.956501
769.59131	46.761681
769.64215	42.098583
769.69299	51.667927
769.74377	52.110775
769.79462	46.834911
769.84546	42.244961
769.8963	50.485733
769.94714	51.844067
769.99799	46.131706
770.04883	51.214058
770.09961	49.562927
770.15045	49.262749
770.20129	43.831993
770.25214	49.243893
770.30298	54.004486
770.35382	43.841354
770.40466	51.852898
770.45544	48.412651
770.50629	49.243671
770.55713	50.383904
770.60797	48.987064
770.65881	48.052086
770.70966	50.148777
770.7605	48.996052
770.81128	52.567524
770.86212	53.396339
770.91296	50.437279
770.96381	50.121765
771.01465	52.220779
771.06549	50.23333
771.11633	52.107574
771.16711	50.83976
771.21796	47.555733
771.2688	47.857666
771.31964	48.529381
771.37048	51.71859
771.42133	50.956902
771.47217	48.891293
771.52295	48.186737
771.57379	48.380733
771.62463	48.644753
771.67548	47.489262
771.72632	47.094879
771.77716	49.308517
771.828	47.811565
771.87878	47.803944
771.92963	49.459988
771.98047	50.83527
772.03131	48.373547
772.08215	48.336884
772.133	48.558884
772.18384	49.311817
772.23462	49.682774
772.28546	52.516987
772.3363	51.349747
772.38715	48.233448
772.43799	49.400654
772.48883	48.900242
772.53967	49.473232
772.59045	50.773006
772.6413	49.339321
772.69214	44.441433
772.74298	47.022346
772.79382	50.49345
772.84467	51.568161
772.89551	50.238575
772.94635	49.867924
772.99713	51.578072
773.04797	50.873745
773.09882	50.594761
773.14966	51.194851
773.2005	47.375931
773.25134	48.899055
773.30219	51.045135
773.35297	49.784721
773.40381	49.216873
773.45465	49.359989
773.50549	49.7687
773.55634	46.839005
773.60718	46.201683
773.65802	48.748425
773.7088	48.940655
773.75964	50.411373
773.81049	50.347469
773.86133	48.327053
773.91217	48.280262
773.96301	50.804573
774.01385	51.117306
774.06464	47.467472
774.11548	46.925625
774.16632	48.622269
774.21716	46.492588
774.26801	48.640305
774.31885	47.112816
774.36969	50.161888
774.42047	52.740025
774.47131	50.447903
774.52216	47.642704
774.573	49.841763
774.62384	49.879971
774.67468	47.401974
774.72552	51.049248
774.77631	50.141891
774.82715	49.034344
774.87799	49.884808
774.92883	49.768738
774.97968	49.903938
775.03052	50.624802
775.08136	49.216179
775.13214	47.900513
775.18298	47.69125
775.23383	48.015003
775.28467	49.494793
775.33551	48.779224
775.38635	50.141624
775.43719	49.457325
775.48798	48.10627
775.53882	47.053997
775.58966	47.645679
775.6405	51.790043
775.69135	45.716545
775.74219	51.141953
775.79303	51.791931
775.84381	46.192024
775.89465	48.803249
775.9455	47.899727
775.99634	47.251072
776.04718	43.903053
776.09802	45.134354
776.14886	45.535648
776.19965	49.971466
776.25049	49.765434
776.30133	49.29155
776.35217	48.289581
776.40302	48.48819
776.45386	49.980553
776.5047	45.546272
776.55548	48.55122
776.60632	49.800358
776.65717	46.54538
776.70801	50.541828
776.75885	50.712601
776.80969	53.694809
776.86053	55.296772
776.91132	49.866917
776.96216	48.408035
777.013	52.876976
777.06384	51.941051
777.11469	48.354691
777.16553	49.618164
777.21637	50.845005
777.26721	48.034988
777.31799	47.584545
777.36884	48.487774
777.41968	46.16227
777.47052	43.155624
777.52136	47.45438
777.5722	52.689175
777.62305	51.194836
777.67383	50.524368
777.72467	49.945114
777.77551	51.468403
777.82635	52.11261
777.8772	50.516907
777.92804	50.393127
777.97888	49.123386
778.02966	48.044312
778.08051	49.37463
778.13135	53.26128
778.18219	52.292973
778.23303	49.854832
778.28387	45.320705
778.33472	45.947769
778.3855	47.613583
778.43634	46.870037
778.48718	48.164303
778.53802	45.617771
778.58887	51.717361
778.63971	47.68449
778.69055	46.639324
778.74133	48.501442
778.79218	49.960487
778.84302	47.584835
778.89386	46.994625
778.9447	47.953949
778.99554	50.122021
779.04639	47.523987
779.09717	48.240337
779.14801	49.160511
779.19885	48.771042
779.24969	47.274311
779.30054	51.665104
779.35138	53.72768
779.40222	47.646404
779.453	46.789021
779.50385	51.179661
779.55469	47.614265
779.60553	47.40831
779.65637	49.008915
779.70721	52.573429
779.75806	49.445347
779.80884	50.299259
779.85968	49.472412
779.91052	44.755871
779.96136	50.501968
780.01221	51.746181
780.06305	49.036671
780.11389	48.186504
780.16467	46.19067
780.21552	48.250259
780.26636	48.917736
780.3172	51.058933
780.36804	51.518299
780.41888	43.220791
780.46973	45.580154
780.52051	52.876175
780.57135	48.92614
780.62219	47.498585
780.67303	48.126328
780.72388	49.065144
780.77472	48.366322
780.82556	51.064259
780.87634	47.725323
780.92719	48.941193
780.97803	45.858582
781.02887	49.240108
781.07971	49.420792
781.13055	49.024887
781.1814	46.354191
781.23218	48.503029
781.28302	51.581165
781.33386	52.323036
781.3847	52.501324
781.43555	50.979168
781.48639	49.105274
781.53723	43.926785
781.58807	48.436485
781.63885	45.038929
781.6897	48.579445
781.74054	51.487362
781.79138	48.075283
781.84222	47.81057
781.89307	47.336479
781.94391	47.021172
781.99469	49.295643
782.04553	50.73418
782.09637	47.297634
782.14722	54.091183
782.19806	44.410526
782.2489	47.407253
782.29974	49.597572
782.35052	50.957745
782.40137	49.287571
782.45221	53.712955
782.50305	49.413589
782.55389	51.619041
782.60474	53.638168
782.65558	53.949585
782.70636	49.350166
782.7572	47.303406
782.80804	53.139904
782.85889	52.736977
782.90973	54.479279
782.96057	49.230377
783.01141	49.733944
783.06219	48.722137
783.11304	50.61565
783.16388	50.959435
783.21472	46.665352
783.26556	48.509438
783.31641	41.938141
783.36725	45.608608
783.41803	50.934647
783.46887	43.706001
783.51971	48.468395
783.57056	55.084805
783.6214	54.02858
783.67224	48.396141
783.72308	49.308067
783.77386	54.601143
783.82471	48.929363
783.87555	45.405041
783.92639	47.902672
783.97723	50.202202
784.02808	50.737186
784.07892	51.546364
784.1297	51.295578
784.18054	48.694973
784.23138	54.51585
784.28223	51.153214
784.33307	49.651508
784.38391	49.335575
784.43475	53.24123
784.48553	52.91177
784.53638	47.162933
784.58722	48.42152
784.63806	51.145393
784.6889	47.868248
784.73975	45.129143
784.79059	48.636024
784.84137	48.083752
784.89221	47.334545
784.94305	48.327446
784.9939	47.427013
785.04474	51.882576
785.09558	50.670174
785.14642	46.775581
785.1972	47.629467
785.24805	50.488056
785.29889	53.466927
785.34973	54.87133
785.40057	52.682674
785.45142	53.687027
785.50226	52.465485
785.5531	51.12064
785.60388	51.446018
785.65472	52.095291
785.70557	50.293457
785.75641	52.11364
785.80725	51.460377
785.85809	45.762459
785.90894	47.967457
785.95972	53.218323
786.01056	53.839172
786.0614	49.024403
786.11224	48.9249
786.16309	50.578621
786.21393	47.999996
786.26477	47.853546
786.31555	50.481041
786.36639	52.312672
786.41724	51.142044
786.46808	47.81176
786.51892	47.839081
786.56976	49.664204
786.62061	46.563454
786.67139	51.685631
786.72223	50.673912
786.77307	48.047127
786.82391	52.209263
786.87476	52.289787
786.9256	46.175732
786.97644	43.500618
787.02722	48.378933
787.07806	50.747269
787.12891	54.055714
787.17975	55.161148
787.23059	54.120029
787.28143	50.797661
787.33228	49.289482
787.38306	48.686134
787.4339	53.010529
787.48474	51.223579
787.53558	50.516396
787.58643	45.816109
787.63727	45.195385
787.68811	54.782658
787.73889	52.352692
787.78973	46.288651
787.84058	48.888523
787.89142	52.860535
787.94226	49.96106
787.9931	49.586975
788.04395	53.661266
788.09473	52.261997
788.14557	50.923393
788.19641	48.764427
788.24725	44.64407
788.2981	51.845379
788.34894	52.74548
788.39978	46.652916
788.45056	48.721855
788.5014	48.51403
788.55225	51.488697
788.60309	49.971298
788.65393	47.887592
788.70477	50.830547
788.75562	47.888969
788.8064	51.431705
788.85724	50.352581
788.90808	56.767448
788.95892	46.844284
789.00977	47.392109
789.06061	45.259399
789.11145	44.103832
789.16223	53.619137
789.21307	56.675636
789.26392	50.412655
789.31476	55.11322
789.3656	50.907532
789.41644	52.481674
789.46729	49.9991
789.51807	44.243824
789.56891	49.803791
789.61975	50.508015
789.67059	45.809734
789.72144	55.548252
789.77228	53.427963
789.82312	49.648701
789.87396	49.468853
789.92474	57.167736
789.97559	47.204483
790.02643	51.876015
790.07727	56.592964
790.12811	53.751865
790.17896	55.890686
790.2298	51.044895
790.28058	53.668716
790.33142	51.710327
790.38226	55.688972
790.43311	48.726845
790.48395	47.017284
790.53479	47
790.58563	47.978275
790.63641	54.50967
790.68726	55.958031
790.7381	50.886875
790.78894	51.94453
790.83978	49.142426
790.89063	49
790.94147	51.534069
790.99225	54.500679
791.04309	54.689453
791.09393	49.135967
791.14478	56.338741
791.19562	56.715763
791.24646	51.511303
791.2973	56.148849
791.34808	56.689453
791.39893	49.531998
791.44977	55.80571
791.50061	52.267544
791.55145	54.600193
791.60229	52.980392
791.65314	49.479733
791.70392	49.596363
791.75476	43.07785
791.8056	51.990715
791.85645	50.555161
791.90729	50
791.95813	56.713825
792.00897	51.327374
792.05975	53.315716
792.1106	59.77335
792.16144	50.90752
792.21228	48.127773
792.26312	52.047619
792.31396	53.804375
792.36481	54
792.41559	55.343155
792.46643	54.109215
792.51727	51.334545
792.56812	53.271084
792.61896	48.570827
792.6698	49.312145
792.72064	51.293385
792.77142	54.731117
792.82227	50.6311
792.87311	46.746071
792.92395	45.253841
792.97479	54.403011
793.02563	54.005753
793.07648	51.452934
793.12726	54.408085
793.1781	53.023941
793.22894	51.777142
793.27979	50.262749
793.33063	49.200943
793.38147	53.923771
793.43231	59.977386
793.48309	56.350739
793.53394	54.689964
793.58478	52.731663
793.63562	49.649345
793.68646	52.277752
793.7373	51.778851
793.78815	47.356567
793.83899	49.204109
793.88977	53.425674
793.94061	55.342175
793.99146	53.297413
794.0423	51.800129
794.09314	49.771763
794.14398	53.765541
794.19482	52.908772
794.24561	56.950989
794.29645	55.096397
794.34729	55.391682
794.39813	58.3018
794.44897	50.97525
794.49982	49.43211
794.55066	54.084679
794.60144	54.499763
794.65228	55.053093
794.70313	53.475182
794.75397	52.271229
794.80481	56.729301
794.85565	58.544144
794.90649	60.140842
794.95728	51.846909
795.00812	51.83411
795.05896	55.221901
795.1098	55.206638
795.16064	55.90591
795.21149	52.287285
795.26233	57.372921
795.31311	56.739342
795.36395	53.339603
795.41479	51.648586
795.46564	51.129292
795.51648	54.356853
795.56732	55.361782
795.61816	54.983055
795.66895	54
795.71979	54
795.77063	53.006813
795.82147	54.955799
795.87231	54.575409
795.92316	52.814056
795.974	50.408779
796.02478	50.152431
796.07562	54.948284
796.12646	56.125244
796.17731	58.127548
796.22815	58.922798
796.27899	57.259777
796.32983	55.474148
796.38062	55.19017
796.43146	53.879337
796.4823	54.589035
796.53314	52.546215
796.58398	52.477875
796.63483	55.158829
796.68567	56.37793
796.73645	53.390335
796.78729	54.602146
796.83813	58.276272
796.88898	55.662754
796.93982	55.168091
796.99066	54.640747
797.0415	58.56015
797.09229	59.817242
797.14313	54.59687
797.19397	52.671169
797.24481	53.616947
797.29565	53.456093
797.3465	51.097591
797.39734	56.212635
797.44812	54.18074
797.49896	54.370354
797.5498	57.61174
797.60065	60.322037
797.65149	56.16935
797.70233	54.735573
797.75317	56.228455
797.80396	53.081497
797.8548	52.048271
797.90564	56.418892
797.95648	55.179749
798.00732	53.685318
798.05817	50.858482
798.10901	49.920582
798.15985	50.504223
798.21063	51.546196
798.26147	53.66663
798.31232	51.098602
798.36316	53.735512
798.414	59.566288
798.46484	57.158829
798.51569	57.582531
798.56647	52.706181
798.61731	50.841785
798.66815	50.944042
798.71899	57.806335
798.76984	56.400257
798.82068	53.49255
798.87152	53.773411
798.9223	54.444771
798.97314	57.198051
799.02399	54.807827
799.07483	56.074516
799.12567	57.953251
799.17651	54.528263
799.22736	57.801727
799.27814	63.613987
799.32898	59.829109
799.37982	59.166092
799.43066	54.906708
799.48151	53.668709
799.53235	51.47842
799.58319	51.807617
799.63397	59.874428
799.68481	62.144478
799.73566	59.871376
799.7865	59.512623
799.83734	54.3064
799.88818	54.112148
799.93903	56.862469
799.98981	56.974869
800.04065	55.798717
800.09149	56.438404
800.14233	57.528408
800.19318	61.278511
800.24402	57.616352
800.29486	60.554451
800.34564	60.168797
800.39648	60.236164
800.44733	58.829693
800.49817	56.263935
800.54901	62.587555
800.59985	56.839779
800.6507	56.453812
800.70148	63.174675
800.75232	58.915482
800.80316	56.265404
800.854	54.437122
800.90485	56.538895
800.95569	54.231838
801.00653	59.711334
801.05731	59.446602
801.10815	59.75613
801.159	56.283405
801.20984	56.6465
801.26068	54.849884
801.31152	58.541893
801.36237	55.476482
801.41315	56.250355
801.46399	60.595718
801.51483	59.187187
801.56567	55.200241
801.61652	58.629921
801.66736	53.851738
801.7182	60.260651
801.76898	60.421944
801.81982	53.084061
801.87067	61.59201
801.92151	61.194141
801.97235	57.31987
802.02319	56.876614
802.07404	58.683662
802.12488	55.082977
802.17566	58.506493
802.2265	61.391811
802.27734	57.430031
802.32819	59.606369
802.37903	62.636623
802.42987	56.08131
802.48071	59.858025
802.53149	58.017334
802.58234	62.062222
802.63318	60.116985
802.68402	56.897003
802.73486	58.582668
802.78571	57.353825
802.83655	57.463085
802.88733	66.50528
802.93817	58.489353
802.98901	61.111752
803.03986	52.285736
803.0907	63.127113
803.14154	62.050549
803.19238	53.721214
803.24316	60.4366
803.29401	66.231705
803.34485	61.856594
803.39569	56.303452
803.44653	59.781567
803.49738	61.309425
803.54822	59.342339
803.599	62.840145
803.64984	63.814182
803.70068	61.16975
803.75153	61.069355
803.80237	62.325806
803.85321	57.42675
803.90405	63.368382
803.95483	61.340771
804.00568	58.562492
804.05652	58.155354
804.10736	60.802437
804.1582	58.891525
804.20905	55.421249
804.25989	60.429077
804.31067	65.547745
804.36151	59.025246
804.41235	62.630947
804.4632	63.345875
804.51404	64.112785
804.56488	65.752472
804.61572	59.603722
804.6665	66.355804
804.71735	56.743504
804.76819	65.746643
804.81903	63.630585
804.86987	63.931118
804.92072	64.117401
804.97156	62.603535
805.02234	57.584743
805.07318	56.963604
805.12402	55.464973
805.17487	60.182098
805.22571	61.416607
805.27655	59.186634
805.32739	60.030174
805.37817	64.995316
805.42902	62.356636
805.47986	65.208931
805.5307	61.151794
805.58154	66.349144
805.63239	61.717216
805.68323	60.562576
805.73401	63.11676
805.78485	61.427921
805.83569	61.847893
805.88654	66.966118
805.93738	59.769527
805.98822	63.340553
806.03906	59.746399
806.08984	64.261055
806.14069	62.451866
806.19153	59.881882
806.24237	63.826782
806.29321	67.241013
806.34406	63.705742
806.3949	62.417862
806.44574	67.571678
806.49652	64.00737
806.54736	61.548904
806.59821	58.691364
806.64905	60.249485
806.69989	64.629967
806.75073	61.361988
806.80157	58.249958
806.85236	59.790752
806.9032	61.83387
806.95404	61.892262
807.00488	62.792374
807.05573	64.413887
807.10657	67.246361
807.15741	65.18985
807.20819	63.427696
807.25903	64.690094
807.30988	64.747849
807.36072	61.277122
807.41156	67.338249
807.4624	63.373703
807.51324	62.951569
807.56403	63.225002
807.61487	64.711586
807.66571	62.68684
807.71655	63.590244
807.7674	64.047119
807.81824	61.500221
807.86908	63.345005
807.91986	66.956955
807.9707	69.763824
808.02155	66.718277
808.07239	64.208794
808.12323	62.042721
808.17407	63.680496
808.22491	61.925373
808.2757	65.612793
808.32654	63.897392
808.37738	64.318039
808.42822	68.318001
808.47906	66.867393
808.52991	69.229858
808.58075	69.135338
808.63153	63.126858
808.68237	60.103615
808.73322	60.439274
808.78406	61.283447
808.8349	67.061127
808.88574	62.977146
808.93658	61.919735
808.98737	63.845024
809.03821	61.854015
809.08905	62.084412
809.13989	67.054283
809.19073	64.508064
809.24158	64.056969
809.29242	66.013588
809.3432	69.971733
809.39404	65.152344
809.44489	59.179729
809.49573	65.717216
809.54657	64.486908
809.59741	65.27697
809.64825	66.08046
809.69904	62.548573
809.74988	62.916119
809.80072	61.122532
809.85156	66.559685
809.9024	69.497841
809.95325	67.865273
810.00409	62.419353
810.05487	67.873245
810.10571	70.706406
810.15656	73.15934
810.2074	70.117401
810.25824	70.681618
810.30908	68.554543
810.35992	72.065865
810.41071	73.665077
810.46155	66.121689
810.51239	67.579063
810.56323	65.45314
810.61407	63.885864
810.66492	65.132477
810.71576	69.354752
810.7666	70.577202
810.81738	64.263222
810.86823	71.117935
810.91907	67.462265
810.96991	70.550827
811.02075	68.816628
811.07159	67.971771
811.12244	64.52346
811.17322	66.194427
811.22406	66.417923
811.2749	64.826309
811.32574	66.032356
811.37659	72.945015
811.42743	70.721039
811.47827	63.576401
811.52905	64.455162
811.5799	68.295341
811.63074	73.525261
811.68158	68.926682
811.73242	69.356415
811.78326	66.117096
811.83411	73.123833
811.88489	66.573959
811.93573	68.130676
811.98657	71.905327
812.03741	68.649757
812.08826	64.456497
812.1391	65.588112
812.18994	69.445297
812.24072	67.328445
812.29156	69.699196
812.34241	72.894958
812.39325	68.80983
812.44409	70.138
812.49493	70.205223
812.54578	66.68734
812.59656	66.680618
812.6474	63.884754
812.69824	62.982502
812.74908	62.493988
812.79993	64.896057
812.85077	71.547394
812.90161	72.345322
812.95239	77.69857
813.00323	74.695328
813.05408	69.948708
813.10492	73.841118
813.15576	73.695107
813.2066	68.799561
813.25745	68.383507
813.30823	70.469772
813.35907	73.325409
813.40991	70.537949
813.46075	69.448181
813.5116	79.734642
813.56244	79.393143
813.61328	65.736679
813.66406	68.509102
813.7149	63.730694
813.76575	70.062675
813.81659	67.467583
813.86743	71.732925
813.91827	65.876656
813.96912	65.153389
814.0199	68.564354
814.07074	66.482262
814.12158	75.630219
814.17242	74.795906
814.22327	67.560234
814.27411	68.121078
814.32495	67.203041
814.37573	67.649971
814.42657	73.164536
814.47742	73.333458
814.52826	66.408897
814.5791	72.435768
814.62994	74.679642
814.68079	69.892921
814.73163	70.671272
814.78241	70.083351
814.83325	68.523544
814.88409	73.100121
814.93494	62.573002
814.98578	66.978203
815.03662	69.359306
815.08746	74.455544
815.13824	69.655746
815.18909	78.86145
815.23993	75.771812
815.29077	71.520294
815.34161	73.830147
815.39246	77.949692
815.4433	70.610474
815.49408	74.459587
815.54492	66.968216
815.59576	66.095558
815.64661	71.614738
815.69745	73.366241
815.74829	75.001488
815.79913	78.553505
815.84991	77.536278
815.90076	76.142532
815.9516	66.77774
816.00244	70.769783
816.05328	71.913826
816.10413	72.639168
816.15497	69.20208
816.20575	73.517776
816.25659	78.606873
816.30743	72.185982
816.35828	75.48996
816.40912	74.131973
816.45996	71.953217
816.5108	78.052757
816.56158	71.05011
816.61243	71.410332
816.66327	79.660599
816.71411	69.16703
816.76495	71.22345
816.8158	74.494469
816.86664	73.881088
816.91742	78.615959
816.96826	78.436638
817.0191	68.325195
817.06995	67.458076
817.12079	67.674484
817.17163	74.060585
817.22247	78.299942
817.27325	77.150719
817.3241	74.295761
817.37494	81.481758
817.42578	78.710945
817.47662	72.919075
817.52747	77.138458
817.57831	74.209488
817.62909	77.351845
817.67993	72.023376
817.73077	74.005783
817.78162	65.288918
817.83246	74.759537
817.8833	79.886139
817.93414	83.633553
817.98492	80.656326
818.03577	78.278824
818.08661	79.852867
818.13745	77.302101
818.18829	74.987076
818.23914	73.457764
818.28998	77.244064
818.34076	73.363388
818.3916	71
818.44244	77.696198
818.49329	81.971649
818.54413	78.418053
818.59497	80.328041
818.64581	84.756691
818.69659	77.474228
818.74744	76.997284
818.79828	74.099571
818.84912	77.424835
818.89996	79.715752
818.95081	78.232346
819.00165	81.60511
819.05249	79.182724
819.10327	79.381775
819.15411	79.532631
819.20496	76.739731
819.2558	75.856209
819.30664	79.933578
819.35748	75.471703
819.40833	73.95253
819.45911	77.321022
819.50995	74.704735
819.56079	72.849724
819.61163	76.845757
819.66248	79.369827
819.71332	78.57502
819.76416	78.367065
819.81494	74.424271
819.86578	78.287521
819.91663	72.598953
819.96747	67.361603
820.01831	75.922195
820.06915	75.162582
820.12	73.073555
820.17078	74.61528
820.22162	76.225952
820.27246	79.186623
820.3233	81.187744
820.37415	73.957756
820.42499	78.057442
820.47583	79.187706
820.52661	75.400513
820.57745	84.555214
820.6283	85.048538
820.67914	81.936195
820.72998	81.988297
820.78082	81.826813
820.83167	82.339622
820.88245	80.48822
820.93329	78.417877
820.98413	79.741653
821.03497	85.048004
821.08582	84.300224
821.13666	78.709351
821.1875	81.154037
821.23828	88.571175
821.28912	87.273842
821.33997	85.131912
821.39081	85.199028
821.44165	86.263939
821.49249	82.214401
821.54333	81.66983
821.59412	79.255997
821.64496	74.212639
821.6958	72.707603
821.74664	80.015404
821.79749	77.25943
821.84833	75.822273
821.89917	80.455582
821.94995	83.025566
822.00079	88.823494
822.05164	85.875267
822.10248	77.241379
822.15332	79.883011
822.20416	84.466751
822.255	79.214912
822.30579	76.060211
822.35663	79.420212
822.40747	83.158096
822.45831	80.385559
822.50916	84.63839
822.56	89.175438
822.61084	82.942749
822.66162	83.42244
822.71246	82.869308
822.76331	80.029533
822.81415	77.411949
822.86499	80.931091
822.91583	87.284424
822.96667	85.771927
823.01752	79.229149
823.0683	77.820915
823.11914	81.790634
823.16998	83.001991
823.22083	81.502876
823.27167	84.266846
823.32251	79.157173
823.37335	74.723854
823.42413	84.737556
823.47498	87.595963
823.52582	85.805344
823.57666	90.655533
823.6275	87.035484
823.67834	80.687103
823.72919	79.449173
823.77997	79.596642
823.83081	85.097336
823.88165	86.499893
823.9325	92.408112
823.98334	93.716774
824.03418	85.818558
824.08502	79.353745
824.1358	83.48317
824.18665	87.691223
824.23749	86.990295
824.28833	89.246056
824.33917	89.334373
824.39001	85.04055
824.44086	84.991959
824.49164	90.042831
824.54248	87.99752
824.59332	84.5382
824.64417	81.505165
824.69501	77.853973
824.74585	85.514473
824.79669	93.295547
824.84747	84.846977
824.89832	79.17289
824.94916	84.204674
825	83.343414
825.05084	78.35376
825.10168	76.662956
825.15253	80.206123
825.20331	88.872078
825.25415	87.366043
825.30499	89.695015
825.35583	91.357986
825.40668	86.363174
825.45752	82.252266
825.50836	83.226524
825.55914	85.698425
825.60999	83.885414
825.66083	90.268158
825.71167	94.952377
825.76251	92.307892
825.81335	91.972961
825.8642	82.958458
825.91498	78.384102
825.96582	75.41629
826.01666	78.801842
826.0675	88.97184
826.11835	89.860847
826.16919	81.329399
826.22003	77.951424
826.27081	81.340973
826.32166	84.495026
826.3725	90.751419
826.42334	86.004028
826.47418	83.789276
826.52502	88.036621
826.57587	100.2663
826.62665	95.684486
826.67749	90.365295
826.72833	92.057976
826.77917	82.12822
826.83002	81.772438
826.88086	89.829231
826.9317	86.241539
826.98248	84.258057
827.03333	83.734619
827.08417	87.99437
827.13501	87.5103
827.18585	86
827.23669	90.542572
827.28754	92.287872
827.33838	80.632515
827.38916	81.815956
827.44	86.592499
827.49084	80.850594
827.54169	90.922867
827.59253	92.878654
827.64337	87.357193
827.69421	89.878571
827.745	92.512596
827.79584	89.238739
827.84668	88.026283
827.89752	86.245766
827.94836	85.785828
827.99921	87.768616
828.05005	89.868942
828.10083	95.856575
828.15167	93.122993
828.20251	95.9739
828.25336	94.933861
828.3042	89.645638
828.35504	94.902565
828.40588	96.889038
828.45667	90.106361
828.50751	88.153435
828.55835	90.118858
828.60919	92.901466
828.66003	91.715294
828.71088	94.817436
828.76172	94.664665
828.8125	92.53714
828.86334	90.061874
828.91418	94.655975
828.96503	95.925056
829.01587	89.12793
829.06671	89.141098
829.11755	86.560928
829.16833	85.233788
829.21918	91.029976
829.27002	86.558571
829.32086	82.613022
829.3717	89.404785
829.42255	95.338753
829.47339	91.11174
829.52417	94.743126
829.57501	100.54494
829.62585	93.861221
829.6767	86.994064
829.72754	93.534134
829.77838	95.1688
829.82922	90.766838
829.88	91.49575
829.93085	98.990173
829.98169	94.655792
830.03253	96.520988
830.08337	93.157295
830.13422	91.225914
830.18506	88.838669
830.23584	90.085312
830.28668	96.187263
830.33752	98.444977
830.38837	99.10305
830.43921	94.72451
830.49005	95.637154
830.54089	91.830742
830.59167	90.647621
830.64252	93.731888
830.69336	93.452332
830.7442	98.124382
830.79504	101.65219
830.84589	94.695
830.89673	94.013817
830.94751	96.009895
830.99835	89.365028
831.04919	88.731125
831.10004	95.536339
831.15088	94.890701
831.20172	94.311783
831.25256	99.430237
831.30341	102.44798
831.35419	96.649673
831.40503	93.006302
831.45587	97.312164
831.50671	95.460716
831.55756	96.76989
831.6084	98.590073
831.65924	96.926239
831.71002	97.002235
831.76086	96.192741
831.81171	90.487343
831.86255	97.328896
831.91339	93.25502
831.96423	93.60199
832.01508	97.599403
832.06586	99.277
832.1167	98.925873
832.16754	100.6274
832.21838	101.1509
832.26923	99.811806
832.32007	97.949768
832.37091	97.357185
832.42169	96.424232
832.47253	97.455475
832.52338	96.094444
832.57422	99.298653
832.62506	99.644676
832.6759	93.911736
832.72675	93.219261
832.77753	97.541794
832.82837	100.91634
832.87921	102.89089
832.93005	99.95153
832.9809	101.42665
833.03174	101.99827
833.08258	92.61161
833.13336	88.423996
833.1842	88.184563
833.23505	97.259468
833.28589	100.62307
833.33673	97.350624
833.38757	100.92798
833.43842	105.52457
833.4892	102.24992
833.54004	94.730408
833.59088	92.049026
833.64172	96.032089
833.69257	98.556511
833.74341	101.46772
833.79425	104.66753
833.84503	106.03948
833.89587	102.79221
833.94672	99.600677
833.99756	101.21236
834.0484	107.98528
834.09924	110.21081
834.15009	107.15543
834.20087	105.57745
834.25171	101.63567
834.30255	101.00893
834.35339	100.13874
834.40424	101.51328
834.45508	99.530098
834.50592	99.562798
834.5567	97.622314
834.60754	104.84592
834.65839	114.5178
834.70923	109.34149
834.76007	100.82732
834.81091	99.44838
834.86176	105.10658
834.91254	97.588036
834.96338	92.4356
835.01422	103.21939
835.06506	104.86496
835.11591	109.91505
835.16675	110.08699
835.21759	102.16902
835.26837	101.9101
835.31921	101.4191
835.37006	97.734383
835.4209	93.703568
835.47174	98.5616
835.52258	106.44357
835.57343	103.25825
835.62427	103.73274
835.67505	100.65024
835.72589	98.343285
835.77673	107.5069
835.82758	109.77091
835.87842	106.60017
835.92926	104.93969
835.9801	104.95358
836.03088	102.96811
836.08173	101.84356
836.13257	101.19971
836.18341	103.28935
836.23425	107.92549
836.2851	109.75442
836.33594	112.40263
836.38672	110.99115
836.43756	106.05848
836.4884	99.425171
836.53925	100.61476
836.59009	102.13914
836.64093	108.31606
836.69177	109.91731
836.74255	107.59775
836.7934	103.59184
836.84424	103.57841
836.89508	111.37365
836.94592	112.31441
836.99677	110.7293
837.04761	108.21943
837.09839	105.11523
837.14923	107.98499
837.20007	106.9402
837.25092	108.13408
837.30176	109.27869
837.3526	109.30005
837.40344	110.75661
837.45422	112.07752
837.50507	111.44306
837.55591	108.96619
837.60675	108.63428
837.65759	111.28035
837.70844	108.7024
837.75928	107.90442
837.81006	107.8459
837.8609	106.15125
837.91174	103.74585
837.96259	107.19114
838.01343	113.23386
838.06427	110.15124
838.11511	114.23801
838.16589	113.99287
838.21674	107.77759
838.26758	108.97869
838.31842	105.9605
838.36926	100.05936
838.4201	102.31205
838.47095	103.09323
838.52173	103.35213
838.57257	102.92213
838.62341	106.95526
838.67426	117.41127
838.7251	112.62122
838.77594	104.44782
838.82678	107.5795
838.87756	109.6304
838.92841	110.10468
838.97925	110.5781
839.03009	103.60006
839.08093	117.18855
839.13177	115.12008
839.18262	117.14698
839.2334	118.36755
839.28424	113.99978
839.33508	116.08237
839.38593	114.461
839.43677	117.47447
839.48761	111.09109
839.53845	114.95519
839.58929	115.17316
839.64008	118.21822
839.69092	114.95221
839.74176	113.97833
839.7926	114.31378
839.84344	117.12746
839.89429	118.58543
839.94513	117.45985
839.99591	118.54385
840.04675	112.88115
840.0976	114.13116
840.14844	109.28063
840.19928	106.8914
840.25012	112.75028
840.30096	113.72573
840.35175	118.33223
840.40259	116.80296
840.45343	116.73364
840.50427	106.45302
840.55511	114.921
840.60596	112.9698
840.6568	111.24166
840.70758	114.06577
840.75842	115.54453
840.80927	113.37637
840.86011	105.64066
840.91095	113.37983
840.96179	113.99847
841.01263	112.16326
841.06342	113.09961
841.11426	118.2468
841.1651	114.29984
841.21594	113.05568
841.26678	110.94897
841.31763	103.55459
841.36847	112.67717
841.41925	114.16821
841.47009	116.37532
841.52094	109.66614
841.57178	126.65626
841.62262	118.57452
841.67346	120.67488
841.7243	115.43608
841.77509	114.02235
841.82593	119.04695
841.87677	107.47031
841.92761	117.18089
841.97845	115.63192
842.0293	125.77322
842.08014	124.92545
842.13092	120.29002
842.18176	130.02226
842.2326	128.52867
842.28345	125.89539
842.33429	129.59096
842.38513	116.51744
842.43597	130.5824
842.48676	124.08781
842.5376	116.61331
842.58844	120.95338
842.63928	124.64931
842.69012	132.16621
842.74097	128.81554
842.79181	117.92321
842.84259	125.43066
842.89343	125.86608
842.94427	132.66888
842.99512	120.76915
843.04596	127.93645
843.0968	130.06932
843.14764	121.17466
843.19843	123.58104
843.24927	112.87746
843.30011	120.83096
843.35095	124.57011
843.40179	117.86633
843.45264	119.42738
843.50348	132.88986
843.55426	134.25494
843.6051	123.98178
843.65594	113.26356
843.70679	110.82542
843.75763	111.18192
843.80847	119.87698
843.85931	121.28387
843.91016	107.89975
843.96094	121.26825
844.01178	122.7299
844.06262	121.04702
844.11346	118.62827
844.16431	116.5159
844.21515	129.39267
844.26599	121.50292
844.31677	112.54607
844.36761	118.9817
844.41846	119.30617
844.4693	129.71425
844.52014	135.97095
844.57098	135.04282
844.62183	136.69423
844.67261	132.35194
844.72345	130.83984
844.77429	135.00371
844.82513	123.88396
844.87598	131.81816
844.92682	130.86281
844.97766	134.59602
845.02844	127.79676
845.07928	129.43286
845.13013	130.26186
845.18097	128.45419
845.23181	131.80042
845.28265	132.52023
845.3335	131.57066
845.38428	119.10645
845.43512	133.01524
845.48596	133.06848
845.5368	133.78313
845.58765	132.12289
845.63849	126.79503
845.68933	140.16513
845.74011	127.18375
845.79095	130.61787
845.8418	128.20265
845.89264	125.4
845.94348	132.13374
845.99432	134.60034
846.04517	124.77311
846.09595	129.38187
846.14679	132.56058
846.19763	122.71101
846.24847	117.49112
846.29932	123.66602
846.35016	125.06095
846.401	126.53102
846.45178	124.86864
846.50262	140.38823
846.55347	134.18567
846.60431	137.90793
846.65515	122.22693
846.70599	120.46838
846.75684	123.31551
846.80762	119.46824
846.85846	133.86237
846.9093	139.29768
846.96014	134.57146
847.01099	136.63039
847.06183	133.67773
847.11267	125.44093
847.16345	129.43578
847.21429	123.72459
847.26514	128.18442
847.31598	133.01837
847.36682	138.31107
847.41766	128.92842
847.46851	134.71652
847.51929	132.7068
847.57013	142.15189
847.62097	146.85422
847.67181	137.61992
847.72266	140.72107
847.7735	141.31126
847.82434	144.18474
847.87512	130.98941
847.92596	138.36206
847.97681	145.40721
848.02765	123.30386
848.07849	143.54683
848.12933	140.08176
848.18018	145.50337
848.23102	137.38873
848.2818	142.93187
848.33264	143.08493
848.38348	140.69926
848.43433	143.59346
848.48517	138.80115
848.53601	138.41292
848.58685	146.80438
848.63763	138.29514
848.68848	132.5666
848.73932	137.94542
848.79016	147.98386
848.841	142.02306
848.89185	145.69806
848.94269	142.65878
848.99347	146.68907
849.04431	139.9438
849.09515	135.65811
849.146	121.79031
849.19684	136.68466
849.24768	128.47163
849.29852	138.64432
849.3493	132.31897
849.40015	135.99446
849.45099	138.7011
849.50183	134.03397
849.55267	140.31952
849.60352	139.82123
849.65436	142.26396
849.70514	131.33423
849.75598	133.5479
849.80682	122.14977
849.85767	125.74329
849.90851	139.4894
849.95935	151
850.01019	146.5486
850.06097	137.40759
850.11182	154.44518
850.16266	151.54782
850.2135	144.3481
850.26434	131.92955
850.31519	136.46582
850.36603	151.96782
850.41681	137.99933
850.46765	152.43372
850.51849	150.60097
850.56934	154.4362
850.62018	145.51544
850.67102	144.8521
850.72186	157.43433
850.77264	147.13567
850.82349	161.38808
850.87433	158.17616
850.92517	160.81139
850.97601	140.53108
851.02686	151.81235
851.0777	156.31889
851.12848	145.73901
851.17932	147.29678
851.23016	151.78055
851.28101	156.52141
851.33185	163.21483
851.38269	159.0974
851.43353	147.72658
851.48431	144.51656
851.53516	155.02965
851.586	136.6926
851.63684	128.47308
851.68768	129.0863
851.73853	138.28545
851.78937	155.45239
851.84015	155.54387
851.89099	151.63794
851.94183	151.12727
851.99268	154.96947
852.04352	143.44135
852.09436	132.81589
852.1452	149.62581
852.19604	142.85664
852.24683	147.29376
852.29767	152.60973
852.34851	150.29836
852.39935	150.98012
852.4502	156.35208
852.50104	151.30064
852.55188	159.26149
852.60266	147.89546
852.6535	156.13623
852.70435	171.48428
852.75519	154.95522
852.80603	139.67593
852.85687	140.93156
852.90771	146.14938
852.9585	138.36182
853.00934	152.12738
853.06018	164.44733
853.11102	155.85683
853.16187	166.75414
853.21271	167.08543
853.26355	166.55382
853.31433	150.45035
853.36517	156.20717
853.41602	152.63029
853.46686	173.25555
853.5177	172.08997
853.56854	162.38947
853.61938	162.72269
853.67017	152.65948
853.72101	162.21713
853.77185	157.93204
853.82269	151.35654
853.87354	153.93045
853.92438	153.09161
853.97522	166.23891
854.026	174.18672
854.07684	170.68344
854.12769	169.6763
854.17853	170.19684
854.22937	164.12389
854.28021	167.87483
854.33105	162.27773
854.38184	163.92397
854.43268	171.36812
854.48352	155.4054
854.53436	162.39702
854.58521	157.80705
854.63605	159.08774
854.68689	151.5157
854.73767	147.13445
854.78851	145.36868
854.83936	154.44579
854.8902	169.07216
854.94104	171.58887
854.99188	167.16811
855.04272	171.0921
855.09351	169.39473
855.14435	156.90979
855.19519	153.25583
855.24603	144.10501
855.29688	142.90034
855.34772	160.85968
855.39856	164.80922
855.44934	178.12964
855.50018	174.84395
855.55103	168.114
855.60187	174.24382
855.65271	154.17337
855.70355	151.33859
855.75439	157.76505
855.80518	161.61166
855.85602	155.48544
855.90686	159.17783
855.9577	154
856.00854	162.43448
856.05939	171.48851
856.11023	175.5928
856.16101	185.08447
856.21185	181.70088
856.2627	173.11783
856.31354	170.42188
856.36438	169.23778
856.41522	164.10274
856.46606	173.8289
856.51691	175.03908
856.56769	168.55956
856.61853	177.38028
856.66937	175.42696
856.72021	174.92758
856.77106	170.86882
856.8219	174.68553
856.87274	189.58821
856.92352	188.14816
856.97437	172.76469
857.02521	166.18489
857.07605	164.0379
857.12689	154.6098
857.17773	152.77652
857.22858	157.09932
857.27936	169.99765
857.3302	177.35448
857.38104	180.97325
857.43188	176.80801
857.48273	169.17195
857.53357	174.16643
857.58441	166.66112
857.63519	161.91496
857.68604	166.34383
857.73688	169.40385
857.78772	172.16823
857.83856	163.41771
857.8894	154.28957
857.94025	158.93153
857.99103	168.43239
858.04187	186.00212
858.09271	188.17429
858.14355	186.29094
858.1944	185.31976
858.24524	177.62453
858.29608	165.9668
858.34686	144.20441
858.39771	148.54179
858.44855	174.74477
858.49939	190.69151
858.55023	207.24535
858.60107	197.52881
858.65192	179.79813
858.7027	178.9966
858.75354	181.72754
858.80438	178.94997
858.85522	170.18182
858.90607	168.92529
858.95691	173.3532
859.00775	186.62282
859.05853	189.50452
859.10938	184.20593
859.16022	180.98096
859.21106	181.54863
859.2619	185.34259
859.31274	190.5379
859.36359	183.34744
859.41437	191.60672
859.46521	197.11757
859.51605	184.70674
859.56689	174.88263
859.61774	182.77522
859.66858	179.38269
859.71942	172.78528
859.7702	180.95329
859.82104	176.56688
859.87189	184.16211
859.92273	189.77367
859.97357	203.41261
860.02441	204.0956
860.07526	194.69798
860.12604	192.19771
860.17688	186.66722
860.22772	167.82332
860.27856	152.78017
860.32941	160.47501
860.38025	168.23923
860.43109	190.224
860.48193	200.27106
860.53271	197.55034
860.58356	190.85667
860.6344	194.52623
860.68524	176.73543
860.73608	164.44339
860.78693	166.06587
860.83777	170.70758
860.88855	181.56482
860.93939	186.44104
860.99023	178.05006
861.04108	180.48286
861.09192	168.1889
861.14276	180.37273
861.1936	179.7982
861.24438	180.05104
861.29523	189.11887
861.34607	200.19604
861.39691	189.75468
861.44775	176.52519
861.4986	166.33333
861.54944	177.28094
861.60022	190.39909
861.65106	199.75923
861.7019	185.05589
861.75275	189.52193
861.80359	201.3961
861.85443	199.0107
861.90527	192.74097
861.95605	172.08127
862.0069	176.39633
862.05774	183.34256
862.10858	195.98216
862.15942	199.21906
862.21027	198.40147
862.26111	197.36977
862.31189	193.85155
862.36273	190.20245
862.41357	194.26933
862.46442	188.64796
862.51526	196.6151
862.5661	203.07031
862.61694	195.01801
862.66772	182.31596
862.71857	187.14249
862.76941	196.85509
862.82025	204.5408
862.87109	205.47011
862.92194	188.98865
862.97278	193.59917
863.02356	195.192
863.0744	202.48952
863.12524	198.27896
863.17609	193.80135
863.22693	194.79108
863.27777	188.37784
863.32861	200.10846
863.37939	173.43608
863.43024	176.84175
863.48108	168.05206
863.53192	186.89973
863.58276	204.34824
863.63361	216.04785
863.68445	205.10724
863.73523	193.37169
863.78607	201.96346
863.83691	194.31639
863.88776	177.58
863.9386	184.23439
863.98944	178.60193
864.04028	195.812
864.09106	205.54182
864.14191	210.42744
864.19275	195.39842
864.24359	203.03166
864.29443	203.19681
864.34528	191.10713
864.39612	192.75938
864.4469	191.5388
864.49774	204.03186
864.54858	208.66667
864.59943	206.75
864.65027	200.78656
864.70111	185.89441
864.75195	221.21709
864.8028	205.97758
864.85358	205.53716
864.90442	208.73038
864.95526	202.16252
865.0061	223.12802
865.05695	215.26566
865.10779	202.18503
865.15863	195.96867
865.20941	205.34886
865.26025	214.79121
865.3111	216.75163
865.36194	220.55008
865.41278	195.77849
865.46362	222.71161
865.51447	207.14709
865.56525	217.58693
865.61609	217.07721
865.66693	221.06398
865.71777	224.94009
865.76862	210.96584
865.81946	193.18181
865.8703	188.04594
865.92108	186.17215
865.97192	202.24553
866.02277	215.27303
866.07361	228.36945
866.12445	211.76941
866.17529	218.07594
866.22614	231.15874
866.27692	209.04945
866.32776	196.96082
866.3786	196.21051
866.42944	202.92934
866.48029	205.43262
866.53113	198.08485
866.58197	199.70949
866.63275	194.50038
866.68359	204.62872
866.73444	210.6882
866.78528	219.90053
866.83612	215.31291
866.88696	212.80565
866.93781	225.76208
866.98859	208.18405
867.03943	206.7005
867.09027	191.23265
867.14111	189.90147
867.19196	206.99644
867.2428	230.97073
867.29364	235.61269
867.34442	226.8764
867.39526	228.86086
867.44611	233.57535
867.49695	225.13467
867.54779	212.55357
867.59863	196.18147
867.64948	210.84583
867.70026	218.31535
867.7511	227.54733
867.80194	223.33414
867.85278	226.06136
867.90363	232.22227
867.95447	232.39078
868.00531	242.0869
868.05609	228.7267
868.10693	228.09352
868.15778	227.38544
868.20862	231.58551
868.25946	240.50404
868.3103	224.91911
868.36115	224.94568
868.41193	227.96706
868.46277	230.68947
868.51361	231.67757
868.56445	217.16583
868.6153	213.37685
868.66614	220.7995
868.71698	235.59682
868.76782	232.364
868.8186	238.38254
868.86945	237.93564
868.92029	237.54871
868.97113	226.96352
869.02197	214.29312
869.07281	206.90189
869.12366	200.00316
869.17444	215.77615
869.22528	237.91513
869.27612	236.82381
869.32697	249.97652
869.37781	248.63423
869.42865	245.79636
869.47949	222.98647
869.53027	194.82198
869.58112	176.68996
869.63196	197.407
869.6828	215.57048
869.73364	221.4781
869.78448	222.22586
869.83533	215.45093
869.88611	225.47205
869.93695	227.0529
869.98779	233.40952
870.03864	232.32211
870.08948	228.02077
870.14032	234.10797
870.19116	228.15201
870.24194	219.61018
870.29279	212.42998
870.34363	204.53871
870.39447	221.77669
870.44531	232.49799
870.49615	247.73451
870.547	249.82619
870.59778	254.87225
870.64862	255.39948
870.69946	244.68013
870.75031	235.32674
870.80115	230.19792
870.85199	231.80141
870.90283	243.76231
870.95361	249.43065
871.00446	243.29919
871.0553	241.63268
871.10614	245.75757
871.15698	242.34631
871.20782	249.8082
871.25867	250.86069
871.30945	250.95943
871.36029	247.12578
871.41113	244.45091
871.46198	248.13919
871.51282	233.09598
871.56366	220.66705
871.6145	224.28183
871.66528	227.44685
871.71613	245.11734
871.76697	244.78944
871.81781	237.95178
871.86865	242.15436
871.91949	242.2307
871.97034	237.64676
872.02112	223.18056
872.07196	235.42966
872.1228	243.37712
872.17365	237.9021
872.22449	212.12654
872.27533	206.75383
872.32617	209.84157
872.37695	214.26561
872.4278	237.70573
872.47864	249.6394
872.52948	253.21375
872.58032	255.79161
872.63116	236.93742
872.68201	219.2458
872.73279	206.17946
872.78363	197.21419
872.83447	197.99324
872.88531	202.89856
872.93616	232.72636
872.987	243.72435
873.03784	252.27089
873.08868	244.03546
873.13947	229.92918
873.19031	230.33119
873.24115	214.75146
873.29199	214.25423
873.34283	209.0542
873.39368	219.81587
873.44452	219.3454
873.4953	217.20229
873.54614	226.49825
873.59698	222.60533
873.64783	227.83003
873.69867	236.01973
873.74951	221.1127
873.80035	223.13495
873.85114	225.96498
873.90198	237.47067
873.95282	216.20811
874.00366	211.84273
874.0545	219.01732
874.10535	223.23672
874.15619	227.34492
874.20697	220.52957
874.25781	211.47694
874.30865	212.37589
874.3595	215.15392
874.41034	223.97365
874.46118	218.38742
874.51202	223.98773
874.56281	222.79698
874.61365	216.8501
874.66449	214.55757
874.71533	190.38062
874.76617	179.95183
874.81702	174.8112
874.86786	183.9593
874.91864	187.96587
874.96948	200.26994
875.02032	200.79857
875.07117	198.6655
875.12201	192.00079
875.17285	178.04277
875.22369	172.91318
875.27448	172.70697
875.32532	175.72896
875.37616	180.97868
875.427	174.77739
875.47784	166.98827
875.52869	160.63982
875.57953	159.75937
875.63031	168.47687
875.68115	178.79495
875.73199	177.39291
875.78284	167.71257
875.83368	168.26532
875.88452	174.69849
875.93536	163.59802
875.98615	154.09659
876.03699	145.33284
876.08783	142.22765
876.13867	154.38956
876.18951	165.12189
876.24036	175.21388
876.2912	177.14055
876.34198	171.32593
876.39282	162.20248
876.44366	159.93806
876.49451	152.24965
876.54535	139.34312
876.59619	146.02299
876.64703	154.65968
876.69781	150.48514
876.74866	153.17046
876.7995	149.66948
876.85034	153.94255
876.90118	147.15523
876.95203	141.08957
877.00287	128.06061
877.05365	140.10651
877.10449	152.62675
877.15533	141.29597
877.20618	137.29927
877.25702	125.23535
877.30786	131.43401
877.3587	131.42021
877.40955	131.98624
877.46033	136.80243
877.51117	125.23471
877.56201	115.05125
877.61285	131.56995
877.6637	126.32258
877.71454	132.86568
877.76538	125.38294
877.81616	117.23241
877.867	126.3904
877.91785	114.63823
877.96869	123.49
878.01953	106.13253
878.07037	114.4715
878.12122	105.36763
878.172	112.3078
878.22284	112.25095
878.27368	104.18776
878.32452	118.21533
878.37537	120.01817
878.42621	112.9467
878.47705	91.811432
878.52783	99.651878
878.57867	105.46825
878.62952	87.966293
878.68036	99.912338
878.7312	96.126762
878.78204	103.5291
878.83289	102.49898
878.88367	94.521088
878.93451	111.24898
878.98535	97.735191
879.03619	91.515915
879.08704	103.18238
879.13788	98.938988
879.18872	105.88721
879.2395	99.7239
879.29034	98.471527
879.34119	86.64505
879.39203	96.459572
879.44287	96.912338
879.49371	100.4688
879.54456	101.95535
879.59534	90.912407
879.64618	98.797012
879.69702	101.94077
879.74786	98.651604
879.79871	89.697182
879.84955	90.593216
879.90039	90.00116
879.95117	84.006516
880.00201	89.014961
880.05286	91.538376
880.1037	85.804802
880.15454	99.637825
880.20538	101.4677
880.25623	95.876755
880.30701	91.632065
880.35785	92.688217
880.40869	94.751839
880.45953	88.981651
880.51038	88.468948
880.56122	85.890579
880.61206	84.295815
880.66284	89
880.71368	89.381134
880.76453	93.903488
880.81537	84.923035
880.86621	84.97699
880.91705	95.106956
880.9679	85.274506
881.01868	83.004501
881.06952	90.654968
881.12036	73.165833
881.1712	75.507858
881.22205	82.212006
881.27289	76.773224
881.32373	81.863541
881.37457	77.540413
881.42535	83.815735
881.4762	83.062164
881.52704	85.438087
881.57788	84.031487
881.62872	94.132652
881.67957	82.979454
881.73041	79.663467
881.78119	79.507584
881.83203	74.896927
881.88287	65.539536
881.93372	69.928528
881.98456	72.054153
882.0354	82.434181
882.08624	81.081039
882.13702	84.098633
882.18787	76.988991
882.23871	73.539719
882.28955	74.836258
882.34039	72.433548
882.39124	72.578011
882.44208	69.051834
882.49286	76.229797
882.5437	80.758842
882.59454	73.531387
882.64539	76.390717
882.69623	70.876678
882.74707	80.002373
882.79791	71.272644
882.84869	76
882.89954	76.162796
882.95038	76.433937
883.00122	78.140137
883.05206	80.449127
883.10291	72.599609
883.15375	72.421806
883.20453	74.414612
883.25537	79.080063
883.30621	73.439537
883.35706	68.457924
883.4079	74.406281
883.45874	73.016907
883.50958	70.534302
883.56036	67.370224
883.61121	69.030853
883.66205	78.300743
883.71289	71.878578
883.76373	65.705757
883.81458	62.473633
883.86542	65.108002
883.9162	67
883.96704	64.340698
884.01788	64.081902
884.06873	69.42955
884.11957	65.225502
884.17041	62.000473
884.22125	63.005413
884.27203	62.776676
884.32288	58.679691
884.37372	55.190971
884.42456	56.42725
884.4754	58.298744
884.52625	60.877155
884.57709	61.555759
884.62787	62.797451
884.67871	63.636913
884.72955	60.89576
884.7804	62.393745
884.83124	61.074802
884.88208	57.240059
884.93292	58.79287
884.9837	57.536736
885.03455	59.4496
885.08539	61.006145
885.13623	59
885.18707	58.795883
885.23792	56.744171
885.28876	56.354706
885.33954	59.91766
885.39038	63.59734
885.44122	59.080788
885.49207	55.631321
885.54291	59.747189
885.59375	57.559189
885.64459	54
885.69543	54.339638
885.74622	53.455421
885.79706	54.564205
885.8479	54.83316
885.89874	51.996883
885.94958	50.242992
886.00043	52.16386
886.05127	53.235477
886.10205	58.271099
886.15289	60.610073
886.20374	55.630081
886.25458	55.897469
886.30542	59.125301
886.35626	52.937553
886.4071	49
886.45789	49.392025
886.50873	55.534786
886.55957	56.604225
886.61041	53.853706
886.66125	48.662693
886.7121	45.506554
886.76294	51.889904
886.81372	54.304504
886.86456	56.104576
886.91541	59.121567
886.96625	56.150314
887.01709	52.729488
887.06793	51.70956
887.11877	49.699165
887.16956	50.475212
887.2204	48.471512
887.27124	44.899338
887.32208	49.292858
887.37292	53.285358
887.42377	52.923969
887.47461	53.373932
887.52539	51.569496
887.57623	52.258663
887.62708	52.124409
887.67792	50.401703
887.72876	51.610111
887.7796	49.564903
887.83044	49.817589
887.88123	49.175751
887.93207	49.497749
887.98291	54.620411
888.03375	55.937004
888.08459	48.355846
888.13544	51.788765
888.18628	49.497105
888.23706	48.132267
888.2879	52.896584
888.33875	48.311623
888.38959	47.954811
888.44043	47.106117
888.49127	47.899673
888.54211	50.719296
888.5929	54.287563
888.64374	51.842369
888.69458	50.118591
888.74542	48.134518
888.79626	49.876972
888.84711	50
888.89795	48.666588
888.94873	54.35392
888.99957	50.162067
889.05042	50.971603
889.10126	45.715816
889.1521	49.536293
889.20294	49.99641
889.25378	48.004177
889.30457	50.976044
889.35541	46.041962
889.40625	49.675919
889.45709	53.806229
889.50793	45.84449
889.55878	41.364605
889.60962	50.465027
889.66046	47.703091
889.71124	49.74015
889.76208	51.845676
889.81293	49.556938
889.86377	48.656548
889.91461	44.803474
889.96545	46.779621
890.0163	44.836502
890.06708	47.21114
890.11792	48.550201
890.16876	45.310211
890.2196	46.968563
890.27045	42.865788
890.32129	44.515682
890.37213	45.174786
890.42291	51.231358
890.47375	47.578125
890.5246	49.996719
890.57544	47.348736
890.62628	48.456257
890.67712	46.673317
890.72797	49.188385
890.77875	48.247982
890.82959	50.639637
890.88043	49.433884
890.93127	47.907764
890.98212	45.113182
891.03296	47.584934
891.0838	44.356834
891.13458	45.78149
891.18542	44.186584
891.23627	45.607189
891.28711	47.789181
891.33795	51.037827
891.38879	46.673988
891.43964	45.270294
891.49042	46.726162
891.54126	45.314762
891.5921	50.006035
891.64294	52.151146
891.69379	49.406403
891.74463	47.38401
891.79547	45.624798
891.84625	48.515945
891.89709	46.956722
891.94794	44.105812
891.99878	42.835526
892.04962	45.546272
892.10046	45.050304
892.15131	46.853542
892.20209	47.433117
892.25293	44.718884
892.30377	47.7514
892.35461	47.157364
892.40546	47.681221
892.4563	45.837975
892.50714	48.201832
892.55792	49.204494
892.60876	45.847641
892.65961	43.339176
892.71045	45.786263
892.76129	47.510262
892.81213	45.238895
892.86298	43.540295
892.91376	44.968193
892.9646	49.297298
893.01544	51.699619
893.06628	50.053013
893.11713	44.729336
893.16797	42.875397
893.21881	43.436401
893.26959	42.772491
893.32043	45.182625
893.37128	46.6604
893.42212	43.365559
893.47296	46.520927
893.5238	47.263691
893.57465	42.432243
893.62543	42.851353
893.67627	45.075073
893.72711	45.937359
893.77795	47.303604
893.8288	47.525463
893.87964	45.763161
893.93048	42.872101
893.98132	43.324245
894.0321	44.532749
894.08295	43.836369
894.13379	47.195015
894.18463	45.504868
894.23547	41.82251
894.28632	43.534943
894.33716	43.027809
894.38794	46.483452
894.43878	46.655308
894.48962	44.11866
894.54047	43.857185
894.59131	43.517632
894.64215	41.889774
894.69299	41.764023
894.74377	42.412632
894.79462	44.390144
894.84546	42.629402
894.8963	43.879425
894.94714	44.698246
894.99799	47.05769
895.04883	43.651375
895.09961	43.034325
895.15045	44.136646
895.20129	42.203083
895.25214	41.482109
895.30298	42.16135
895.35382	42.476231
895.40466	45.185429
895.45544	41.887924
895.50629	43.111477
895.55713	43.193726
895.60797	40.428951
895.65881	42.645767
895.70966	44.909409
895.7605	43.464504
895.81128	45.860729
895.86212	43.524231
895.91296	40.604004
895.96381	43.161495
896.01465	39.682236
896.06549	42.193909
896.11633	40.562187
896.16711	43.171459
896.21796	44.526272
896.2688	39.787251
896.31964	40.713158
896.37048	39.867615
896.42133	39.734165
896.47217	41.803177
896.52295	44.117264
896.57379	40.732815
896.62463	43.110596
896.67548	41.058155
896.72632	39.018738
896.77716	41.488037
896.828	40.438557
896.87878	42.164448
896.92963	44.575218
896.98047	41.676094
897.03131	40.581608
897.08215	41.753387
897.133	44.409603
897.18384	41.277061
897.23462	42.428295
897.28546	42.129124
897.3363	42.845165
897.38715	43.750366
897.43799	43.322994
897.48883	42.956539
897.53967	42.899258
897.59045	42.628395
897.6413	40.536018
897.69214	39.560379
897.74298	42.309635
897.79382	41.559151
897.84467	39.287426
897.89551	42.091923
897.94635	38.076859
897.99713	39.531006
898.04797	41.785995
898.09882	41.210686
898.14966	40.929909
898.2005	42.959187
898.25134	42.49905
898.30219	41.968433
898.35297	43.077854
898.40381	41.434135
898.45465	41.287998
898.50549	41.504734
898.55634	41.131126
898.60718	39.654308
898.65802	40.118248
898.7088	38.677254
898.75964	39.239174
898.81049	41.28117
898.86133	40.508308
898.91217	40.823895
898.96301	41.952244
899.01385	42.468498
899.06464	43.253986
899.11548	42.53738
899.16632	43.508892
899.21716	42.489609
899.26801	41.241535
899.31885	42.976616
899.36969	41.97744
899.42047	41.471069
899.47131	40.328712
899.52216	38.954311
899.573	40.287247
899.62384	40.360977
899.67468	39.211052
899.72552	41.719681
899.77631	41.874111
899.82715	41.788578
899.87799	41.439167
899.92883	37.42672
899.97968	38.912258
900.03052	40.65181
900.08136	39.493908
900.13214	41.757175
900.18298	39.523056
900.23383	40.042793
900.28467	42.814587
900.33551	42.268169
900.38635	39.950127
900.43719	42.353397
900.48798	43.05267
900.53882	41.278408
900.58966	40.671917
900.6405	42.030052
900.69135	43.279888
900.74219	42.545334
900.79303	39.381126
900.84381	42.55711
900.89465	40.588814
900.9455	40.714508
900.99634	39.541187
901.04718	39.177792
901.09802	39.885559
901.14886	41.757298
901.19965	39.204533
901.25049	40.759422
901.30133	39.793129
901.35217	40.225842
901.40302	43.043385
901.45386	40.426128
901.5047	41.977497
901.55548	39.921921
901.60632	40.777237
901.65717	39.173157
901.70801	41.183632
901.75885	40.192978
901.80969	38.942268
901.86053	37.365002
901.91132	40.046566
901.96216	42.337589
902.013	39.939999
902.06384	42.665749
902.11469	40.434372
902.16553	43.062939
902.21637	39.698044
902.26721	41.339642
902.31799	40.068783
902.36884	38.704346
902.41968	38.797535
902.47052	42.729168
902.52136	40.849762
902.5722	40.80024
902.62305	41.429867
902.67383	39.995892
902.72467	40.195381
902.77551	39.536987
902.82635	39.293869
902.8772	38.512016
902.92804	37.619617
902.97888	39.495956
903.02966	39.701305
903.08051	40.238991
903.13135	40.459259
903.18219	40.764156
903.23303	41.33437
903.28387	38.098557
903.33472	37.173203
903.3855	40.886547
903.43634	40.431602
903.48718	39.530178
903.53802	41.101719
903.58887	43.327122
903.63971	39.682407
903.69055	35.316193
903.74133	40.47821
903.79218	42.486115
903.84302	37.687988
903.89386	38.92173
903.9447	39.368214
903.99554	41.135391
904.04639	40.95813
904.09717	39.588444
904.14801	39.539352
904.19885	39.253242
904.24969	41.266487
904.30054	40.778351
904.35138	38.548374
904.40222	40.299816
904.453	40.992393
904.50385	42.01228
904.55469	41.719131
904.60553	38.765205
904.65637	40.352959
904.70721	38.394951
904.75806	36.607033
904.80884	39.993824
904.85968	41.142277
904.91052	38.607937
904.96136	38.192677
905.01221	39.256832
905.06305	38.860821
905.11389	38.180927
905.16467	40.29636
905.21552	42.101231
905.26636	42.697964
905.3172	41.163002
905.36804	42.854198
905.41888	40.54258
905.46973	40.860546
905.52051	39.738922
905.57135	41.113598
905.62219	41.455048
905.67303	39.216602
905.72388	40.137463
905.77472	41.755554
905.82556	40.477646
905.87634	40.284657
905.92719	39.867195
905.97803	37.506233
906.02887	36.744469
906.07971	36.288601
906.13055	37.252316
906.1814	40.321793
906.23218	41.990818
906.28302	39.872349
906.33386	39.937611
906.3847	39.330662
906.43555	38.574745
906.48639	41.493027
906.53723	41.383938
906.58807	37.41169
906.63885	38.559269
906.6897	39.897144
906.74054	38.913208
906.79138	35.856285
906.84222	38.515274
906.89307	40.464565
906.94391	41.409798
906.99469	40.68718
907.04553	40.140732
907.09637	40.515457
907.14722	39.18568
907.19806	38.720242
907.2489	38.165119
907.29974	38.115105
907.35052	38.643169
907.40137	39.554974
907.45221	39.316681
907.50305	38.030365
907.55389	39.040386
907.60474	41.274525
907.65558	40.077511
907.70636	38.246475
907.7572	39.442669
907.80804	41.122116
907.85889	39.780106
907.90973	41.242161
907.96057	38.401867
908.01141	37.678627
908.06219	38.79472
908.11304	39.816566
908.16388	39.92144
908.21472	39.63596
908.26556	38.236168
908.31641	39.026512
908.36725	39.563652
908.41803	41.302349
908.46887	41.31781
908.51971	39.256676
908.57056	38.076401
908.6214	38.783863
908.67224	40.966248
908.72308	38.288773
908.77386	35.81707
908.82471	38.168953
908.87555	40.450275
908.92639	38.965435
908.97723	40.503639
909.02808	38.946453
909.07892	39.692879
909.1297	38.630886
909.18054	35.099911
909.23138	35.885117
909.28223	33.145561
909.33307	39.085716
909.38391	40.891945
909.43475	41.616573
909.48553	42.630653
909.53638	37.857475
909.58722	34.777222
909.63806	41.730103
909.6889	41.880516
909.73975	38.526764
909.79059	35.509972
909.84137	38.949333
909.89221	41.774769
909.94305	32.83197
909.9939	38.695778
910.04474	35.530697
910.09558	40.019855
910.14642	36.278549
910.1972	38.948395
910.24805	38.048809
910.29889	40.870903
910.34973	39.128799
910.40057	38.98904
910.45142	39.897247
910.50226	38.99622
910.5531	39.17799
910.60388	40.80022
910.65472	37.072567
910.70557	37.273457
910.75641	39.339748
910.80725	42.595806
910.85809	39.620628
910.90894	36.331264
910.95972	37.700653
911.01056	34.312916
911.0614	41.86129
911.11224	41.84206
911.16309	42.394192
911.21393	39.02594
911.26477	34.396805
911.31555	40.10614
911.36639	39.851246
911.41724	39.510902
911.46808	40.666874
911.51892	38.559753
911.56976	37.37225
911.62061	40.633564
911.67139	38.84581
911.72223	37.786865
911.77307	39.734451
911.82391	40.999989
911.87476	41.390385
911.9256	41.205814
911.97644	36.444698
912.02722	38.043545
912.07806	41.260239
912.12891	39.233765
912.17975	39.320354
912.23059	39.969807
912.28143	39.910252
912.33228	39.537624
912.38306	38.600552
912.4339	37.0821
912.48474	39.769581
912.53558	41.493454
912.58643	43.422337
912.63727	40.593708
912.68811	37.780918
912.73889	38.3834
912.78973	38.223553
912.84058	39.505375
912.89142	37.870792
912.94226	38.160606
912.9931	40.190811
913.04395	40.476593
913.09473	38.463875
913.14557	41.389194
913.19641	39.448856
913.24725	38.142513
913.2981	40.272255
913.34894	40.682362
913.39978	41.557957
913.45056	40.512413
913.5014	39.43824
913.55225	40.864475
913.60309	39.633972
913.65393	38.75346
913.70477	37.160759
913.75562	36.183636
913.8064	39.520924
913.85724	38.928753
913.90808	37.304863
913.95892	39.967087
914.00977	40.36771
914.06061	39.196926
914.11145	37.75668
914.16223	38.815655
914.21307	39.953236
914.26392	42.180092
914.31476	38.549862
914.3656	37.41523
914.41644	40.602551
914.46729	42.146805
914.51807	39.102753
914.56891	39.434891
914.61975	41.623466
914.67059	38.839096
914.72144	37.708397
914.77228	34.94339
914.82312	35.853443
914.87396	38.986237
914.92474	39.62534
914.97559	39.304134
915.02643	38.539406
915.07727	39.243156
915.12811	36.958439
915.17896	39.639023
915.2298	40.139687
915.28058	42.625458
915.33142	39.521355
915.38226	38.831619
915.43311	39.020756
915.48395	41.191116
915.53479	43.128593
915.58563	39.833553
915.63641	40.837936
915.68726	43.367218
915.7381	38.881054
915.78894	40.016129
915.83978	37.494358
915.89063	42.075314
915.94147	39.367706
915.99225	41.238892
916.04309	39.188084
916.09393	40.506641
916.14478	41.180733
916.19562	36.2188
916.24646	38.228252
916.2973	40.311424
916.34808	34.956192
916.39893	40.857391
916.44977	35.787567
916.50061	39.993355
916.55145	37.717823
916.60229	37.41901
916.65314	41.217846
916.70392	39.029499
916.75476	38.626728
916.8056	40.156452
916.85645	39.782097
916.90729	39.075771
916.95813	39.607552
917.00897	42.351723
917.05975	39.988125
917.1106	43.040516
917.16144	39.304054
917.21228	38.42968
917.26312	39.212463
917.31396	36.200806
917.36481	37.53793
917.41559	36.302513
917.46643	36.420494
917.51727	38.399303
917.56812	39.909817
917.61896	41.192451
917.6698	40.882294
917.72064	39.435116
917.77142	40.376823
917.82227	40.250267
917.87311	39.04734
917.92395	38.081875
917.97479	39.324879
918.02563	43.046947
918.07648	41.114697
918.12726	39.970875
918.1781	40.347073
918.22894	39.093952
918.27979	37.671864
918.33063	40.400501
918.38147	41.450005
918.43231	40.37114
918.48309	39.929066
918.53394	38.424786
918.58478	37.450981
918.63562	38.066902
918.68646	37.224194
918.7373	38.568577
918.78815	40.729519
918.83899	40.291721
918.88977	39.436203
918.94061	40.474438
918.99146	37.048248
919.0423	37.969418
919.09314	39.654106
919.14398	37.922832
919.19482	39.607597
919.24561	39.524689
919.29645	39.415382
919.34729	40.598988
919.39813	40.472618
919.44897	38.053028
919.49982	40.238098
919.55066	40.586262
919.60144	38.526524
919.65228	40.758781
919.70313	40.623589
919.75397	40.495449
919.80481	42.278721
919.85565	40.959999
919.90649	38.847664
919.95728	39.328075
920.00812	39.046852
920.05896	40.078064
920.1098	41.508251
920.16064	40.261517
920.21149	39.346691
920.26233	39.267429
920.31311	38.328224
920.36395	38.755375
920.41479	41.672359
920.46564	41.039787
920.51648	37.16695
920.56732	39.393932
920.61816	42.275543
920.66895	36.993916
920.71979	40.070698
920.77063	42.040161
920.82147	43.538589
920.87231	38.346695
920.92316	39.149952
920.974	42.06955
921.02478	42.26622
921.07562	35.646389
921.12646	42.311028
921.17731	41.651615
921.22815	39.949219
921.27899	42.005405
921.32983	36.693134
921.38062	41.923367
921.43146	40.413258
921.4823	37.07946
921.53314	40.157486
921.58398	39.659637
921.63483	39.42712
921.68567	41.489479
921.73645	39.384319
921.78729	40.983017
921.83813	41.536488
921.88898	41.93578
921.93982	41.646175
921.99066	38.640244
922.0415	38.084927
922.09229	36.002872
922.14313	41.520771
922.19397	40.004116
922.24481	41.321312
922.29565	40.321987
922.3465	40.103703
922.39734	38.613243
922.44812	39.36274
922.49896	39.954956
922.5498	40.660965
922.60065	39.644768
922.65149	39.669197
922.70233	39.52523
922.75317	39.935795
922.80396	41.046597
922.8548	41.975086
922.90564	39.566391
922.95648	40.82666
923.00732	39.533192
923.05817	42.109497
923.10901	40.634769
923.15985	39.724735
923.21063	38.522961
923.26147	37.644188
923.31232	40.166794
923.36316	42.624207
923.414	43.276741
923.46484	41.989082
923.51569	42.009212
923.56647	40.837681
923.61731	38.936039
923.66815	40.239056
923.71899	40.925655
923.76984	41.363213
923.82068	42.027069
923.87152	40.339745
923.9223	38.240036
923.97314	40.09544
924.02399	41.487103
924.07483	41.43454
924.12567	39.685394
924.17651	38.689732
924.22736	41.048817
924.27814	41.545143
924.32898	40.448944
924.37982	39.452503
924.43066	39.4613
924.48151	40.747513
924.53235	39.95945
924.58319	43.357948
924.63397	43.581749
924.68481	43.526558
924.73566	38.776184
924.7865	37.271542
924.83734	38.53941
924.88818	38.850998
924.93903	39.894146
924.98981	42.104904
925.04065	39.232197
925.09149	40.079639
925.14233	40.321629
925.19318	40.578644
925.24402	39.745567
925.29486	40.872772
925.34564	39.088463
925.39648	41.25848
925.44733	41.035915
925.49817	37.344784
925.54901	38.685852
925.59985	42.162399
925.6507	41.225105
925.70148	40.30389
925.75232	38.537754
925.80316	39.83564
925.854	43.7724
925.90485	42.289272
925.95569	36.640102
926.00653	39.114292
926.05731	40.600643
926.10815	40.7967
926.159	38.898666
926.20984	42.205494
926.26068	41.52589
926.31152	39.420925
926.36237	39.982815
926.41315	39.832069
926.46399	42.775494
926.51483	41.22337
926.56567	41.16333
926.61652	41.258907
926.66736	41.787415
926.7182	38.02528
926.76898	40.332157
926.81982	41.053535
926.87067	38.284592
926.92151	38.673622
926.97235	40.163628
927.02319	41.057766
927.07404	39.152824
927.12488	38.016296
927.17566	40.439468
927.2265	42.180347
927.27734	41.880024
927.32819	39.745407
927.37903	38.836285
927.42987	40.757488
927.48071	40.956429
927.53149	42.009464
927.58234	39.93787
927.63318	41.260166
927.68402	40.396614
927.73486	39.249886
927.78571	40.748455
927.83655	43.379246
927.88733	40.680187
927.93817	41.267746
927.98901	41.724556
928.03986	40.708591
928.0907	39.757187
928.14154	39.196358
928.19238	38.998188
928.24316	41.100273
928.29401	39.719967
928.34485	39.465954
928.39569	39.479523
928.44653	41.161808
928.49738	40.256298
928.54822	40.751682
928.599	41.398762
928.64984	39.008274
928.70068	40.639095
928.75153	41.047188
928.80237	43.606228
928.85321	42.398724
928.90405	38.829941
928.95483	39.646511
929.00568	40.615711
929.05652	38.878891
929.10736	42.443462
929.1582	42.26775
929.20905	40.745094
929.25989	41.637554
929.31067	41.692917
929.36151	41.158096
929.41235	39.716331
929.4632	41.021599
929.51404	39.867458
929.56488	36.38615
929.61572	38.214317
929.6665	40.808865
929.71735	39.323879
929.76819	39.676464
929.81903	41.735367
929.86987	42.293716
929.92072	40.746662
929.97156	38.702408
930.02234	39.958546
930.07318	39.713623
930.12402	40.184101
930.17487	39.673668
930.22571	38.959908
930.27655	40.173695
930.32739	39.414169
930.37817	41.789276
930.42902	39.070259
930.47986	40.687935
930.5307	42.187881
930.58154	42.884499
930.63239	41.293945
930.68323	39.601788
930.73401	40.914185
930.78485	40.089748
930.83569	39.533466
930.88654	39.858631
930.93738	39.953945
930.98822	39.248947
931.03906	41.678524
931.08984	40.479836
931.14069	39.545422
931.19153	40.502865
931.24237	38.7924
931.29321	38.675449
931.34406	40.829014
931.3949	41.673367
931.44574	36.969219
931.49652	38.105999
931.54736	41.699352
931.59821	40.060604
931.64905	37.559582
931.69989	38.871307
931.75073	42.452103
931.80157	41.652927
931.85236	42.444683
931.9032	42.065105
931.95404	42.145168
932.00488	41.738518
932.05573	37.67292
932.10657	34.808804
932.15741	42.782188
932.20819	41.345917
932.25903	40.250717
932.30988	41.788967
932.36072	43.851578
932.41156	41.70063
932.4624	38.679634
932.51324	42.247719
932.56403	42.256214
932.61487	40.964539
932.66571	41.008579
932.71655	39.334743
932.7674	39.928875
932.81824	40.120495
932.86908	43.501949
932.91986	43.500221
932.9707	42.711525
933.02155	42.317741
933.07239	43.025688
933.12323	44.212616
933.17407	41.370346
933.22491	40.803135
933.2757	42.272125
933.32654	42.689037
933.37738	40.503811
933.42822	39.694294
933.47906	39.326229
933.52991	40.783176
933.58075	40.94717
933.63153	40.818199
933.68237	40.927132
933.73322	42.348118
933.78406	41.900383
933.8349	40.08646
933.88574	40.734638
933.93658	41.337128
933.98737	41.398579
934.03821	41.964428
934.08905	41.46069
934.13989	38.610806
934.19073	39.068703
934.24158	40.358177
934.29242	39.490303
934.3432	42.845715
934.39404	45.106174
934.44489	40.74667
934.49573	40.541492
934.54657	41.743946
934.59741	42.278133
934.64825	41.074783
934.69904	38.22646
934.74988	39.738899
934.80072	42.294552
934.85156	44.268169
934.9024	43.101246
934.95325	40.251469
935.00409	39.479401
935.05487	40.265507
935.10571	42.77071
935.15656	40.248955
935.2074	39.842747
935.25824	39.784214
935.30908	41.029552
935.35992	42.566807
935.41071	41.238911
935.46155	39.305614
935.51239	43.359249
935.56323	45.920429
935.61407	41.127186
935.66492	40.516621
935.71576	41.082443
935.7666	41.64183
935.81738	40.543545
935.86823	42.183586
935.91907	43.843121
935.96991	42.201843
936.02075	40.291767
936.07159	39.323635
936.12244	38.168594
936.17322	40.172508
936.22406	37.67461
936.2749	40.05188
936.32574	44.062214
936.37659	43.179688
936.42743	44.667149
936.47827	42.942501
936.52905	43.248791
936.5799	41.447048
936.63074	42.597717
936.68158	42.469666
936.73242	41.03849
936.78326	41.651997
936.83411	39.613884
936.88489	42.529922
936.93573	39.345055
936.98657	40.235432
937.03741	39.440384
937.08826	40.075806
937.1391	41.533012
937.18994	42.886124
937.24072	42.656265
937.29156	41.831509
937.34241	39.976418
937.39325	42.442009
937.44409	41.997231
937.49493	40.4771
937.54578	42.667976
937.59656	43.093472
937.6474	39.471359
937.69824	42.082005
937.74908	43.20488
937.79993	43.962563
937.85077	40.414516
937.90161	39.92915
937.95239	39.920017
938.00323	41.780819
938.05408	43.376808
938.10492	41.925114
938.15576	38.820591
938.2066	38.367012
938.25745	40.112083
938.30823	42.149437
938.35907	41.116734
938.40991	39.05481
938.46075	38.935131
938.5116	40.804138
938.56244	40.738556
938.61328	40.29483
938.66406	44.976578
938.7149	45.499882
938.76575	41.002918
938.81659	40.689148
938.86743	42.782288
938.91827	42.075462
938.96912	42.73175
939.0199	42.009907
939.07074	40.755413
939.12158	40.856441
939.17242	40.223759
939.22327	39.167515
939.27411	40.557358
939.32495	42.436996
939.37573	43.118092
939.42657	40.224758
939.47742	41.364517
939.52826	43.676502
939.5791	40.726467
939.62994	39.186947
939.68079	43.900463
939.73163	42.328609
939.78241	41.96154
939.83325	38.89732
939.88409	37.541073
939.93494	40.992123
939.98578	41.183842
940.03662	38.056709
940.08746	42.073387
940.13824	40.830704
940.18909	42.242138
940.23993	44.088917
940.29077	43.292873
940.34161	41.758026
940.39246	38.286167
940.4433	45.298347
940.49408	40.777721
940.54492	36.107555
940.59576	40.739323
940.64661	39.979397
940.69745	44.974068
940.74829	37.998802
940.79913	38.103031
940.84991	41.716137
940.90076	42.687187
940.9516	42.299503
941.00244	39.709538
941.05328	38.337177
941.10413	40.222164
941.15497	41.07238
941.20575	41.45792
941.25659	43.267723
941.30743	41.292942
941.35828	42.245872
941.40912	41.199814
941.45996	39.041901
941.5108	39.098709
941.56158	43.700352
941.61243	40.761604
941.66327	44.111176
941.71411	41.067665
941.76495	42.473988
941.8158	41.972588
941.86664	41.155418
941.91742	43.832867
941.96826	39.947567
942.0191	42.247204
942.06995	42.17548
942.12079	40.579582
942.17163	42.082874
942.22247	43.030487
942.27325	40.900295
942.3241	40.439152
942.37494	41.853558
942.42578	43.406181
942.47662	43.425373
942.52747	40.731117
942.57831	40.084023
942.62909	41.341599
942.67993	42.62859
942.73077	44
942.78162	46.278992
942.83246	47.31736
942.8833	43.137314
942.93414	44.127365
942.98492	43.922863
943.03577	39.485107
943.08661	39.176037
943.13745	43.411945
943.18829	44.161842
943.23914	41.061455
943.28998	41.336224
943.34076	45.562244
943.3916	41.472355
943.44244	40.736473
943.49329	40.062088
943.54413	41.425491
943.59497	42.63446
943.64581	42.135956
943.69659	42
943.74744	42.702694
943.79828	41.065594
943.84912	39.037422
943.89996	40.621914
943.95081	40.984768
944.00165	39.136562
944.05249	43.555187
944.10327	42.855236
944.15411	34.045528
944.20496	41.90728
944.2558	38.810146
944.30664	37.099724
944.35748	42.81543
944.40833	42.861053
944.45911	43.695705
944.50995	41.532703
944.56079	38.088341
944.61163	39.186222
944.66248	40.720177
944.71332	40.106865
944.76416	40.670139
944.81494	40.294022
944.86578	41.946587
944.91663	38.191444
944.96747	40.826653
945.01831	44.165981
945.06915	42.088734
945.12	43.199989
945.17078	43.294598
945.22162	41.540775
945.27246	41.970997
945.3233	41.536945
945.37415	35.906532
945.42499	41.996948
945.47583	44.894753
945.52661	42.092827
945.57745	40.063435
945.6283	38.887596
945.67914	39.330441
945.72998	41.073845
945.78082	41.512714
945.83167	41.612095
945.88245	41.583939
945.93329	40.346409
945.98413	43.294727
946.03497	44.308094
946.08582	44.337643
946.13666	41.69236
946.1875	40.000793
946.23828	42.05233
946.28912	42.311806
946.33997	40.733562
946.39081	41.719269
946.44165	42.305248
946.49249	39.438587
946.54333	41.152138
946.59412	40.136848
946.64496	42.236858
946.6958	43.81543
946.74664	44.66119
946.79749	40.625359
946.84833	41.096317
946.89917	42.574562
946.94995	43.589741
947.00079	41.594547
947.05164	42.459682
947.10248	41.178391
947.15332	44.304413
947.20416	42.295509
947.255	40.247498
947.30579	44.232662
947.35663	40.343159
947.40747	44.527279
947.45831	39.284313
947.50916	43.513733
947.56	43.037533
947.61084	41.851688
947.66162	42.982071
947.71246	42.81559
947.76331	39.786236
947.81415	37.911194
947.86499	41.136642
947.91583	43.817158
947.96667	41.061382
948.01752	41.180161
948.0683	35.472401
948.11914	41.099239
948.16998	41.155663
948.22083	37.88065
948.27167	42.011692
948.32251	39.425407
948.37335	44.826138
948.42413	40.641472
948.47498	40.186577
948.52582	40.81543
948.57666	41.334949
948.6275	41.989727
948.67834	39.81543
948.72919	40.178127
948.77997	40.297314
948.83081	40.838238
948.88165	43.470074
948.9325	39.159576
948.98334	38.997684
949.03418	41.893906
949.08502	40.167023
949.1358	41.464806
949.18665	41.363243
949.23749	42.822376
949.28833	41.61795
949.33917	41.860523
949.39001	44.909073
949.44086	43.85783
949.49164	42.914906
949.54248	41.889988
949.59332	41.465187
949.64417	42.401386
949.69501	44.018291
949.74585	42.347809
949.79669	40.81543
949.84747	38.868202
949.89832	39.809082
949.94916	38.775352
950	39.20813
