700	51.000526
700.05084	59.237808
700.10168	55.156696
700.15253	60.288689
700.20331	54
700.25415	54.067745
700.30499	55.198997
700.35583	58.802879
700.40668	52.984043
700.45752	52.000874
700.50836	52.982166
700.55914	56.861088
700.60999	48.816547
700.66083	58.605301
700.71167	59.371094
700.76251	52.762836
700.81335	52
700.8642	52.320148
700.91498	56.600208
700.96582	54.055378
701.01666	54.693817
701.0675	55.295071
701.11835	58.195263
701.16919	55.954617
701.22003	52.766647
701.27081	52
701.32166	52.97438
701.3725	51.032349
701.42334	53.635525
701.47418	61.065945
701.52502	55.878628
701.57587	51.138721
701.62665	52.218575
701.67749	51.222824
701.72833	49.638065
701.77917	49.929695
701.83002	51.253483
701.88086	55.673672
701.9317	58.680569
701.98248	57.389057
702.03333	55.721027
702.08417	55.169674
702.13501	55.648354
702.18585	55.732952
702.23669	52.924763
702.28754	52.35268
702.33838	57.747864
702.38916	59.132496
702.44	58.350674
702.49084	56.574627
702.54169	55.883999
702.59253	54.425781
702.64337	56.452515
702.69421	56.284222
702.745	60.720699
702.79584	63.224232
702.84668	61.511929
702.89752	53.904434
702.94836	61.716972
702.99921	59.897594
703.05005	57.60067
703.10083	58.673904
703.15167	55.727451
703.20251	51.01112
703.25336	57.268898
703.3042	55.906109
703.35504	54.600719
703.40588	59.94994
703.45667	58.003017
703.50751	58.367783
703.55835	50.20512
703.60919	50.355743
703.66003	58.497231
703.71088	61.777802
703.76172	52.337002
703.8125	57.616695
703.86334	58.37109
703.91418	59.771332
703.96503	56.938225
704.01587	56.891205
704.06671	55.680397
704.11755	59.047165
704.16833	56.401009
704.21918	54.609589
704.27002	54.094666
704.32086	58.643616
704.3717	61.53133
704.42255	55.999577
704.47339	55.156895
704.52417	53.594845
704.57501	57.304287
704.62585	63.384686
704.6767	61.687119
704.72754	59.371094
704.77838	54.720318
704.82922	56.455608
704.88	61.468491
704.93085	60.574417
704.98169	57.641853
705.03253	59.187325
705.08337	61.999996
705.13422	60.302879
705.18506	56.84938
705.23584	55.870037
705.28668	52.807152
705.33752	52.389561
705.38837	57.907795
705.43921	55.481861
705.49005	59.193325
705.54089	59.341568
705.59167	55.895828
705.64252	56.694393
705.69336	57.44936
705.7442	60.553982
705.79504	59.532864
705.84589	59.606636
705.89673	57.469131
705.94751	54.162251
705.99835	55.230515
706.04919	61.228348
706.10004	53.641838
706.15088	57.922062
706.20172	62.855125
706.25256	59.215988
706.30341	57.746723
706.35419	55.66362
706.40503	59.583893
706.45587	67.312798
706.50671	54.032227
706.55756	54.94014
706.6084	51.383278
706.65924	67.131325
706.71002	54.77026
706.76086	56.278217
706.81171	52.2766
706.86255	62.130039
706.91339	55.189293
706.96423	57.598808
707.01508	62.368561
707.06586	57.852123
707.1167	57
707.16754	59.47599
707.21838	57.871647
707.26923	53.901043
707.32007	57.179409
707.37091	59.895885
707.42169	60.371094
707.47253	58.909229
707.52338	60.251282
707.57422	62.398922
707.62506	60.51881
707.6759	65.135178
707.72675	58.458096
707.77753	55.680996
707.82837	55.367985
707.87921	56.791351
707.93005	59.920383
707.9809	59.279213
708.03174	59.880611
708.08258	60.085651
708.13336	62.158379
708.1842	62.957344
708.23505	56.545631
708.28589	55.354374
708.33673	57.146152
708.38757	48.284058
708.43842	48.36824
708.4892	58.122307
708.54004	56.771626
708.59088	58.769135
708.64172	60.026661
708.69257	58.594048
708.74341	58.322445
708.79425	55.827702
708.84503	52.949741
708.89587	55.023983
708.94672	60.437897
708.99756	57.200142
709.0484	60.806606
709.09924	56.085289
709.15009	55.728813
709.20087	54.290371
709.25171	57.816189
709.30255	57.168076
709.35339	59.066395
709.40424	63.821217
709.45508	56.447208
709.50592	57.212646
709.5567	59.634132
709.60754	65.802979
709.65839	62.948956
709.70923	56.176262
709.76007	52.288383
709.81091	61.999996
709.86176	61.999996
709.91254	57.085899
709.96338	65.703789
710.01422	59.686096
710.06506	55.623882
710.11591	59.97644
710.16675	53.689877
710.21759	56.002914
710.26837	63.379787
710.31921	58.347595
710.37006	60.436672
710.4209	56.327923
710.47174	54.55661
710.52258	63.967419
710.57343	60.097515
710.62427	57.602631
710.67505	55.110229
710.72589	54.835335
710.77673	58.884914
710.82758	61.786884
710.87842	63.757053
710.92926	60.305435
710.9801	56.799866
711.03088	56.240219
711.08173	58.665791
711.13257	60.617039
711.18341	59.193939
711.23425	58.217743
711.2851	59.874035
711.33594	64.545326
711.38672	63.921932
711.43756	59.946381
711.4884	61.558174
711.53925	60.708824
711.59009	55.748417
711.64093	56.969997
711.69177	58.399445
711.74255	58.340977
711.7934	62.21365
711.84424	62.152405
711.89508	60.226013
711.94592	58.118053
711.99677	59.33672
712.04761	64.013802
712.09839	59.574078
712.14923	60.534687
712.20007	59.66877
712.25092	63.853554
712.30176	59.097946
712.3526	56.819199
712.40344	64.758278
712.45422	64.084297
712.50507	64.292297
712.55591	62.69521
712.60675	56.392132
712.65759	53.739193
712.70844	61.912254
712.75928	60.607475
712.81006	66.360611
712.8609	53.190624
712.91174	62.94109
712.96259	62.134071
713.01343	59.600983
713.06427	62.365849
713.11511	50.239487
713.16589	57.046577
713.21674	59.386318
713.26758	62.343204
713.31842	57.129238
713.36926	56.039768
713.4201	57.891235
713.47095	59.862099
713.52173	66.415359
713.57257	53.806015
713.62341	62.13187
713.67426	63.047215
713.7251	59.567177
713.77594	59
713.82678	61.487209
713.87756	57.927498
713.92841	62.096443
713.97925	65.72718
714.03009	61.460289
714.08093	58.487549
714.13177	59.483315
714.18262	57.361462
714.2334	63.231888
714.28424	64.604095
714.33508	61.520065
714.38593	66.142235
714.43677	66.625801
714.48761	63.452065
714.53845	67.997078
714.58929	64.044609
714.64008	63.542904
714.69092	62.085514
714.74176	57.299496
714.7926	58.966274
714.84344	60.094646
714.89429	58.670258
714.94513	60.730648
714.99591	61.203056
715.04675	58.231533
715.0976	58.864155
715.14844	59.359718
715.19928	58.960861
715.25012	61.580681
715.30096	59.508461
715.35175	57.985397
715.40259	62.141109
715.45343	63.8368
715.50427	63.204376
715.55511	60.406689
715.60596	63.346855
715.6568	60.393681
715.70758	66.34079
715.75842	62.827511
715.80927	62.76897
715.86011	60.127827
715.91095	63.471272
715.96179	65.884468
716.01263	62.208782
716.06342	63.072422
716.11426	62.401154
716.1651	58.33242
716.21594	60.667164
716.26678	63.62867
716.31763	59.794334
716.36847	65.371094
716.41925	65.084137
716.47009	62.669228
716.52094	65.797241
716.57178	62.754292
716.62262	58.55455
716.67346	62.924717
716.7243	59.980976
716.77509	58.376038
716.82593	65.257034
716.87677	65.980606
716.92761	57.753185
716.97845	64.551445
717.0293	65.343872
717.08014	62.631657
717.13092	66.531006
717.18176	60.803875
717.2326	58.256481
717.28345	64.31955
717.33429	70.433723
717.38513	61.940041
717.43597	62.750088
717.48676	55.860771
717.5376	61.877987
717.58844	61.679558
717.63928	60.240189
717.69012	60.276989
717.74097	58.635117
717.79181	61.140297
717.84259	59.997211
717.89343	59.000004
717.94427	57.645927
717.99512	64.537331
718.04596	64.884987
718.0968	64.906944
718.14764	67.243019
718.19843	61.541218
718.24927	66.285004
718.30011	64.828857
718.35095	56.895859
718.40179	59.975857
718.45264	66.15789
718.50348	67.144096
718.55426	63.623859
718.6051	65.667595
718.65594	71.825142
718.70679	69.430618
718.75763	66.370087
718.80847	67.113411
718.85931	66.159531
718.91016	63.304714
718.96094	62.766315
719.01178	65.118866
719.06262	62.764938
719.11346	65.790047
719.16431	60.342823
719.21515	59.050663
719.26599	64.970963
719.31677	61.386169
719.36761	58.825939
719.41846	60.20171
719.4693	69.498695
719.52014	65.783714
719.57098	67.47982
719.62183	67.640938
719.67261	62.786892
719.72345	60.476444
719.77429	55.673702
719.82513	61.479092
719.87598	63.583202
719.92682	71.565239
719.97766	68.654251
720.02844	66.134857
720.07928	63.952232
720.13013	60.918987
720.18097	65.718864
720.23181	58.669079
720.28265	68.30101
720.3335	66.976257
720.38428	66.473076
720.43512	70.281944
720.48596	63.007828
720.5368	75.8088
720.58765	67.252975
720.63849	60.646255
720.68933	60.371094
720.74011	65.029533
720.79095	65.948608
720.8418	62.380455
720.89264	65.00528
720.94348	60.649227
720.99432	64.329338
721.04517	64.463875
721.09595	73.289452
721.14679	66.743347
721.19763	66.113693
721.24847	61.275421
721.29932	74.159653
721.35016	67.461502
721.401	64.848969
721.45178	65
721.50262	64.26577
721.55347	62.105011
721.60431	61.815998
721.65515	64.3424
721.70599	62.643856
721.75684	62.707909
721.80762	61.818012
721.85846	59.715267
721.9093	62.77634
721.96014	64.38401
722.01099	68.826424
722.06183	67.496109
722.11267	66.102005
722.16345	66.242615
722.21429	70.12867
722.26514	70.968323
722.31598	68.701736
722.36682	69.190125
722.41766	65.189514
722.46851	61.180618
722.51929	63.564636
722.57013	64.787811
722.62097	65.609596
722.67181	67.06665
722.72266	61.837795
722.7735	60.01601
722.82434	65.164024
722.87512	66.754616
722.92596	67.000244
722.97681	67.311905
723.02765	69.34523
723.07849	68.671104
723.12933	66.118607
723.18018	67.903976
723.23102	73.429077
723.2818	74.15715
723.33264	66.223686
723.38348	73.74472
723.43433	71.874939
723.48517	68.601639
723.53601	69.50782
723.58685	68.360558
723.63763	63.79697
723.68848	69.868271
723.73932	62.164516
723.79016	59.231026
723.841	65.858353
723.89185	64.401649
723.94269	61.647095
723.99347	70.437172
724.04431	63.160038
724.09515	71.341476
724.146	74.687729
724.19684	64.785614
724.24768	60.813717
724.29852	56.315067
724.3493	54.670959
724.40015	73.327209
724.45099	61.124638
724.50183	69.186127
724.55267	64.184372
724.60352	63.400375
724.65436	69.011673
724.70514	74.937866
724.75598	72.284637
724.80682	68.721886
724.85767	71.044403
724.90851	74.007713
724.95935	70.58741
725.01019	65.197273
725.06097	67.735069
725.11182	72.207367
725.16266	64.834663
725.2135	67.319984
725.26434	70.747307
725.31519	72.150932
725.36603	69.304291
725.41681	66.582832
725.46765	66.741966
725.51849	69.189201
725.56934	68.113754
725.62018	76.277901
725.67102	71.940697
725.72186	65.39521
725.77264	74.276802
725.82349	70.594994
725.87433	69.864708
725.92517	67.57679
725.97601	68.328232
726.02686	73.790237
726.0777	71.833633
726.12848	72.497787
726.17932	69.504456
726.23016	67.046608
726.28101	69.463638
726.33185	72.509804
726.38269	74.700012
726.43353	68.549568
726.48431	64.863777
726.53516	71.261543
726.586	72.350716
726.63684	68.709541
726.68768	71.351547
726.73853	69.03186
726.78937	64.623596
726.84015	65.012589
726.89099	60.829472
726.94183	63.389648
726.99268	62.490334
727.04352	65.484299
727.09436	75.131416
727.1452	72.293892
727.19604	67.689812
727.24683	71.842285
727.29767	72.855164
727.34851	66.234955
727.39935	63.97361
727.4502	69.270035
727.50104	70.613327
727.55188	70.80101
727.60266	68.344856
727.6535	75.63649
727.70435	73.449089
727.75519	70.073822
727.80603	71.121727
727.85687	74.130569
727.90771	72.407082
727.9585	69.066788
728.00934	67.65094
728.06018	69.707176
728.11102	72.159935
728.16187	73.018684
728.21271	70.746971
728.26355	77.350105
728.31433	70.446587
728.36517	76.176025
728.41602	72.925575
728.46686	71.578636
728.5177	77.214386
728.56854	70.359772
728.61938	69.371964
728.67017	79.872734
728.72101	78.048378
728.77185	70.282211
728.82269	70.952545
728.87354	71.349358
728.92438	73.231827
728.97522	75.207527
729.026	72.64991
729.07684	72.038986
729.12769	69.676682
729.17853	65.88443
729.22937	67.092003
729.28021	65.357094
729.33105	70.024078
729.38184	63.871704
729.43268	72.954018
729.48352	71.862015
729.53436	72.085541
729.58521	71.591339
729.63605	64.4552
729.68689	73.450661
729.73767	72.804031
729.78851	74.034981
729.83936	73.099266
729.8902	75.930885
729.94104	66.610283
729.99188	73.018471
730.04272	77.573853
730.09351	76.704552
730.14435	75.716393
730.19519	73.845917
730.24603	70.705879
730.29688	69.371094
730.34772	73.031479
730.39856	73.354179
730.44934	71.630981
730.50018	72.522499
730.55103	73.371094
730.60187	73.719246
730.65271	72.372406
730.70355	68.876625
730.75439	66.154228
730.80518	70.264229
730.85602	75.497116
730.90686	73.083664
730.9577	75.401253
731.00854	75.803802
731.05939	71.182625
731.11023	73.371094
731.16101	73.371094
731.21185	71.692253
731.2627	73.305977
731.31354	78.602402
731.36438	81.092308
731.41522	81.258095
731.46606	72.64225
731.51691	72.077827
731.56769	75.640221
731.61853	77.14167
731.66937	70.730705
731.72021	72.966003
731.77106	80.70192
731.8219	78.277878
731.87274	72.446632
731.92352	69.862221
731.97437	75.269241
732.02521	79.971161
732.07605	80.533539
732.12689	72.078453
732.17773	72.458748
732.22858	77.01638
732.27936	73.148682
732.3302	74.263786
732.38104	83.330826
732.43188	75.222878
732.48273	70.631935
732.53357	74.731796
732.58441	72.762817
732.63519	69.329346
732.68604	58.113094
732.73688	78.552498
732.78772	82.331093
732.83856	75.691582
732.8894	78.515884
732.94025	77.123627
732.99103	78.066986
733.04187	76.015938
733.09271	71.538734
733.14355	74.965836
733.1944	67.389359
733.24524	76.1203
733.29608	81.619225
733.34686	82.544212
733.39771	64.81559
733.44855	75.822205
733.49939	72.573647
733.55023	71.909195
733.60107	69.550201
733.65192	72.780746
733.7027	75.692207
733.75354	71.977562
733.80438	75.379631
733.85522	79.965523
733.90607	72.724228
733.95691	72.907921
734.00775	80.525101
734.05853	87.049957
734.10938	82.446159
734.16022	74.997513
734.21106	78.309471
734.2619	81.855049
734.31274	77.888107
734.36359	72.666878
734.41437	83.013893
734.46521	74.768066
734.51605	71.241051
734.56689	78.822861
734.61774	79.81472
734.66858	77.436325
734.71942	83.701027
734.7702	81.461983
734.82104	80.612007
734.87189	75.506767
734.92273	77.680313
734.97357	77.215889
735.02441	78.405144
735.07526	76.827003
735.12604	79.022141
735.17688	73.952141
735.22772	74.726013
735.27856	75.924171
735.32941	76.688484
735.38025	76.974876
735.43109	76.517006
735.48193	80.92453
735.53271	83.387772
735.58356	80.976997
735.6344	79.650146
735.68524	80.536713
735.73608	78.745056
735.78693	77.812149
735.83777	83.926308
735.88855	86.130363
735.93939	79.93602
735.99023	74.025665
736.04108	74.101128
736.09192	77.974571
736.14276	78.702942
736.1936	76.596405
736.24438	77.817055
736.29523	79.217117
736.34607	80.375809
736.39691	81.264282
736.44775	75.245735
736.4986	75.650856
736.54944	79.013062
736.60022	77.687363
736.65106	79.146255
736.7019	80.03273
736.75275	74.459579
736.80359	73.398346
736.85443	73.952705
736.90527	72.697113
736.95605	76.546318
737.0069	79.66864
737.05774	82.295906
737.10858	77.871109
737.15942	72.763672
737.21027	80.807411
737.26111	84.361305
737.31189	80.402672
737.36273	84.025932
737.41357	86.271576
737.46442	82.441864
737.51526	77.707092
737.5661	79.671669
737.61694	88.402641
737.66772	80.049576
737.71857	82.587532
737.76941	77.950798
737.82025	74.716675
737.87109	78.224861
737.92194	83.954353
737.97278	80.522804
738.02356	85.370781
738.0744	89.379524
738.12524	78.127953
738.17609	81.395775
738.22693	86.126724
738.27777	78.061211
738.32861	82.80275
738.37939	78.540405
738.43024	83.62188
738.48108	82.265739
738.53192	96.979782
738.58276	78.472374
738.63361	84.584961
738.68445	82.388206
738.73523	80.092255
738.78607	81.688438
738.83691	83.580276
738.88776	88.080399
738.9386	73.837654
738.98944	81.902702
739.04028	78.594635
739.09106	83.46888
739.14191	83.813019
739.19275	81.420639
739.24359	80.657158
739.29443	87.152275
739.34528	87.791145
739.39612	87.36409
739.4469	79.978767
739.49774	81.462936
739.54858	82.033508
739.59943	78.846336
739.65027	82.7603
739.70111	80.208984
739.75195	81.665352
739.8028	80.203178
739.85358	79.231476
739.90442	82.840538
739.95526	81.33918
740.0061	81.942787
740.05695	85.636383
740.10779	86.212738
740.15863	85.675781
740.20941	88.972519
740.26025	84.034286
740.3111	81.333199
740.36194	80.426132
740.41278	86.745102
740.46362	90.672882
740.51447	84.800659
740.56525	83.979599
740.61609	89.368835
740.66693	87.618866
740.71777	84.185097
740.76862	84.082283
740.81946	84.426636
740.8703	87.997932
740.92108	89.797012
740.97192	88.742096
741.02277	88.861198
741.07361	85.223984
741.12445	83.62851
741.17529	88.126541
741.22614	85.841606
741.27692	85.011345
741.32776	87.24855
741.3786	86.487076
741.42944	87.654724
741.48029	84.637299
741.53113	83.269234
741.58197	89.604378
741.63275	90.553986
741.68359	86.240379
741.73444	89.914444
741.78528	87.690338
741.83612	87.106705
741.88696	84.410294
741.93781	87.220276
741.98859	79.290367
742.03943	86.550186
742.09027	90.126862
742.14111	89.076767
742.19196	88.809219
742.2428	86.361
742.29364	87.266418
742.34442	84.73922
742.39526	95.640724
742.44611	94.128357
742.49695	85.046494
742.54779	90.232819
742.59863	88.312912
742.64948	90.866257
742.70026	90.371613
742.7511	85.646667
742.80194	85.771942
742.85278	86.074348
742.90363	83.756279
742.95447	90.390961
743.00531	83.656578
743.05609	91.902359
743.10693	96.937042
743.15778	87.929413
743.20862	87.080864
743.25946	86.329735
743.3103	89.723946
743.36115	91.129044
743.41193	95.250839
743.46277	87.08712
743.51361	88.4216
743.56445	90.49057
743.6153	91.641891
743.66614	88.505638
743.71698	85.078583
743.76782	87.495857
743.8186	90.529686
743.86945	93.878586
743.92029	95.117462
743.97113	93.038605
744.02197	93.469391
744.07281	97.965096
744.12366	90.877823
744.17444	94.752342
744.22528	93.26516
744.27612	91.850204
744.32697	92.853371
744.37781	90.971909
744.42865	87.216019
744.47949	87.648239
744.53027	90.102837
744.58112	97.354576
744.63196	97.472931
744.6828	95.390213
744.73364	103.08767
744.78448	95.527664
744.83533	91.588829
744.88611	94.394318
744.93695	93.482109
744.98779	96.083549
745.03864	99.509033
745.08948	92.381058
745.14032	91.706535
745.19116	92.684532
745.24194	94.825066
745.29279	97.418953
745.34363	97.277061
745.39447	94.202782
745.44531	94.629044
745.49615	91.829338
745.547	98.932953
745.59778	98.948288
745.64862	96.107101
745.69946	102.62552
745.75031	102.62369
745.80115	93.82766
745.85199	101.88189
745.90283	94.647316
745.95361	103.22156
746.00446	96.820992
746.0553	98.051659
746.10614	102.86543
746.15698	92.76693
746.20782	90.003929
746.25867	96.433807
746.30945	94.034912
746.36029	104.23374
746.41113	96.814285
746.46198	94.881577
746.51282	99.182678
746.56366	99.607788
746.6145	100.17065
746.66528	103.56953
746.71613	105.48489
746.76697	97.111496
746.81781	95.516769
746.86865	100.53606
746.91949	102.74553
746.97034	102.27919
747.02112	104.85973
747.07196	102.19806
747.1228	101.25282
747.17365	107.31685
747.22449	100.541
747.27533	103.38155
747.32617	97.653168
747.37695	109.49621
747.4278	104.90911
747.47864	101.55679
747.52948	93.899673
747.58032	100.09062
747.63116	99.404732
747.68201	94.711853
747.73279	106.02934
747.78363	97.587799
747.83447	102.64946
747.88531	104.11028
747.93616	101.91673
747.987	102.77328
748.03784	102.42215
748.08868	104.27428
748.13947	104.38569
748.19031	103.46629
748.24115	104.39771
748.29199	103.45081
748.34283	106.0769
748.39368	102.93569
748.44452	102.23137
748.4953	100.07961
748.54614	100.17176
748.59698	106.0638
748.64783	102.97086
748.69867	94.737038
748.74951	97.482162
748.80035	106.09476
748.85114	107.81586
748.90198	102.63915
748.95282	105.98193
749.00366	108.99865
749.0545	101.13729
749.10535	105.54358
749.15619	101.09798
749.20697	104.41704
749.25781	106.54665
749.30865	107.22738
749.3595	109.65991
749.41034	100.72439
749.46118	106.94172
749.51202	104.54819
749.56281	109.83657
749.61365	103.15362
749.66449	100.92865
749.71533	103.78728
749.76617	107.33101
749.81702	108.61334
749.86786	113.76318
749.91864	115.49952
749.96948	111.17707
750.02032	113.13758
750.07117	110.1142
750.12201	105.97023
750.17285	103.4455
750.22369	110.80801
750.27448	109.56276
750.32532	114.10054
750.37616	112.37687
750.427	112.08112
750.47784	119.35426
750.52869	108.14656
750.57953	109.16119
750.63031	108.49829
750.68115	106.54948
750.73199	108.39458
750.78284	109.65586
750.83368	108.58181
750.88452	108.06528
750.93536	110.18578
750.98615	103.4426
751.03699	117.04129
751.08783	103.84342
751.13867	115.00744
751.18951	105.08466
751.24036	108.50697
751.2912	122.99193
751.34198	115.06747
751.39282	111.28177
751.44366	115.76357
751.49451	112.30785
751.54535	103.92503
751.59619	105.19347
751.64703	118.04006
751.69781	103.4476
751.74866	112.63771
751.7995	107.39318
751.85034	110.39648
751.90118	123.72153
751.95203	121.26081
752.00287	125.29142
752.05365	114.79496
752.10449	112.86036
752.15533	112.54256
752.20618	122.34612
752.25702	124.11999
752.30786	110.5915
752.3587	116.66135
752.40955	118.40929
752.46033	112.5073
752.51117	120.35323
752.56201	126.35529
752.61285	110.55814
752.6637	113.8214
752.71454	118.13155
752.76538	119.62629
752.81616	123.45455
752.867	121.08214
752.91785	115.40897
752.96869	123.54744
753.01953	116.94936
753.07037	122.29848
753.12122	124.12923
753.172	118.81262
753.22284	118.24288
753.27368	114.97247
753.32452	118.62048
753.37537	124.52433
753.42621	118.88466
753.47705	119.60648
753.52783	127.31628
753.57867	125.29893
753.62952	121.92077
753.68036	124.18963
753.7312	120.86687
753.78204	119.01923
753.83289	123.19354
753.88367	127.06311
753.93451	126.31702
753.98535	128.48035
754.03619	133.86646
754.08704	130.16908
754.13788	130.36113
754.18872	121.41102
754.2395	124.81045
754.29034	128.70897
754.34119	121.99737
754.39203	124.9078
754.44287	126.44318
754.49371	128.62599
754.54456	124.79645
754.59534	125.64151
754.64618	125.24275
754.69702	131.00807
754.74786	132.58702
754.79871	123.81432
754.84955	133.09354
754.90039	128.37166
754.95117	130.68045
755.00201	134.07066
755.05286	131.45926
755.1037	124.75187
755.15454	119.95139
755.20538	123.94717
755.25623	124.1224
755.30701	119.40775
755.35785	129.75949
755.40869	119.3554
755.45953	128.11478
755.51038	124.45654
755.56122	131.11067
755.61206	134.97168
755.66284	132.41106
755.71368	133.69716
755.76453	120.44927
755.81537	124.78771
755.86621	129.04581
755.91705	136.1465
755.9679	137.96236
756.01868	137.39328
756.06952	136.10121
756.12036	118.35345
756.1712	142.78766
756.22205	120.86995
756.27289	146.21486
756.32373	123.43851
756.37457	134.88602
756.42535	133.44539
756.4762	141.1888
756.52704	134.67599
756.57788	120.67722
756.62872	131.33118
756.67957	128.65096
756.73041	130.80792
756.78119	136.88327
756.83203	130.15855
756.88287	142.89156
756.93372	144.0459
756.98456	140.48033
757.0354	136.00703
757.08624	122.12175
757.13702	139.11299
757.18787	119.28318
757.23871	128.70848
757.28955	146.75491
757.34039	134.82671
757.39124	131.41602
757.44208	141.45949
757.49286	144
757.5437	137.30046
757.59454	131.55717
757.64539	125.83763
757.69623	136.47144
757.74707	129.99347
757.79791	138.61792
757.84869	146.63531
757.89954	140.40594
757.95038	151.99904
758.00122	139.10641
758.05206	127.14114
758.10291	137.01608
758.15375	136.07288
758.20453	140.31447
758.25537	142.68907
758.30621	146.14702
758.35706	140.12654
758.4079	141.44385
758.45874	143.75951
758.50958	148.14676
758.56036	139.71126
758.61121	135.812
758.66205	145.19768
758.71289	144.80942
758.76373	143.50842
758.81458	141.82738
758.86542	134.27347
758.9162	137.23553
758.96704	146.95435
759.01788	144.42815
759.06873	137.96838
759.11957	135.18253
759.17041	139.18954
759.22125	146.67284
759.27203	144.56802
759.32288	145.13899
759.37372	145.58722
759.42456	141.36467
759.4754	145.68031
759.52625	147.4278
759.57709	145.84599
759.62787	145.39822
759.67871	141.69623
759.72955	141.07506
759.7804	141.44354
759.83124	137.16075
759.88208	142.78947
759.93292	146.93257
759.9837	143.62715
760.03455	143.29433
760.08539	147.31151
760.13623	149.53366
760.18707	139.2467
760.23792	149.81358
760.28876	148.66492
760.33954	147.12605
760.39038	143.17342
760.44122	136.14154
760.49207	144.39255
760.54291	144.3385
760.59375	140.00418
760.64459	141.29778
760.69543	151.37738
760.74622	137.63446
760.79706	149.64333
760.8479	148.65967
760.89874	143.89191
760.94958	149.53419
761.00043	151.36238
761.05127	154.58012
761.10205	145.5015
761.15289	152.68484
761.20374	153.90587
761.25458	152.18808
761.30542	145.27107
761.35626	145.04529
761.4071	151.70326
761.45789	167.62914
761.50873	151.04417
761.55957	155.41454
761.61041	148.64334
761.66125	134.78442
761.7121	162.13565
761.76294	147.05394
761.81372	142.86253
761.86456	150.23564
761.91541	163.21136
761.96625	147.37598
762.01709	146.85712
762.06793	159.58154
762.11877	142.63686
762.16956	156.08633
762.2204	167.41589
762.27124	164.43919
762.32208	153.18465
762.37292	150.47729
762.42377	169.76823
762.47461	173.29617
762.52539	162.54192
762.57623	157.28058
762.62708	154.58063
762.67792	156.27356
762.72876	149.584
762.7796	148.08736
762.83044	156.52167
762.88123	170.5051
762.93207	161.33301
762.98291	157.72284
763.03375	153.04732
763.08459	169.74039
763.13544	164.33052
763.18628	152.79805
763.23706	165.67235
763.2879	168.06866
763.33875	160.89745
763.38959	173.35429
763.44043	162.28448
763.49127	146.14137
763.54211	162.90356
763.5929	160.44188
763.64374	145.59346
763.69458	155.92442
763.74542	156.93578
763.79626	154.48293
763.84711	152.81041
763.89795	158.36397
763.94873	155.69963
763.99957	156.83923
764.05042	155.00433
764.10126	154.65393
764.1521	157.62149
764.20294	152.51428
764.25378	159.41351
764.30457	168.53799
764.35541	166.11734
764.40625	170.02679
764.45709	166.20491
764.50793	171.10245
764.55878	166.97375
764.60962	168.99812
764.66046	171.68944
764.71124	164.12415
764.76208	165.00345
764.81293	162.49719
764.86377	170.09383
764.91461	171.75957
764.96545	164.0081
765.0163	164.28998
765.06708	163.23476
765.11792	166.56255
765.16876	165.36307
765.2196	174.56158
765.27045	175.0874
765.32129	165.79384
765.37213	158.92778
765.42291	163.6364
765.47375	170.20761
765.5246	169.99474
765.57544	169.64407
765.62628	165.34506
765.67712	167.47008
765.72797	172.10236
765.77875	166.00238
765.82959	168.59911
765.88043	169.56679
765.93127	156.9222
765.98212	161.33383
766.03296	174.67728
766.0838	177.98682
766.13458	177.30649
766.18542	174.33127
766.23627	172.82022
766.28711	170.07883
766.33795	171.39188
766.38879	170.59848
766.43964	169.28596
766.49042	165.57372
766.54126	174.19562
766.5921	171.03537
766.64294	167.7357
766.69379	167.0408
766.74463	172.86038
766.79547	170.56554
766.84625	173.35989
766.89709	166.35518
766.94794	169.39368
766.99878	172.11906
767.04962	167.11382
767.10046	165.39885
767.15131	175.88907
767.20209	179.7308
767.25293	178.73947
767.30377	183.11267
767.35461	168.12521
767.40546	158.04544
767.4563	177.63637
767.50714	177.58261
767.55792	161.03952
767.60876	171.05881
767.65961	171.9166
767.71045	182.79077
767.76129	177.08873
767.81213	175.89195
767.86298	170.44209
767.91376	174.23071
767.9646	183.54454
768.01544	179.29236
768.06628	182.70381
768.11713	177.58804
768.16797	167.77231
768.21881	176.35442
768.26959	166.84235
768.32043	171.15804
768.37128	177.42719
768.42212	168.54102
768.47296	178.45006
768.5238	186.78609
768.57465	166.55441
768.62543	181.94203
768.67627	178.44183
768.72711	177.04112
768.77795	183.00369
768.8288	185.25099
768.87964	171.13309
768.93048	179.55698
768.98132	188.55074
769.0321	174.36684
769.08295	182.82408
769.13379	182.05513
769.18463	185.71912
769.23547	181.42075
769.28632	193.72522
769.33716	183.91202
769.38794	178.65497
769.43878	173.03447
769.48962	179.03171
769.54047	180.07399
769.59131	195.34023
769.64215	181.9389
769.69299	172.19603
769.74377	179.48488
769.79462	194.80368
769.84546	176.32027
769.8963	184.24565
769.94714	185.29297
769.99799	182.67651
770.04883	172.18675
770.09961	176.43619
770.15045	183.31209
770.20129	189.80013
770.25214	193.42563
770.30298	184.63219
770.35382	191.43808
770.40466	185.61584
770.45544	179.95358
770.50629	193.4285
770.55713	182.12871
770.60797	180.3094
770.65881	188.37889
770.70966	183.40399
770.7605	182.6685
770.81128	183.73981
770.86212	188.25563
770.91296	196.26082
770.96381	195.33636
771.01465	184.62357
771.06549	188.65039
771.11633	178.58701
771.16711	171.2058
771.21796	178.14871
771.2688	187.28076
771.31964	186.58931
771.37048	188.94261
771.42133	185.75873
771.47217	198.79733
771.52295	190.4791
771.57379	180.00385
771.62463	191.21371
771.67548	178.44846
771.72632	187.65712
771.77716	191.03232
771.828	189.08102
771.87878	189.99838
771.92963	192.46454
771.98047	185.72195
772.03131	189.84183
772.08215	194.83563
772.133	187.88098
772.18384	194.0137
772.23462	192.93736
772.28546	190.96948
772.3363	185.38559
772.38715	188.58369
772.43799	202.72508
772.48883	203.6376
772.53967	197.67853
772.59045	193.0471
772.6413	193.19467
772.69214	191.05583
772.74298	190.4561
772.79382	197.33952
772.84467	197.59601
772.89551	192.57722
772.94635	192.44406
772.99713	187.0208
773.04797	193.87338
773.09882	205.09132
773.14966	204.22748
773.2005	203.80939
773.25134	200.22765
773.30219	202.21771
773.35297	200.18823
773.40381	192.39856
773.45465	191.28111
773.50549	198.13255
773.55634	195.80722
773.60718	191.01213
773.65802	190.9399
773.7088	195.17917
773.75964	202.02063
773.81049	198.01874
773.86133	197.53407
773.91217	197.48659
773.96301	199.4375
774.01385	194.89278
774.06464	190.13515
774.11548	192.6414
774.16632	193.15863
774.21716	196.6281
774.26801	202.22919
774.31885	202.03163
774.36969	195.75322
774.42047	200.21364
774.47131	207.13548
774.52216	203.59213
774.573	194.36194
774.62384	202.5571
774.67468	204.68123
774.72552	207.52365
774.77631	210.60808
774.82715	204.14702
774.87799	206.07875
774.92883	203.20018
774.97968	205.84923
775.03052	195.10129
775.08136	197.11436
775.13214	199.56993
775.18298	210.12936
775.23383	202.03799
775.28467	199.83475
775.33551	200.6312
775.38635	218.9512
775.43719	210.70079
775.48798	204.17186
775.53882	196.94481
775.58966	200.74982
775.6405	197.2014
775.69135	197.87436
775.74219	202.04701
775.79303	203.43039
775.84381	211.07352
775.89465	196.79285
775.9455	207.16718
775.99634	198.2636
776.04718	210.68512
776.09802	208.74644
776.14886	204.91884
776.19965	215.19904
776.25049	217.57491
776.30133	217.62425
776.35217	203.67986
776.40302	217.7507
776.45386	205.33702
776.5047	204.4007
776.55548	198.3672
776.60632	216.63713
776.65717	214.52657
776.70801	212.5341
776.75885	216.54832
776.80969	214.20461
776.86053	220.65291
776.91132	205.36806
776.96216	216.10783
777.013	218.54579
777.06384	223.1442
777.11469	201.72496
777.16553	210.01994
777.21637	216.9528
777.26721	208.51881
777.31799	211.67882
777.36884	209.25668
777.41968	201.13719
777.47052	208.86351
777.52136	213.28693
777.5722	211.57149
777.62305	213.37187
777.67383	200.43243
777.72467	204.65295
777.77551	213.58217
777.82635	207.72328
777.8772	205.71097
777.92804	229.93585
777.97888	227.65834
778.02966	217.11179
778.08051	210.11241
778.13135	212.91466
778.18219	218.3773
778.23303	219.05833
778.28387	215.57613
778.33472	210.98682
778.3855	221.58406
778.43634	217.47792
778.48718	210.88989
778.53802	216.31429
778.58887	213.8914
778.63971	209.47623
778.69055	219.07947
778.74133	217.75217
778.79218	221.16463
778.84302	216.9558
778.89386	228.60091
778.9447	223.39183
778.99554	204.65688
779.04639	214.14305
779.09717	213.01302
779.14801	220.01285
779.19885	214.29555
779.24969	225.98003
779.30054	228.30963
779.35138	225.17737
779.40222	213.18555
779.453	214.04694
779.50385	221.78154
779.55469	218.97371
779.60553	220.32358
779.65637	219.66563
779.70721	224.41071
779.75806	227.99602
779.80884	214.9366
779.85968	204.97786
779.91052	221.2131
779.96136	216.8351
780.01221	213.01184
780.06305	226.5937
780.11389	232.15587
780.16467	220.60544
780.21552	218.1033
780.26636	213.9556
780.3172	217.70094
780.36804	219.88956
780.41888	225.41545
780.46973	230.09727
780.52051	216.14151
780.57135	211.7744
780.62219	202.70561
780.67303	221.43625
780.72388	232.01183
780.77472	227.57947
780.82556	223.8967
780.87634	228.68521
780.92719	214.33261
780.97803	227.26968
781.02887	222.04631
781.07971	229.44464
781.13055	210.40303
781.1814	218.0155
781.23218	228.62743
781.28302	230.63182
781.33386	230.20453
781.3847	240.70734
781.43555	248.20256
781.48639	229.65276
781.53723	209.75073
781.58807	233.73402
781.63885	242.1422
781.6897	215.31206
781.74054	241.29605
781.79138	229.31804
781.84222	240.31815
781.89307	238.37804
781.94391	241.79662
781.99469	235.93629
782.04553	237.73756
782.09637	235.46623
782.14722	228.703
782.19806	225.79077
782.2489	219.63376
782.29974	239.98569
782.35052	238.50255
782.40137	240.99556
782.45221	234.21059
782.50305	225.35562
782.55389	227.7003
782.60474	223.19908
782.65558	223.73669
782.70636	230.4527
782.7572	220.87413
782.80804	230.85291
782.85889	234.55586
782.90973	228.23618
782.96057	251.52954
783.01141	241.55176
783.06219	224.63708
783.11304	225.226
783.16388	236.8188
783.21472	228.2197
783.26556	237.67769
783.31641	242.69075
783.36725	221.38907
783.41803	224.58032
783.46887	234.94099
783.51971	240.35268
783.57056	239.80479
783.6214	230.74713
783.67224	243.54732
783.72308	222.44205
783.77386	229.55792
783.82471	241.25772
783.87555	251.79391
783.92639	246.69757
783.97723	248.66667
784.02808	247.69603
784.07892	232.97914
784.1297	237.58391
784.18054	241.95197
784.23138	260.12091
784.28223	247.04228
784.33307	264.90164
784.38391	256.71744
784.43475	237.44261
784.48553	247.73962
784.53638	246.06238
784.58722	236.63747
784.63806	241.69797
784.6889	239.07175
784.73975	228.26158
784.79059	257.90036
784.84137	258.83795
784.89221	243.7778
784.94305	247.37238
784.9939	253.87938
785.04474	247.00949
785.09558	248.80402
785.14642	254.83662
785.1972	258.63828
785.24805	250.16238
785.29889	242.16951
785.34973	252.86024
785.40057	257.72937
785.45142	248.47858
785.50226	242.78784
785.5531	241.79417
785.60388	244.48201
785.65472	253.76588
785.70557	256.64795
785.75641	246.14026
785.80725	243.75769
785.85809	251.65608
785.90894	253.63503
785.95972	262.87595
786.01056	280.22443
786.0614	267.7973
786.11224	243.75841
786.16309	237.73
786.21393	241.90469
786.26477	250.07372
786.31555	260.5397
786.36639	264.84735
786.41724	257.90192
786.46808	258.69324
786.51892	262.11417
786.56976	257.69711
786.62061	252.56941
786.67139	253.41241
786.72223	260.47284
786.77307	273.64148
786.82391	265.19617
786.87476	263.72766
786.9256	266.60651
786.97644	266.75177
787.02722	262.18622
787.07806	259.82565
787.12891	258.56427
787.17975	252.35254
787.23059	274.01862
787.28143	279.35281
787.33228	274.56863
787.38306	281.22086
787.4339	272.71228
787.48474	263.79068
787.53558	264.30835
787.58643	268.22641
787.63727	272.66095
787.68811	265.55109
787.73889	258.13361
787.78973	280.24753
787.84058	271.6647
787.89142	264.69104
787.94226	252.56247
787.9931	275.53934
788.04395	262.16376
788.09473	268.7829
788.14557	275.06088
788.19641	278.94821
788.24725	272.76569
788.2981	271.62616
788.34894	253.9205
788.39978	259.13684
788.45056	266.63168
788.5014	289.31485
788.55225	267.91956
788.60309	303.08023
788.65393	291.94638
788.70477	294.78284
788.75562	286.86536
788.8064	277.18195
788.85724	285.33475
788.90808	278.6933
788.95892	264.24142
789.00977	277.97128
789.06061	272.2319
789.11145	304.33658
789.16223	286.62796
789.21307	293.35254
789.26392	285.37494
789.31476	307.1597
789.3656	285.13641
789.41644	282.83505
789.46729	277.66415
789.51807	274.74036
789.56891	306.16785
789.61975	284.89713
789.67059	262.41501
789.72144	276.20169
789.77228	287.13519
789.82312	283.76358
789.87396	281.241
789.92474	302.04117
789.97559	284.53183
790.02643	309.01126
790.07727	274.99774
790.12811	294.26389
790.17896	290.89844
790.2298	286.43204
790.28058	290.94147
790.33142	285.43091
790.38226	299.99741
790.43311	262.203
790.48395	261.01022
790.53479	266.90067
790.58563	305.49948
790.63641	296.27829
790.68726	285.35226
790.7381	300.40518
790.78894	309.61908
790.83978	295.09726
790.89063	294.35449
790.94147	297.78937
790.99225	301.74829
791.04309	289.29858
791.09393	300.38705
791.14478	298.26691
791.19562	287.34109
791.24646	319.11923
791.2973	303.02908
791.34808	327.09512
791.39893	294.52988
791.44977	305.47653
791.50061	286.7002
791.55145	291.91309
791.60229	302.6149
791.65314	319.96786
791.70392	312.53311
791.75476	325.61707
791.8056	310.90643
791.85645	314.79623
791.90729	308.69992
791.95813	309.03296
792.00897	302.3862
792.05975	319.53027
792.1106	286.24011
792.16144	323.15417
792.21228	324.32739
792.26312	302.92593
792.31396	310.4201
792.36481	315.75214
792.41559	320.8428
792.46643	315.67905
792.51727	315.06323
792.56812	325.2157
792.61896	312.48807
792.6698	298.25394
792.72064	280.53738
792.77142	304.40491
792.82227	309.3056
792.87311	321.0386
792.92395	330.57761
792.97479	333.83652
793.02563	298.72977
793.07648	299.43375
793.12726	317.17847
793.1781	321.53363
793.22894	308.18237
793.27979	324.65347
793.33063	313.9726
793.38147	303.18643
793.43231	311.08804
793.48309	308.75137
793.53394	329.4588
793.58478	322.87036
793.63562	302.75934
793.68646	317.94647
793.7373	328.23785
793.78815	318.78607
793.83899	330.54565
793.88977	334.6308
793.94061	337.34488
793.99146	314.29602
794.0423	325.45547
794.09314	336.57098
794.14398	340.07608
794.19482	340.47955
794.24561	327.10309
794.29645	319.59885
794.34729	331.4765
794.39813	327.58249
794.44897	326.2182
794.49982	320.56198
794.55066	326.92941
794.60144	332.9751
794.65228	344.71942
794.70313	342.87112
794.75397	343.35104
794.80481	337.03036
794.85565	319.98282
794.90649	315.90768
794.95728	339.35284
795.00812	338.44797
795.05896	320.26819
795.1098	329.13651
795.16064	321.68848
795.21149	332.31149
795.26233	345.27573
795.31311	317.31464
795.36395	310.13065
795.41479	316.32144
795.46564	327.08182
795.51648	330.3493
795.56732	340.15417
795.61816	353.09555
795.66895	354.91315
795.71979	351.16599
795.77063	332.06131
795.82147	324.97052
795.87231	322.80032
795.92316	341.92865
795.974	358.57388
796.02478	347.13602
796.07562	354.7973
796.12646	361.18619
796.17731	356.39261
796.22815	346.0679
796.27899	336.86371
796.32983	342.66132
796.38062	349.57101
796.43146	347.07761
796.4823	343.01285
796.53314	357.26477
796.58398	354.38925
796.63483	344.70593
796.68567	338.5242
796.73645	356.18027
796.78729	370.41696
796.83813	355.86801
796.88898	362.17899
796.93982	358.10239
796.99066	351.66895
797.0415	354.9353
797.09229	364.56479
797.14313	362.49957
797.19397	361.6749
797.24481	363.8707
797.29565	365.93027
797.3465	375.79477
797.39734	356.80264
797.44812	344.08615
797.49896	343.58389
797.5498	347.83527
797.60065	344.63214
797.65149	361.86349
797.70233	365.83887
797.75317	364.94226
797.80396	354.32437
797.8548	341.12061
797.90564	366.37128
797.95648	373.13815
798.00732	364.3826
798.05817	347.38803
798.10901	362.46625
798.15985	352.72189
798.21063	361.87524
798.26147	364.49387
798.31232	379.85822
798.36316	373.82452
798.414	372.32986
798.46484	360.22711
798.51569	354.38004
798.56647	338.46835
798.61731	350.45316
798.66815	375.36401
798.71899	367.80862
798.76984	361.31873
798.82068	360.47858
798.87152	363.1705
798.9223	384.02634
798.97314	365.28464
799.02399	374.55835
799.07483	362.16681
799.12567	364.33218
799.17651	362.43735
799.22736	370.76352
799.27814	379.08911
799.32898	362.19409
799.37982	384.15097
799.43066	382.16605
799.48151	394.491
799.53235	385.34485
799.58319	383.93216
799.63397	384.84457
799.68481	373.91364
799.73566	376.44031
799.7865	364.23978
799.83734	372.16434
799.88818	383.72699
799.93903	390.56192
799.98981	389.12576
800.04065	411.16687
800.09149	384.49515
800.14233	363.57077
800.19318	372.1188
800.24402	369.41809
800.29486	383.90152
800.34564	404.98029
800.39648	393.89172
800.44733	400.96921
800.49817	392.57452
800.54901	395.33124
800.59985	367.93576
800.6507	392.49179
800.70148	369.12906
800.75232	373.68509
800.80316	356.76074
800.854	378.03116
800.90485	383.80835
800.95569	396.07492
801.00653	403.64957
801.05731	408.74283
801.10815	402.32834
801.159	404.25226
801.20984	394.75766
801.26068	377.40894
801.31152	399.12561
801.36237	388.91495
801.41315	397.90836
801.46399	420.63525
801.51483	413.27444
801.56567	426.74161
801.61652	408.08649
801.66736	409.68216
801.7182	415.84506
801.76898	414.81186
801.81982	415.06433
801.87067	418.2525
801.92151	396.24942
801.97235	432.67172
802.02319	397.13705
802.07404	411.86719
802.12488	421.59714
802.17566	399.34192
802.2265	419.37921
802.27734	427.61377
802.32819	408.61542
802.37903	407.70184
802.42987	412.73486
802.48071	393.81418
802.53149	407.41772
802.58234	420.2742
802.63318	422.18994
802.68402	415.42566
802.73486	440.14423
802.78571	426.38586
802.83655	427.41104
802.88733	396.60645
802.93817	377.20227
802.98901	410.08188
803.03986	425.12854
803.0907	440.95874
803.14154	414.68616
803.19238	438.25043
803.24316	434.46848
803.29401	408.04538
803.34485	404.22458
803.39569	418.53714
803.44653	401.3663
803.49738	435.64661
803.54822	441.49796
803.599	428.12769
803.64984	438.59521
803.70068	449.78351
803.75153	438.84021
803.80237	464.14908
803.85321	412.00018
803.90405	426.45364
803.95483	412.77725
804.00568	440.23215
804.05652	450.25983
804.10736	449.44391
804.1582	427.06409
804.20905	442.31714
804.25989	440.1972
804.31067	449.70975
804.36151	436.5762
804.41235	439.67056
804.4632	438.1633
804.51404	450.07614
804.56488	443.11688
804.61572	432.15692
804.6665	438.59671
804.71735	459.61035
804.76819	469.78699
804.81903	460.41965
804.86987	470.89655
804.92072	443.5137
804.97156	444.4158
805.02234	444.56339
805.07318	440.90387
805.12402	445.22559
805.17487	433.2897
805.22571	465.6131
805.27655	437.50778
805.32739	470.82166
805.37817	464.78271
805.42902	458.78082
805.47986	463.42587
805.5307	457.61111
805.58154	427.93271
805.63239	424.76147
805.68323	430.34039
805.73401	442.07764
805.78485	473.10983
805.83569	491.29449
805.88654	458.68219
805.93738	461.7326
805.98822	470.49661
806.03906	448.83929
806.08984	433.86557
806.14069	455.93124
806.19153	455.6615
806.24237	467.06161
806.29321	468.14392
806.34406	470.71207
806.3949	478.43008
806.44574	466.87418
806.49652	469.11563
806.54736	465.37454
806.59821	479.35025
806.64905	461.74106
806.69989	447.69946
806.75073	458.29599
806.80157	489.28546
806.85236	494.66345
806.9032	484.01996
806.95404	484.92075
807.00488	490.46692
807.05573	492.63202
807.10657	501.10199
807.15741	499.41653
807.20819	485.18466
807.25903	479.29492
807.30988	474.41467
807.36072	462.78525
807.41156	481.65643
807.4624	482.76556
807.51324	495.41583
807.56403	483.20001
807.61487	493.87897
807.66571	486.98196
807.71655	487.54276
807.7674	459.16205
807.81824	474.57904
807.86908	477.34689
807.91986	492.15842
807.9707	479.142
808.02155	490.33694
808.07239	490.3374
808.12323	478.1138
808.17407	474.58707
808.22491	489.54254
808.2757	494.18375
808.32654	479.72266
808.37738	468.21353
808.42822	466.43588
808.47906	489.02585
808.52991	525.61676
808.58075	524.52582
808.63153	518.43188
808.68237	509.14853
808.73322	496.8157
808.78406	489.7861
808.8349	487.45618
808.88574	497.73621
808.93658	494.76511
808.98737	495.46078
809.03821	513.73407
809.08905	519.32367
809.13989	519.02008
809.19073	513.90692
809.24158	501.59814
809.29242	516.7002
809.3432	510.05127
809.39404	507.10461
809.44489	476.8129
809.49573	503.19711
809.54657	514.20825
809.59741	497.46518
809.64825	507.90863
809.69904	514.05017
809.74988	519.15851
809.80072	526.79712
809.85156	521.92871
809.9024	516.0376
809.95325	523.87811
810.00409	531.41724
810.05487	509.53342
810.10571	488.10529
810.15656	487.71634
810.2074	500.75305
810.25824	513.00452
810.30908	548.19379
810.35992	531.63562
810.41071	539.83398
810.46155	516.90302
810.51239	509.60541
810.56323	498.68033
810.61407	519.36981
810.66492	533.35101
810.71576	524.57477
810.7666	518.44629
810.81738	520.63031
810.86823	524.31519
810.91907	529.54907
810.96991	526.79376
811.02075	533.82825
811.07159	517.41138
811.12244	507.79742
811.17322	506.60934
811.22406	499.31815
811.2749	524.62927
811.32574	549.96729
811.37659	568.47992
811.42743	548.51532
811.47827	565.44696
811.52905	523.01288
811.5799	522.37512
811.63074	532.31659
811.68158	554.90808
811.73242	537.59662
811.78326	555.39935
811.83411	531.64642
811.88489	544.57562
811.93573	541.73309
811.98657	548.71802
812.03741	555.28632
812.08826	574.85577
812.1391	575.8429
812.18994	543.05939
812.24072	546.6922
812.29156	546.49194
812.34241	521.55511
812.39325	562.1983
812.44409	543.97266
812.49493	558.64191
812.54578	573.89581
812.59656	572.75629
812.6474	571.40662
812.69824	553.94678
812.74908	557.83252
812.79993	552.34418
812.85077	522.27356
812.90161	527.50977
812.95239	518.90796
813.00323	561.64697
813.05408	603.13367
813.10492	578.10614
813.15576	587.30579
813.2066	580.90021
813.25745	593.06726
813.30823	529.59576
813.35907	508.95752
813.40991	530.97583
813.46075	564.34308
813.5116	595.64215
813.56244	611.71326
813.61328	542.77057
813.66406	574.18066
813.7149	541.7688
813.76575	547.625
813.81659	530.42712
813.86743	583.41058
813.91827	576.24225
813.96912	557.24011
814.0199	580.79156
814.07074	572.59387
814.12158	613.29968
814.17242	610.30109
814.22327	599.74994
814.27411	603.82977
814.32495	594.46136
814.37573	598.65717
814.42657	569.44427
814.47742	581.49469
814.52826	608.59351
814.5791	611.85883
814.62994	600.49731
814.68079	553.46112
814.73163	611.45184
814.78241	586.92792
814.83325	639.09308
814.88409	616.8811
814.93494	649.21606
814.98578	595.18109
815.03662	604.19922
815.08746	587.87408
815.13824	596.77997
815.18909	619.6236
815.23993	637.4433
815.29077	604.32251
815.34161	620.34802
815.39246	628.03931
815.4433	633.92896
815.49408	583.7879
815.54492	625.25153
815.59576	599.63977
815.64661	617.96033
815.69745	605.84106
815.74829	580.4527
815.79913	605.8548
815.84991	646.0993
815.90076	652.83868
815.9516	642.88782
816.00244	653.51172
816.05328	642.14709
816.10413	601.50983
816.15497	553.69672
816.20575	598.29431
816.25659	633.91492
816.30743	645.75018
816.35828	660.94922
816.40912	667.30579
816.45996	658.25275
816.5108	662.47357
816.56158	602.72797
816.61243	637.84808
816.66327	628.4162
816.71411	673.22717
816.76495	657.42682
816.8158	651.58234
816.86664	659.87469
816.91742	665.17151
816.96826	653.53607
817.0191	665.58777
817.06995	673.88074
817.12079	680.41364
817.17163	649.67297
817.22247	660.73242
817.27325	664.71851
817.3241	654.10553
817.37494	674.54132
817.42578	653.29846
817.47662	665.83154
817.52747	670.00342
817.57831	704.0658
817.62909	677.37958
817.67993	681.04376
817.73077	662.6532
817.78162	693.69073
817.83246	639.20032
817.8833	628.6012
817.93414	627.45959
817.98492	643.8537
818.03577	647.43707
818.08661	664.6908
818.13745	682.73468
818.18829	682.75336
818.23914	681.04297
818.28998	666.18878
818.34076	655.08069
818.3916	655.8374
818.44244	669.5957
818.49329	668.03723
818.54413	651.12982
818.59497	660.93585
818.64581	698.36658
818.69659	689.36212
818.74744	700.90582
818.79828	668.82892
818.84912	697.86646
818.89996	654.85992
818.95081	647.25562
819.00165	643.56696
819.05249	668.07532
819.10327	697.33795
819.15411	708.65338
819.20496	704.39276
819.2558	729.96802
819.30664	735.19421
819.35748	709.12445
819.40833	686.93567
819.45911	707.58826
819.50995	702.65594
819.56079	688.15759
819.61163	708.43359
819.66248	714.6413
819.71332	716.76569
819.76416	739.03119
819.81494	763.28906
819.86578	750.29413
819.91663	751.20441
819.96747	734.66388
820.01831	723.75659
820.06915	709.90613
820.12	709.9035
820.17078	706.172
820.22162	714.71143
820.27246	709.33734
820.3233	711.56415
820.37415	708.70013
820.42499	744.26807
820.47583	748.54004
820.52661	731.82678
820.57745	717.87891
820.6283	715.5722
820.67914	679.7027
820.72998	666.79547
820.78082	692.3194
820.83167	705.95752
820.88245	734.3316
820.93329	742.53973
820.98413	766.34973
821.03497	735.79773
821.08582	722.35321
821.13666	703.11932
821.1875	697.89929
821.23828	710.45612
821.28912	731.9939
821.33997	732.91376
821.39081	738.20905
821.44165	722.15424
821.49249	713.72412
821.54333	749.44666
821.59412	755.79846
821.64496	760.42651
821.6958	761.53772
821.74664	716.20721
821.79749	697.53192
821.84833	708.63995
821.89917	716.01202
821.94995	777.4425
822.00079	782.30188
822.05164	778.34967
822.10248	770.02466
822.15332	786.59894
822.20416	803.47058
822.255	782.5545
822.30579	769.79034
822.35663	774.42755
822.40747	783.75702
822.45831	794.74829
822.50916	785.52502
822.56	788.01129
822.61084	808.48462
822.66162	808.57446
822.71246	803.80396
822.76331	827.85638
822.81415	829.85846
822.86499	795.81238
822.91583	798.21661
822.96667	791.77362
823.01752	799.29578
823.0683	805.37646
823.11914	779.47797
823.16998	763.50647
823.22083	788.48407
823.27167	794.65674
823.32251	799.80505
823.37335	820.64337
823.42413	827.7605
823.47498	802.80182
823.52582	760.47296
823.57666	754.74188
823.6275	765.98083
823.67834	780.72485
823.72919	790.45679
823.77997	834.617
823.83081	850.45825
823.88165	830.3598
823.9325	810.55597
823.98334	782.75671
824.03418	731.74451
824.08502	721.59943
824.1358	771.91132
824.18665	794.49225
824.23749	801.60834
824.28833	832.48962
824.33917	823.42035
824.39001	788.6026
824.44086	825.26532
824.49164	835.92847
824.54248	821.44208
824.59332	837.94342
824.64417	833.52026
824.69501	812.34833
824.74585	819.79022
824.79669	843.08612
824.84747	862.42981
824.89832	853.98047
824.94916	839.98975
825	873.33264
825.05084	863.57233
825.10168	850.85858
825.15253	849.45947
825.20331	848.10974
825.25415	860.37866
825.30499	884.30457
825.35583	847.69238
825.40668	820.84973
825.45752	825.29187
825.50836	872.17456
825.55914	894.31256
825.60999	894.7395
825.66083	896.11346
825.71167	884.91522
825.76251	868.85602
825.81335	812.40216
825.8642	793.01794
825.91498	834.62659
825.96582	846.08923
826.01666	834.04993
826.0675	838.06702
826.11835	837.26019
826.16919	888.16937
826.22003	866.92871
826.27081	852.64374
826.32166	865.86945
826.3725	832.86896
826.42334	804.70483
826.47418	768.83459
826.52502	794.75079
826.57587	846.63763
826.62665	887.85974
826.67749	911.80341
826.72833	928.01801
826.77917	901.60193
826.83002	867.92841
826.88086	857.38898
826.9317	810.33081
826.98248	812.52234
827.03333	873.81909
827.08417	881.16943
827.13501	882.08984
827.18585	892.05188
827.23669	920.17029
827.28754	911.77289
827.33838	886.95148
827.38916	902.08051
827.44	888.97314
827.49084	908.60773
827.54169	912.12061
827.59253	881.52362
827.64337	869.2937
827.69421	923.53149
827.745	935.88965
827.79584	957.88611
827.84668	934.68994
827.89752	908.58698
827.94836	898.60944
827.99921	924.19592
828.05005	924.69836
828.10083	893.29047
828.15167	913.71613
828.20251	903.89667
828.25336	897.52637
828.3042	878.41034
828.35504	916.18396
828.40588	939.17114
828.45667	966.70422
828.50751	975.4541
828.55835	943.28625
828.60919	901.28119
828.66003	886.69128
828.71088	850.73938
828.76172	860.91608
828.8125	880.66174
828.86334	898.52118
828.91418	896.05652
828.96503	911.23865
829.01587	939.76892
829.06671	899.14862
829.11755	882.3584
829.16833	884.65393
829.21918	917.46295
829.27002	923.37463
829.32086	880.63715
829.3717	854.62537
829.42255	862.55621
829.47339	908.43616
829.52417	967.57025
829.57501	964.50647
829.62585	953.95117
829.6767	952.44672
829.72754	929.88184
829.77838	919.24744
829.82922	890.52069
829.88	878.34827
829.93085	907.05182
829.98169	959.8075
830.03253	964.45361
830.08337	974.63678
830.13422	992.45911
830.18506	986.43823
830.23584	978.82239
830.28668	957.01581
830.33752	956.98413
830.38837	977.58582
830.43921	983.59003
830.49005	948.19025
830.54089	946.18378
830.59167	951.14935
830.64252	1003.7254
830.69336	996.79297
830.7442	978.60443
830.79504	983.62311
830.84589	993.26093
830.89673	1019.1195
830.94751	991.69879
830.99835	979.97748
831.04919	961.80731
831.10004	949.43207
831.15088	943.00531
831.20172	931.07745
831.25256	934.66138
831.30341	978.30261
831.35419	999.37067
831.40503	1021.4063
831.45587	1040.2212
831.50671	1011.9379
831.55756	970.51001
831.6084	906.50513
831.65924	890.5976
831.71002	910.54108
831.76086	959.76373
831.81171	984.94415
831.86255	984.01514
831.91339	1001.0181
831.96423	1024.8203
832.01508	1000.8683
832.06586	987.22797
832.1167	952.58063
832.16754	970.29419
832.21838	992.61371
832.26923	975.56104
832.32007	974.67627
832.37091	978.90411
832.42169	1025.1998
832.47253	1042.6473
832.52338	1050.3842
832.57422	1057.7467
832.62506	1089.7291
832.6759	1058.9298
832.72675	1017.7067
832.77753	988.34448
832.82837	1002.0032
832.87921	1024.9182
832.93005	1055.8311
832.9809	1064.6909
833.03174	1065.0061
833.08258	1089.864
833.13336	1090.6484
833.1842	1088.1794
833.23505	1057.715
833.28589	1090.2916
833.33673	1105.0333
833.38757	1079.6926
833.43842	1032.3064
833.4892	1029.8912
833.54004	1036.7266
833.59088	1066.384
833.64172	1075.0845
833.69257	1078.6643
833.74341	1097.5503
833.79425	1081.4916
833.84503	1084.978
833.89587	1076.0482
833.94672	1068.7114
833.99756	1040.3109
834.0484	1034.2157
834.09924	1011.1335
834.15009	975.83643
834.20087	995.10388
834.25171	1062.139
834.30255	1121.8622
834.35339	1115.3051
834.40424	1110.2301
834.45508	1080.6038
834.50592	1048.9501
834.5567	979.76404
834.60754	958.58862
834.65839	976.646
834.70923	1049.6199
834.76007	1133.1324
834.81091	1151.3109
834.86176	1151.9092
834.91254	1130.322
834.96338	1115.7639
835.01422	1075.1724
835.06506	1057.7617
835.11591	1065.0486
835.16675	1088.7902
835.21759	1090.8733
835.26837	1097.0314
835.31921	1109.9928
835.37006	1120.162
835.4209	1142.8539
835.47174	1163.4397
835.52258	1170.9662
835.57343	1167.4182
835.62427	1167.9784
835.67505	1116.3497
835.72589	1107.9136
835.77673	1127.1001
835.82758	1168.3584
835.87842	1176.3929
835.92926	1167.0194
835.9801	1164.6301
836.03088	1181.8258
836.08173	1213.0275
836.13257	1210.0366
836.18341	1206.1669
836.23425	1192.3794
836.2851	1199.223
836.33594	1182.0662
836.38672	1126.7703
836.43756	1083.5796
836.4884	1100.8746
836.53925	1153.3959
836.59009	1189.3406
836.64093	1188.5156
836.69177	1200.7383
836.74255	1212.1454
836.7934	1167.2841
836.84424	1121.1045
836.89508	1099.7811
836.94592	1123.7694
836.99677	1135.1597
837.04761	1136.4259
837.09839	1102.8264
837.14923	1094.1884
837.20007	1153.8685
837.25092	1208.649
837.30176	1213.9423
837.3526	1194.6461
837.40344	1193.877
837.45422	1152.9996
837.50507	1095.9463
837.55591	1064.2931
837.60675	1077.4457
837.65759	1109.1022
837.70844	1199.9097
837.75928	1271.23
837.81006	1271.1875
837.8609	1269.5028
837.91174	1236.5402
837.96259	1182.9911
838.01343	1126.6787
838.06427	1145.458
838.11511	1188.0933
838.16589	1220.9429
838.21674	1229.7067
838.26758	1236.0371
838.31842	1253.3114
838.36926	1282.351
838.4201	1265.6046
838.47095	1228.8722
838.52173	1252.7244
838.57257	1269.4482
838.62341	1287.527
838.67426	1243.2933
838.7251	1232.9861
838.77594	1238.2552
838.82678	1261.7719
838.87756	1239.0675
838.92841	1215.8557
838.97925	1235.5576
839.03009	1246.8765
839.08093	1303.1273
839.13177	1298.3129
839.18262	1302.7043
839.2334	1292.912
839.28424	1262.1461
839.33508	1202.277
839.38593	1126.0288
839.43677	1129.1586
839.48761	1193.5342
839.53845	1243.1377
839.58929	1277.1544
839.64008	1327.1235
839.69092	1290.0231
839.74176	1285.4591
839.7926	1206.8448
839.84344	1167.5062
839.89429	1155.3904
839.94513	1186.2129
839.99591	1220.9623
840.04675	1229.411
840.0976	1224.1621
840.14844	1226.3223
840.19928	1294.2972
840.25012	1306.0358
840.30096	1273.5319
840.35175	1274.8014
840.40259	1286.843
840.45343	1240.5671
840.50427	1193.08
840.55511	1160.5001
840.60596	1172.4147
840.6568	1297.868
840.70758	1320.0549
840.75842	1342.9218
840.80927	1353.8346
840.86011	1360.7465
840.91095	1338.2559
840.96179	1286.9027
841.01263	1203.7567
841.06342	1252.8458
841.11426	1325.5035
841.1651	1347.8364
841.21594	1347.5835
841.26678	1326.317
841.31763	1380.4763
841.36847	1365.3021
841.41925	1379.326
841.47009	1352.8407
841.52094	1347.246
841.57178	1336.7451
841.62262	1354.5801
841.67346	1323.1947
841.7243	1271.8706
841.77509	1333.4047
841.82593	1318.6376
841.87677	1317.004
841.92761	1280.4426
841.97845	1300.6033
842.0293	1333.188
842.08014	1374.4346
842.13092	1408.0797
842.18176	1374.9215
842.2326	1396.1056
842.28345	1336.9269
842.33429	1269.1234
842.38513	1194.1521
842.43597	1190.2374
842.48676	1237.2076
842.5376	1339.522
842.58844	1411.1968
842.63928	1441.6631
842.69012	1455.3431
842.74097	1383.2301
842.79181	1322.4641
842.84259	1204.6891
842.89343	1217.3976
842.94427	1240.8868
842.99512	1297.1655
843.04596	1341.7784
843.0968	1330.5547
843.14764	1381.3094
843.19843	1389.7931
843.24927	1408.2401
843.30011	1368.9462
843.35095	1403.9847
843.40179	1349.274
843.45264	1376.2739
843.50348	1379.2758
843.55426	1304.8503
843.6051	1316.6375
843.65594	1359.9109
843.70679	1456.3314
843.75763	1446.7263
843.80847	1481.2972
843.85931	1432.0978
843.91016	1479.3225
843.96094	1424.4556
844.01178	1392.8158
844.06262	1419.7361
844.11346	1434.6309
844.16431	1499.7037
844.21515	1459.4434
844.26599	1473.0328
844.31677	1434.9335
844.36761	1502.6594
844.41846	1503.3328
844.4693	1520.3143
844.52014	1508.4351
844.57098	1501.2646
844.62183	1518.0908
844.67261	1407.2263
844.72345	1406.9229
844.77429	1359.7543
844.82513	1463.8615
844.87598	1425.2692
844.92682	1388.4155
844.97766	1417.256
845.02844	1431.8499
845.07928	1468.2098
845.13013	1469.5812
845.18097	1478.1478
845.23181	1428.6754
845.28265	1490.657
845.3335	1350.7677
845.38428	1352.1952
845.43512	1295.5908
845.48596	1319.3062
845.5368	1408.536
845.58765	1493.656
845.63849	1578.0757
845.68933	1546.5696
845.74011	1537.7694
845.79095	1404.5245
845.8418	1400.4174
845.89264	1286.8461
845.94348	1326.0958
845.99432	1370.486
846.04517	1494.8348
846.09595	1539.528
846.14679	1490.6204
846.19763	1569.4475
846.24847	1521.5282
846.29932	1507.4869
846.35016	1480.0408
846.401	1505.4032
846.45178	1492.2006
846.50262	1487.1559
846.55347	1484.3934
846.60431	1438.7255
846.65515	1484.2837
846.70599	1545.3752
846.75684	1654.3297
846.80762	1609.2119
846.85846	1580.9351
846.9093	1589.6342
846.96014	1622.4563
847.01099	1591.6843
847.06183	1570.3267
847.11267	1523.0741
847.16345	1564.7759
847.21429	1617.4493
847.26514	1535.395
847.31598	1480.55
847.36682	1541.5405
847.41766	1561.8536
847.46851	1681.8259
847.51929	1671.6478
847.57013	1704.8466
847.62097	1614.5011
847.67181	1636.1705
847.72266	1507.6473
847.7735	1394.2279
847.82434	1425.1523
847.87512	1547.4686
847.92596	1612.575
847.97681	1555.9305
848.02765	1636.9879
848.07849	1625.6403
848.12933	1619.9791
848.18018	1586.6042
848.23102	1554.0446
848.2818	1564.7107
848.33264	1587.6869
848.38348	1549.7871
848.43433	1437.5593
848.48517	1430.7627
848.53601	1469.4166
848.58685	1589.3881
848.63763	1639.4812
848.68848	1708.6368
848.73932	1722.3196
848.79016	1688.6621
848.841	1647.9498
848.89185	1497.2822
848.94269	1447.9618
848.99347	1414.0978
849.04431	1591.637
849.09515	1666.8732
849.146	1687.1932
849.19684	1730.833
849.24768	1708.533
849.29852	1739.6179
849.3493	1674.9601
849.40015	1630.0283
849.45099	1596.7593
849.50183	1710.26
849.55267	1709.9325
849.60352	1672.8713
849.65436	1623.5249
849.70514	1607.3801
849.75598	1732.3422
849.80682	1715.5065
849.85767	1777.9482
849.90851	1703.5646
849.95935	1723.0109
850.01019	1778.7715
850.06097	1761.9374
850.11182	1762.2939
850.16266	1728.2433
850.2135	1760.0714
850.26434	1701.0293
850.31519	1700.4666
850.36603	1580.3951
850.41681	1626.0125
850.46765	1725.3116
850.51849	1839.1254
850.56934	1836.9167
850.62018	1781.5725
850.67102	1771.1117
850.72186	1721.7202
850.77264	1635.7679
850.82349	1519.7987
850.87433	1529.2057
850.92517	1622.1685
850.97601	1697.5829
851.02686	1766.8685
851.0777	1729.1697
851.12848	1782.7582
851.17932	1757.4465
851.23016	1740.4769
851.28101	1627.3551
851.33185	1604.2479
851.38269	1694.2922
851.43353	1690.2562
851.48431	1702.6885
851.53516	1605.0594
851.586	1673.2966
851.63684	1707.4691
851.68768	1796.3417
851.73853	1906.3954
851.78937	1895.47
851.84015	1879.9088
851.89099	1818.7961
851.94183	1755.6406
851.99268	1624.2249
852.04352	1650.9976
852.09436	1707.5144
852.1452	1875.7606
852.19604	1916.9836
852.24683	1918.4819
852.29767	1933.0948
852.34851	1888.5183
852.39935	1895.0012
852.4502	1866.2681
852.50104	1821.5092
852.55188	1806.7091
852.60266	1874.9476
852.6535	1864.8005
852.70435	1794.7546
852.75519	1813.5332
852.80603	1873.9452
852.85687	1984.6198
852.90771	1941.0262
852.9585	1893.9148
853.00934	1936.73
853.06018	1948.4023
853.11102	1952.712
853.16187	1844.0654
853.21271	1821.5199
853.26355	1843.9304
853.31433	1909.116
853.36517	1807.572
853.41602	1741.264
853.46686	1733.6902
853.5177	1773.131
853.56854	1897.9039
853.61938	1961.7229
853.67017	2036.6769
853.72101	1988.7745
853.77185	1969.1053
853.82269	1765.8601
853.87354	1623.6217
853.92438	1597.126
853.97522	1660.3563
854.026	1864.5453
854.07684	1917.0488
854.12769	2015.9799
854.17853	2027.5781
854.22937	2014.9432
854.28021	1942.0486
854.33105	1788.2164
854.38184	1740.9965
854.43268	1738.8119
854.48352	1874.0469
854.53436	1895.1626
854.58521	1876.4553
854.63605	1834.2501
854.68689	1893.36
854.73767	1976.2386
854.78851	1969.4554
854.83936	2029.618
854.8902	1974.8162
854.94104	1997.6215
854.99188	1974.8572
855.04272	1890.9869
855.09351	1841.8307
855.14435	1906.4572
855.19519	1983.0918
855.24603	2038.9825
855.29688	2122.2656
855.34772	2053.2419
855.39856	2047.4966
855.44934	2068.4653
855.50018	2095.4023
855.55103	2106.3765
855.60187	2065.1418
855.65271	2099.9221
855.70355	2064.2595
855.75439	2032.4861
855.80518	1924.8171
855.85602	1935.4551
855.90686	2035.2444
855.9577	2105.4326
856.00854	2099.2371
856.05939	2117.3513
856.11023	2117.032
856.16101	2077.7849
856.21185	2091.0146
856.2627	2019.7594
856.31354	1929.8563
856.36438	1938.01
856.41522	1985.889
856.46606	2004.0194
856.51691	1914.3384
856.56769	1904.2596
856.61853	1968.4526
856.66937	2065.9961
856.72021	2101.8362
856.77106	2119.5374
856.8219	2109.9829
856.87274	2044.9652
856.92352	2007.1963
856.97437	1809.1451
857.02521	1724.7186
857.07605	1786.8212
857.12689	1929.225
857.17773	2056.3264
857.22858	2142.1917
857.27936	2238.1846
857.3302	2222.5964
857.38104	2199.4517
857.43188	2013.1703
857.48273	1878.5238
857.53357	1889.8108
857.58441	1986.5781
857.63519	2104.0315
857.68604	2083.5696
857.73688	2113.614
857.78772	2129.3145
857.83856	2210.4702
857.8894	2216.6506
857.94025	2140.9023
857.99103	2147.7209
858.04187	2167.2556
858.09271	2209.6521
858.14355	2181.0735
858.1944	2115.5894
858.24524	2113.4814
858.29608	2166.8325
858.34686	2188.2925
858.39771	2216.177
858.44855	2223.886
858.49939	2162.5359
858.55023	2213.5334
858.60107	2217.6492
858.65192	2263.676
858.7027	2276.6697
858.75354	2263.6174
858.80438	2286.5898
858.85522	2179.2144
858.90607	2076.8601
858.95691	1974.1292
859.00775	1991.0769
859.05853	2112.9946
859.10938	2272.0886
859.16022	2353.6775
859.21106	2300.8704
859.2619	2306.3547
859.31274	2194.272
859.36359	2058.5544
859.41437	1908.5814
859.46521	1936.426
859.51605	2059.3958
859.56689	2059.2043
859.61774	2100.2764
859.66858	2054.3726
859.71942	2093.5156
859.7702	2135.5266
859.82104	2192.5786
859.87189	2223.6694
859.92273	2168.4673
859.97357	2206.1414
860.02441	2111.8662
860.07526	2009.5095
860.12604	1881.5582
860.17688	1891.8346
860.22772	1994.825
860.27856	2147.0388
860.32941	2377.5259
860.38025	2345.8435
860.43109	2425.3494
860.48193	2378.9446
860.53271	2305.5503
860.58356	2125.5593
860.6344	2013.356
860.68524	2069.0315
860.73608	2183.8223
860.78693	2357.5776
860.83777	2326.3386
860.88855	2266.7151
860.93939	2323.8977
860.99023	2361.5718
861.04108	2390.1677
861.09192	2327.5845
861.14276	2327.9282
861.1936	2319.0857
861.24438	2403.3862
861.29523	2317.3052
861.34607	2205.1724
861.39691	2159.783
861.44775	2253.4812
861.4986	2378.5012
861.54944	2338.2676
861.60022	2308.3979
861.65106	2329.9985
861.7019	2368.6909
861.75275	2402.376
861.80359	2363.0415
861.85443	2393.1621
861.90527	2332.4241
861.95605	2392.6978
862.0069	2187.1616
862.05774	2025.1011
862.10858	1986.3805
862.15942	2057.5596
862.21027	2306.9375
862.26111	2398.2334
862.31189	2477.8479
862.36273	2496.3118
862.41357	2443.7612
862.46442	2376.7422
862.51526	2076.9619
862.5661	2009.7323
862.61694	1929.0292
862.66772	2102.6563
862.71857	2252.3286
862.76941	2262.2527
862.82025	2352.6294
862.87109	2289.2861
862.92194	2360.6333
862.97278	2339.2722
863.02356	2332.3328
863.0744	2264.8115
863.12524	2314.3059
863.17609	2328.0454
863.22693	2196.9336
863.27777	2168.2429
863.32861	2083.2378
863.37939	2206.6841
863.43024	2403.1934
863.48108	2512.688
863.53192	2555.4358
863.58276	2443.1331
863.63361	2562.3665
863.68445	2483.0913
863.73523	2338.2859
863.78607	2203.5991
863.83691	2177.8894
863.88776	2436.9495
863.9386	2527.7136
863.98944	2592.5317
864.04028	2426.1025
864.09106	2517.2183
864.14191	2564.9895
864.19275	2583.7542
864.24359	2569.0725
864.29443	2416.75
864.34528	2547.6521
864.39612	2532.8931
864.4469	2524.1675
864.49774	2358.5042
864.54858	2283.7061
864.59943	2391.0105
864.65027	2444.7449
864.70111	2572.9385
864.75195	2404.9485
864.8028	2438.897
864.85358	2473.0869
864.90442	2505.6843
864.95526	2570.158
865.0061	2400.9036
865.05695	2464.0581
865.10779	2431.801
865.15863	2326.2471
865.20941	2261.0078
865.26025	2053.167
865.3111	2167.8384
865.36194	2283.7014
865.41278	2510.0796
865.46362	2649.6799
865.51447	2683.9675
865.56525	2693.4971
865.61609	2497.8003
865.66693	2300.2371
865.71777	2050.1316
865.76862	1969.3735
865.81946	2109.6538
865.8703	2294.2705
865.92108	2503.3389
865.97192	2513.3091
866.02277	2607.6099
866.07361	2526.1306
866.12445	2569.9382
866.17529	2485.1584
866.22614	2347.8391
866.27692	2376.7524
866.32776	2430.4216
866.3786	2557.9248
866.42944	2438.4329
866.48029	2363.5012
866.53113	2428.7395
866.58197	2546.261
866.63275	2725.8328
866.68359	2692.2524
866.73444	2700.709
866.78528	2654.3232
866.83612	2717.707
866.88696	2681.917
866.93781	2517.0244
866.98859	2499.4473
867.03943	2519.8494
867.09027	2681.6689
867.14111	2708.8411
867.19196	2615.8826
867.2428	2522.5728
867.29364	2569.0427
867.34442	2706.9563
867.39526	2718.2139
867.44611	2737.9158
867.49695	2726.3884
867.54779	2733.1521
867.59863	2729.8462
867.64948	2524.4146
867.70026	2424.7566
867.7511	2354.0308
867.80194	2453.0496
867.85278	2577.4199
867.90363	2592.9138
867.95447	2621.958
868.00531	2617.116
868.05609	2678.9148
868.10693	2603.9058
868.15778	2540.5625
868.20862	2489.4595
868.25946	2459.2014
868.3103	2524.051
868.36115	2433.0898
868.41193	2322.0872
868.46277	2257.554
868.51361	2342.3477
868.56445	2528.426
868.6153	2645.5911
868.66614	2795.3528
868.71698	2806.5725
868.76782	2784.9951
868.8186	2654.625
868.86945	2417.8403
868.92029	2203.0508
868.97113	2145.1829
869.02197	2343.0178
869.07281	2535.8315
869.12366	2712.0237
869.17444	2810.5854
869.22528	2845.9575
869.27612	2857.0613
869.32697	2747.5427
869.37781	2631.5835
869.42865	2504.2944
869.47949	2525.3748
869.53027	2609.0269
869.58112	2677.8792
869.63196	2675.4963
869.6828	2604.7212
869.73364	2638.7913
869.78448	2766.5037
869.83533	2859.9463
869.88611	2850.2393
869.93695	2799.5601
869.98779	2840.6736
870.03864	2837.4426
870.08948	2810.7747
870.14032	2707.8462
870.19116	2626.665
870.24194	2673.6636
870.29279	2762.1482
870.34363	2773.439
870.39447	2627.1233
870.44531	2549.6077
870.49615	2626.8794
870.547	2780.4548
870.59778	2899.2104
870.64862	2908.6624
870.69946	2904.0559
870.75031	2836.1179
870.80115	2722.4326
870.85199	2524.1768
870.90283	2333.8884
870.95361	2287.5947
871.00446	2368.2305
871.0553	2622.3164
871.10614	2725.4526
871.15698	2721.9756
871.20782	2789.5815
871.25867	2775.8408
871.30945	2696.1035
871.36029	2543.2615
871.41113	2414.3831
871.46198	2425.9324
871.51282	2516.4143
871.56366	2577.4795
871.6145	2443.3438
871.66528	2375.2593
871.71613	2389.1948
871.76697	2548.0317
871.81781	2705.4133
871.86865	2773.6907
871.91949	2817.5313
871.97034	2778.2363
872.02112	2758.3511
872.07196	2552.1172
872.1228	2372.1772
872.17365	2283.6763
872.22449	2364.0947
872.27533	2640.678
872.32617	2806.0874
872.37695	2889.4365
872.4278	2891.2434
872.47864	2892.4087
872.52948	2885.4768
872.58032	2723.0823
872.63116	2634.719
872.68201	2557.8035
872.73279	2682.0544
872.78363	2823.6206
872.83447	2817.4277
872.88531	2738.478
872.93616	2634.437
872.987	2729.0762
873.03784	2810.4641
873.08868	2878.6362
873.13947	2874.9814
873.19031	2734.6592
873.24115	2834.4951
873.29199	2853.9985
873.34283	2790.3135
873.39368	2661.5947
873.44452	2641.4302
873.4953	2751.5608
873.54614	2688.2888
873.59698	2647.9316
873.64783	2501.8333
873.69867	2459.4111
873.74951	2589.0127
873.80035	2709.259
873.85114	2881.6658
873.90198	2793.8494
873.95282	2779.2637
874.00366	2694.6453
874.0545	2512.9072
874.10535	2287.1514
874.15619	2090.2297
874.20697	2147.1016
874.25781	2288.5198
874.30865	2523.3525
874.3595	2749.3508
874.41034	2731.0056
874.46118	2788.5083
874.51202	2670.8689
874.56281	2542.2859
874.61365	2296.3384
874.66449	2169.749
874.71533	2273.7563
874.76617	2325.2246
874.81702	2452.1497
874.86786	2409.6309
874.91864	2356.6768
874.96948	2422.3157
875.02032	2502.198
875.07117	2647.5757
875.12201	2593.8335
875.17285	2595.9194
875.22369	2585.1292
875.27448	2550.6106
875.32532	2508.4646
875.37616	2283.8584
875.427	2227.9097
875.47784	2294.6414
875.52869	2488.0322
875.57953	2684.1069
875.63031	2639.9668
875.68115	2611.7463
875.73199	2523.781
875.78284	2615.9368
875.83368	2545.1194
875.88452	2401.2578
875.93536	2401.0139
875.98615	2425.6704
876.03699	2534.9121
876.08783	2485.6482
876.13867	2363.7864
876.18951	2328.647
876.24036	2317.2605
876.2912	2471.2109
876.34198	2497.5615
876.39282	2477.4197
876.44366	2540.0193
876.49451	2482.6572
876.54535	2464.1921
876.59619	2304.917
876.64703	2208.0156
876.69781	2143.2983
876.74866	2150.0964
876.7995	2253.7283
876.85034	2134.5125
876.90118	2092.0344
876.95203	2068.449
877.00287	2127.1277
877.05365	2270.1953
877.10449	2203.0234
877.15533	2286.6086
877.20618	2189.0691
877.25702	2207.3672
877.30786	2093.478
877.3587	1888.4377
877.40955	1761.1921
877.46033	1644.4038
877.51117	1795.9988
877.56201	2055.8179
877.61285	2128.2209
877.6637	2236.4993
877.71454	2232.6152
877.76538	2233.5942
877.81616	2027.546
877.867	1863.9543
877.91785	1760.9968
877.96869	1647.5496
878.01953	1826.3407
878.07037	1977.5497
878.12122	2029.1606
878.172	2013.9277
878.22284	1951.356
878.27368	2093.5823
878.32452	2081.8032
878.37537	2062.717
878.42621	1912.8136
878.47705	1830.1383
878.52783	1957.3192
878.57867	1899.9985
878.62952	1907.1964
878.68036	1735.4708
878.7312	1712.1156
878.78204	1897.726
878.83289	1913.6161
878.88367	2055.4121
878.93451	1867.8273
878.98535	1921.8969
879.03619	1915.4287
879.08704	1886.009
879.13788	1882.2588
879.18872	1719.3633
879.2395	1827.5193
879.29034	1816.5515
879.34119	1799.5037
879.39203	1742.5558
879.44287	1464.8479
879.49371	1540.6932
879.54456	1630.162
879.59534	1708.8599
879.64618	1778.0468
879.69702	1724.8126
879.74786	1834.9791
879.79871	1669.829
879.84955	1668.7025
879.90039	1479.0756
879.95117	1276.1013
880.00201	1354.0696
880.05286	1417.2712
880.1037	1472.2198
880.15454	1484.396
880.20538	1350.8788
880.25623	1359.3362
880.30701	1408.3457
880.35785	1482.0911
880.40869	1352.5403
880.45953	1321.9274
880.51038	1385.7686
880.56122	1324.9966
880.61206	1318.7
880.66284	1134.1018
880.71368	1060.5026
880.76453	1049.7169
880.81537	1186.3689
880.86621	1338.2318
880.91705	1381.3236
880.9679	1411.6493
881.01868	1355.6173
881.06952	1301.146
881.12036	1226.333
881.1712	1033.9183
881.22205	992.33771
881.27289	1004.1387
881.32373	1094.3459
881.37457	1241.4064
881.42535	1199.9352
881.4762	1173.8976
881.52704	1141.9169
881.57788	1173.451
881.62872	1167.5436
881.67957	1083.9845
881.73041	1072.3621
881.78119	1079.8331
881.83203	1130.3712
881.88287	1083.3914
881.93372	970.14197
881.98456	970.10883
882.0354	946.87994
882.08624	1044.0432
882.13702	1060.1494
882.18787	1003.4264
882.23871	993.42346
882.28955	942.45831
882.34039	1015.1627
882.39124	959.6665
882.44208	956.10071
882.49286	922.76007
882.5437	898.17517
882.59454	946.47754
882.64539	879.98438
882.69623	800.74255
882.74707	764.49994
882.79791	736.80164
882.84869	819.02289
882.89954	853.39514
882.95038	892.81268
883.00122	907.03802
883.05206	856.12592
883.10291	869.28278
883.15375	748.05432
883.20453	669.25592
883.25537	629.55817
883.30621	620.54034
883.35706	706.39905
883.4079	727.57843
883.45874	737.8761
883.50958	714.04895
883.56036	708.39606
883.61121	692.51752
883.66205	671.13574
883.71289	682.2179
883.76373	659.84875
883.81458	678
883.86542	665.70374
883.9162	650.43024
883.96704	619.61926
884.01788	561.13672
884.06873	594.45111
884.11957	636.9848
884.17041	674.87628
884.22125	694.36206
884.27203	671.23438
884.32288	683.01117
884.37372	671.96149
884.42456	611.7699
884.4754	558.81757
884.52625	516.01263
884.57709	524.71112
884.62787	580.69733
884.67871	630.05798
884.72955	643.32568
884.7804	621.3631
884.83124	635.93219
884.88208	635.12073
884.93292	634.53668
884.9837	612.15302
885.03455	559.6322
885.08539	570.90479
885.13623	610.92664
885.18707	612.20953
885.23792	570.31348
885.28876	527.28467
885.33954	518.38812
885.39038	526.29828
885.44122	555.46533
885.49207	554.88037
885.54291	533.05505
885.59375	533.2782
885.64459	536.70703
885.69543	538.97272
885.74622	524.28394
885.79706	542.45184
885.8479	545.45416
885.89874	530.70148
885.94958	516.91553
886.00043	474.16019
886.05127	449.88519
886.10205	427.25391
886.15289	441.54449
886.20374	496.16345
886.25458	510.07245
886.30542	532.14465
886.35626	542.57068
886.4071	525.448
886.45789	493.51642
886.50873	416.93222
886.55957	377.34872
886.61041	379.37283
886.66125	402.80902
886.7121	441.40674
886.76294	464.35291
886.81372	473.5755
886.86456	480.1217
886.91541	507.4588
886.96625	485.20877
887.01709	434.3812
887.06793	419.91956
887.11877	384.17847
887.16956	382.06412
887.2204	432.62814
887.27124	425.45218
887.32208	421.70917
887.37292	389.48141
887.42377	428.71948
887.47461	428.99493
887.52539	478.59106
887.57623	452.00363
887.62708	458.935
887.67792	463.70703
887.72876	467.96817
887.7796	420.06024
887.83044	414.66971
887.88123	398.69077
887.93207	423.22427
887.98291	432.10205
888.03375	429.58325
888.08459	438.94336
888.13544	388.54007
888.18628	405.56406
888.23706	434.25772
888.2879	435.12045
888.33875	438.23236
888.38959	389.91443
888.44043	402.47855
888.49127	400.20868
888.54211	385.46967
888.5929	373.95358
888.64374	344.50851
888.69458	352.18448
888.74542	377.91077
888.79626	352.7659
888.84711	383.13992
888.89795	347.8653
888.94873	359.14575
888.99957	379.28494
889.05042	350.85196
889.10126	349.02151
889.1521	316.52237
889.20294	320.66479
889.25378	327.98477
889.30457	329.58389
889.35541	303.61191
889.40625	270.79883
889.45709	276.38046
889.50793	292.12045
889.55878	305.41779
889.60962	316.13458
889.66046	321.06964
889.71124	354.35745
889.76208	281.89291
889.81293	310.45401
889.86377	265.34628
889.91461	233.32054
889.96545	225.42224
890.0163	223.48616
890.06708	264.30325
890.11792	311.85965
890.16876	270.0029
890.2196	301.23917
890.27045	297.16248
890.32129	287.26904
890.37213	254.5666
890.42291	223.87733
890.47375	233.73293
890.5246	263.46817
890.57544	280.00955
890.62628	272.41019
890.67712	251.7766
890.72797	246.64633
890.77875	246.63428
890.82959	249.04372
890.88043	259.64459
890.93127	243.07793
890.98212	251.23427
891.03296	241.97353
891.0838	249.07539
891.13458	234.43536
891.18542	223.24808
891.23627	222.21095
891.28711	221.51471
891.33795	218.26735
891.38879	239.85435
891.43964	217.98003
891.49042	208.20651
891.54126	202.09863
891.5921	202.90109
891.64294	219.31648
891.69379	221.80785
891.74463	219.80522
891.79547	206.36736
891.84625	216.49231
891.89709	205.52919
891.94794	176.1244
891.99878	165.58023
892.04962	167.67825
892.10046	178.06259
892.15131	191.80469
892.20209	189.54506
892.25293	198.48265
892.30377	188.46312
892.35461	186.90503
892.40546	188.32033
892.4563	170.2897
892.50714	160.96924
892.55792	151.34183
892.60876	161.10635
892.65961	162.62587
892.71045	157.84004
892.76129	166.38747
892.81213	156.83864
892.86298	159.53026
892.91376	170.72238
892.9646	179.01225
893.01544	172.91425
893.06628	176.2057
893.11713	177.22969
893.16797	169.95163
893.21881	152.29349
893.26959	136.3709
893.32043	133.76926
893.37128	134.81342
893.42212	150.19142
893.47296	164.41798
893.5238	161.93579
893.57465	161.65366
893.62543	160.40839
893.67627	162.00642
893.72711	156.13071
893.77795	138.47864
893.8288	130.73909
893.87964	140.73245
893.93048	149.24529
893.98132	154.61186
894.0321	152.19817
894.08295	151.70967
894.13379	156.43178
894.18463	154.83778
894.23547	159.1702
894.28632	150.44107
894.33716	144.02043
894.38794	144.60634
894.43878	151.41943
894.48962	148.00218
894.54047	147.95627
894.59131	140.2115
894.64215	136.64586
894.69299	142.32222
894.74377	137.90524
894.79462	128.74126
894.84546	134.02225
894.8963	134.17021
894.94714	128.19495
894.99799	149.33032
895.04883	152.02068
895.09961	132.91809
895.15045	147.6302
895.20129	146.46683
895.25214	123.42693
895.30298	132.15874
895.35382	122.01405
895.40466	111.62785
895.45544	108.05181
895.50629	116.48797
895.55713	134.85002
895.60797	137.40767
895.65881	137.14659
895.70966	132.25372
895.7605	132.61102
895.81128	124.97404
895.86212	108.80369
895.91296	109.67101
895.96381	102.92073
896.01465	101.48785
896.06549	117.15532
896.11633	110.70774
896.16711	116.07072
896.21796	101.70615
896.2688	105.42429
896.31964	114.07095
896.37048	109.16064
896.42133	116.88613
896.47217	112.07419
896.52295	115.25439
896.57379	119.18146
896.62463	109.48387
896.67548	103.81155
896.72632	101.87019
896.77716	100.34079
896.828	117.71308
896.87878	119.98007
896.92963	117.74355
896.98047	121.55523
897.03131	116.60566
897.08215	111.17421
897.133	103.83543
897.18384	115.43028
897.23462	101.56606
897.28546	103.89136
897.3363	117.76632
897.38715	114.85365
897.43799	114.01143
897.48883	105.06626
897.53967	100.15994
897.59045	111.75932
897.6413	108.68584
897.69214	109.35256
897.74298	106.03299
897.79382	112.14319
897.84467	110.56158
897.89551	104.8247
897.94635	104.51898
897.99713	107.37655
898.04797	101.89227
898.09882	100.69671
898.14966	101.95701
898.2005	97.892105
898.25134	94.430565
898.30219	98.517517
898.35297	101.118
898.40381	102.52755
898.45465	103.7633
898.50549	106.74817
898.55634	103.79242
898.60718	96.094299
898.65802	93.464905
898.7088	89.128014
898.75964	87.955788
898.81049	89.671089
898.86133	86.888832
898.91217	85.0653
898.96301	86.783447
899.01385	97.60762
899.06464	103.59711
899.11548	101.62556
899.16632	97.654228
899.21716	93.713425
899.26801	84.032448
899.31885	78.252708
899.36969	82.103928
899.42047	84.583336
899.47131	89.896317
899.52216	87.035446
899.573	85.958084
899.62384	86.506516
899.67468	93.920746
899.72552	93.670662
899.77631	94.419029
899.82715	90.70874
899.87799	88.762436
899.92883	91.016258
899.97968	92.30069
900.03052	82.801651
900.08136	80.104126
900.13214	86.565056
900.18298	87.362556
900.23383	86.429649
900.28467	89.533279
900.33551	90.651436
900.38635	89.61908
900.43719	83.894081
900.48798	83.838226
900.53882	87.394913
900.58966	81.331963
900.6405	81.96109
900.69135	82.773651
900.74219	86.377228
900.79303	81.495209
900.84381	86.550369
900.89465	71.978249
900.9455	79.200645
900.99634	73.934547
901.04718	82.806282
901.09802	87.267212
901.14886	85.279305
901.19965	72.614006
901.25049	82.189407
901.30133	73.762009
901.35217	78.341576
901.40302	78.488144
901.45386	71.128922
901.5047	62.102707
901.55548	68.302238
901.60632	69.205345
901.65717	74.961433
901.70801	72.773857
901.75885	78.256546
901.80969	68.266258
901.86053	72.772659
901.91132	71.982773
901.96216	72.428024
902.013	71.202812
902.06384	66.25045
902.11469	65.56739
902.16553	61.467041
902.21637	69.680717
902.26721	59.955997
902.31799	65.905861
902.36884	62.629948
902.41968	68.813705
902.47052	76.207573
902.52136	71.162827
902.5722	61.760582
902.62305	65.996849
902.67383	64.524185
902.72467	63.541687
902.77551	58.977989
902.82635	51.932919
902.8772	55.856197
902.92804	61.680771
902.97888	68.407272
903.02966	68.41346
903.08051	61.518883
903.13135	65.267319
903.18219	62.376507
903.23303	58.633762
903.28387	62.098755
903.33472	62.609264
903.3855	59.848701
903.43634	58.825401
903.48718	63.391567
903.53802	57.640213
903.58887	56.384941
903.63971	57.596035
903.69055	55.612717
903.74133	59.324387
903.79218	58.941586
903.84302	56.225296
903.89386	58.905941
903.9447	60.222893
903.99554	56.453682
904.04639	53.156834
904.09717	56.111221
904.14801	55.371994
904.19885	56.886223
904.24969	59.419914
904.30054	56.030178
904.35138	53.166382
904.40222	51.280949
904.453	53.592899
904.50385	57.148258
904.55469	60.203823
904.60553	56.637646
904.65637	60.460026
904.70721	57.338917
904.75806	57.442657
904.80884	52.584309
904.85968	46.963211
904.91052	50.645004
904.96136	50.018368
905.01221	53.468628
905.06305	52.091728
905.11389	50.491146
905.16467	54.799858
905.21552	55.947029
905.26636	52.148132
905.3172	54.268234
905.36804	52.99461
905.41888	52.596573
905.46973	51.578205
905.52051	51.956131
905.57135	50.485516
905.62219	50.218132
905.67303	52.37505
905.72388	50.548702
905.77472	47.86145
905.82556	48.056362
905.87634	48.985886
905.92719	53.552021
905.97803	54.238457
906.02887	49.966824
906.07971	51.242313
906.13055	52.122982
906.1814	52.746902
906.23218	49.412579
906.28302	47.823212
906.33386	48.568096
906.3847	48.564526
906.43555	51.115578
906.48639	58.172768
906.53723	53.45734
906.58807	52.979393
906.63885	52.196842
906.6897	49.748272
906.74054	49.140511
906.79138	46.866726
906.84222	48.410339
906.89307	51.876247
906.94391	54.219807
906.99469	51.938137
907.04553	48.948296
907.09637	50.711346
907.14722	50.268337
907.19806	47.025326
907.2489	48.818111
907.29974	46.891884
907.35052	48.787067
907.40137	52.917873
907.45221	49.154125
907.50305	49.235214
907.55389	46.509815
907.60474	46.330952
907.65558	48.505917
907.70636	46.930962
907.7572	45.087177
907.80804	46.574745
907.85889	46.228241
907.90973	47.842113
907.96057	43.797291
908.01141	47.87402
908.06219	48.873035
908.11304	49.018616
908.16388	49.40522
908.21472	46.911137
908.26556	41.928883
908.31641	40.273811
908.36725	38.669788
908.41803	40.693596
908.46887	47.721306
908.51971	50.691746
908.57056	45.070095
908.6214	46.384232
908.67224	49.772598
908.72308	51.242386
908.77386	48.17065
908.82471	42.365444
908.87555	46.010136
908.92639	43.146515
908.97723	49.255547
909.02808	47.769787
909.07892	45.585072
909.1297	48.702213
909.18054	46.110336
909.23138	49.783886
909.28223	50.640186
909.33307	46.005142
909.38391	44.949009
909.43475	47.690598
909.48553	41.986885
909.53638	47.995613
909.58722	45.280693
909.63806	51.453335
909.6889	37.930725
909.73975	42.238461
909.79059	47.22316
909.84137	44.71566
909.89221	46.864922
909.94305	53.305908
909.9939	49.979683
910.04474	54.384735
910.09558	51.546307
910.14642	45.274364
910.1972	43.759499
910.24805	41.931847
910.29889	47.952488
910.34973	44.846355
910.40057	43.150688
910.45142	44.034389
910.50226	43.874889
910.5531	46.439831
910.60388	39.32439
910.65472	46.058529
910.70557	49.679054
910.75641	48.480537
910.80725	45.636692
910.85809	44.103527
910.90894	46.442707
910.95972	43.316353
911.01056	46.934822
911.0614	47.999516
911.11224	49.790909
911.16309	49.03154
911.21393	44.715824
911.26477	44.778481
911.31555	43.958782
911.36639	43.858788
911.41724	43.346359
911.46808	41.236153
911.51892	41.775948
911.56976	41.834629
911.62061	44.526188
911.67139	41.600712
911.72223	43.307816
911.77307	43.001129
911.82391	41.246716
911.87476	44.201057
911.9256	39.366299
911.97644	38.267162
912.02722	42.135151
912.07806	44.657661
912.12891	44.068371
912.17975	43.134518
912.23059	44.48296
912.28143	45.047447
912.33228	51.276249
912.38306	47.865643
912.4339	42.34211
912.48474	42.250797
912.53558	43.395115
912.58643	45.103168
912.63727	46.409351
912.68811	46.766933
912.73889	44.465191
912.78973	41.000355
912.84058	43.840179
912.89142	44.659782
912.94226	45.210453
912.9931	44.134388
913.04395	45.121902
913.09473	43.014923
913.14557	44.367985
913.19641	43.307011
913.24725	42.489563
913.2981	43.216507
913.34894	41.276112
913.39978	42.483433
913.45056	45.143837
913.5014	44.991673
913.55225	43.471077
913.60309	43.708237
913.65393	42.978722
913.70477	44.333012
913.75562	45.966908
913.8064	44.426933
913.85724	41.575745
913.90808	41.46896
913.95892	41.036392
914.00977	41.861034
914.06061	44.459774
914.11145	44.661224
914.16223	42.953869
914.21307	43.205723
914.26392	42.183895
914.31476	41.066174
914.3656	39.972374
914.41644	41.596443
914.46729	45.633358
914.51807	43.359215
914.56891	42.777866
914.61975	39.785778
914.67059	39.917934
914.72144	39.385338
914.77228	39.870289
914.82312	41.763554
914.87396	42.336163
914.92474	41.336346
914.97559	44.145573
915.02643	40.557285
915.07727	42.391918
915.12811	41.638733
915.17896	42.67215
915.2298	38.838448
915.28058	42.352562
915.33142	41.470985
915.38226	40.967762
915.43311	39.719288
915.48395	40.83675
915.53479	39.423363
915.58563	36.511238
915.63641	41.594494
915.68726	44.144428
915.7381	41.655804
915.78894	41.774792
915.83978	38.829502
915.89063	40.640457
915.94147	41.59565
915.99225	42.273037
916.04309	39.132401
916.09393	41.356342
916.14478	45.841442
916.19562	39.89925
916.24646	49.045689
916.2973	40.474144
916.34808	40.68137
916.39893	38.198338
916.44977	35.629253
916.50061	38.240429
916.55145	42.768147
916.60229	36.324524
916.65314	43.787258
916.70392	40.838375
916.75476	41.553226
916.8056	38.011654
916.85645	38.859653
916.90729	39.216446
916.95813	42.573448
917.00897	38.76284
917.05975	40.765778
917.1106	42.754444
917.16144	39.17374
917.21228	41.042839
917.26312	43.739632
917.31396	36.93504
917.36481	38.531876
917.41559	41.539783
917.46643	39.766354
917.51727	43.41927
917.56812	39.894714
917.61896	38.768917
917.6698	38.54623
917.72064	41.523312
917.77142	41.272575
917.82227	38.75174
917.87311	41.827465
917.92395	42.048122
917.97479	39.778461
918.02563	41.482155
918.07648	40.824295
918.12726	41.989365
918.1781	35.796154
918.22894	37.320648
918.27979	40.414249
918.33063	41.857159
918.38147	40.944096
918.43231	41.147125
918.48309	41.196701
918.53394	42.341202
918.58478	39.927902
918.63562	38.616222
918.68646	38.079151
918.7373	38.759254
918.78815	39.323334
918.83899	40.533791
918.88977	41.762218
918.94061	41.931961
918.99146	39.90126
919.0423	38.418442
919.09314	41.016956
919.14398	40.493465
919.19482	38.19627
919.24561	39.502499
919.29645	42.748528
919.34729	42.572578
919.39813	40.235756
919.44897	38.403347
919.49982	38.204117
919.55066	38.608551
919.60144	38.707516
919.65228	37.146465
919.70313	34.368092
919.75397	41.342133
919.80481	39.334629
919.85565	39.698444
919.90649	38.481377
919.95728	40.620724
920.00812	40.713856
920.05896	39.10141
920.1098	38.55933
920.16064	39.459129
920.21149	38.907543
920.26233	37.860817
920.31311	37.886868
920.36395	38.823212
920.41479	37.930759
920.46564	40.893032
920.51648	39.906998
920.56732	39.310055
920.61816	40.782974
920.66895	38.843052
920.71979	38.885471
920.77063	39.648998
920.82147	39.680576
920.87231	43.270195
920.92316	39.241356
920.974	39.865601
921.02478	39.263187
921.07562	38.608582
921.12646	38.990189
921.17731	36.958435
921.22815	30.036543
921.27899	42.482292
921.32983	34.702171
921.38062	40.878784
921.43146	41.330139
921.4823	37.36237
921.53314	40.446892
921.58398	40.753033
921.63483	39.888954
921.68567	40.876343
921.73645	41.533531
921.78729	40.674816
921.83813	37.776398
921.88898	37.251034
921.93982	39.582733
921.99066	41.049782
922.0415	40.859547
922.09229	38.591343
922.14313	41.45985
922.19397	41.867935
922.24481	38.608833
922.29565	37.888111
922.3465	36.357494
922.39734	37.623058
922.44812	39.30476
922.49896	37.657116
922.5498	38.357117
922.60065	40.67902
922.65149	40.814285
922.70233	38.156406
922.75317	40.971573
922.80396	41.126884
922.8548	40.872341
922.90564	41.39043
922.95648	40.599659
923.00732	41.110741
923.05817	38.2384
923.10901	38.203037
923.15985	39.303734
923.21063	38.3853
923.26147	38.117104
923.31232	39.214657
923.36316	40.756207
923.414	39.465183
923.46484	39.064964
923.51569	37.277584
923.56647	37.458817
923.61731	38.519997
923.66815	37.908215
923.71899	38.503578
923.76984	37.733761
923.82068	37.919258
923.87152	37.856075
923.9223	38.011917
923.97314	39.321281
924.02399	39.623501
924.07483	39.155022
924.12567	39.306271
924.17651	38.011269
924.22736	39.103764
924.27814	38.837494
924.32898	36.215652
924.37982	35.923325
924.43066	37.117947
924.48151	38.15556
924.53235	38.656036
924.58319	38.186867
924.63397	36.447395
924.68481	38.897312
924.73566	39.371204
924.7865	36.966381
924.83734	39.071671
924.88818	38.355556
924.93903	37.037022
924.98981	38.170986
925.04065	39.229935
925.09149	42.237442
925.14233	39.827946
925.19318	39.04615
925.24402	39.986885
925.29486	38.317978
925.34564	40.972855
925.39648	39.575813
925.44733	38.32745
925.49817	36.641708
925.54901	38.190403
925.59985	39.539085
925.6507	36.844952
925.70148	38.019989
925.75232	37.132072
925.80316	37.435696
925.854	37.388939
925.90485	39.032143
925.95569	34.164288
926.00653	38.548367
926.05731	36.177082
926.10815	37.864765
926.159	36.935333
926.20984	39.041061
926.26068	38.280884
926.31152	39.985573
926.36237	38.509525
926.41315	36.276669
926.46399	37.236355
926.51483	36.797947
926.56567	38.334267
926.61652	38.094334
926.66736	37.070526
926.7182	37.238686
926.76898	36.644337
926.81982	41.212364
926.87067	41.389545
926.92151	39.672146
926.97235	38.338142
927.02319	37.507557
927.07404	39.299858
927.12488	36.824089
927.17566	38.724648
927.2265	39.266857
927.27734	38.905647
927.32819	38.079048
927.37903	37.156155
927.42987	37.039413
927.48071	33.848392
927.53149	35.692242
927.58234	35.559753
927.63318	36.513508
927.68402	36.917702
927.73486	38.154015
927.78571	36.525482
927.83655	37.120289
927.88733	38.312397
927.93817	36.965057
927.98901	39.241688
928.03986	39.371227
928.0907	40.619328
928.14154	37.627304
928.19238	36.38448
928.24316	37.044609
928.29401	39.117924
928.34485	39.746719
928.39569	38.082539
928.44653	40.384888
928.49738	39.251377
928.54822	37.449821
928.599	39.305485
928.64984	39.385384
928.70068	37.969921
928.75153	38.151302
928.80237	39.268612
928.85321	37.167175
928.90405	35.978065
928.95483	36.022495
929.00568	37.429073
929.05652	38.434536
929.10736	38.857296
929.1582	37.911575
929.20905	37.377708
929.25989	36.138554
929.31067	37.138454
929.36151	39.341908
929.41235	36.465034
929.4632	35.782211
929.51404	35.820587
929.56488	37.772289
929.61572	37.134369
929.6665	37.967915
929.71735	38.961987
929.76819	38.51976
929.81903	36.789886
929.86987	39.017334
929.92072	38.75132
929.97156	39.554996
930.02234	38.985924
930.07318	40.922516
930.12402	37.612492
930.17487	39.565929
930.22571	38.053883
930.27655	38.024712
930.32739	40.136459
930.37817	38.50412
930.42902	37.196812
930.47986	35.053478
930.5307	36.685654
930.58154	35.811241
930.63239	36.456608
930.68323	36.168407
930.73401	37.864403
930.78485	38.027668
930.83569	35.663193
930.88654	34.649124
930.93738	37.322163
930.98822	38.018833
931.03906	35.771931
931.08984	38.830406
931.14069	39.050011
931.19153	39.69973
931.24237	38.96212
931.29321	38.255081
931.34406	37.867455
931.3949	33.551014
931.44574	37.782791
931.49652	35.581017
931.54736	38.869476
931.59821	36.954487
931.64905	39.157364
931.69989	39.004173
931.75073	41.247608
931.80157	35.751339
931.85236	40.102772
931.9032	39.302711
931.95404	38.185806
932.00488	36.194763
932.05573	38.214859
932.10657	37.551353
932.15741	38.178257
932.20819	40.062271
932.25903	39.196743
932.30988	37.935085
932.36072	34.980022
932.41156	37.344059
932.4624	37.755333
932.51324	38.659985
932.56403	39.057426
932.61487	35.98114
932.66571	35.849705
932.71655	39.067032
932.7674	37.914162
932.81824	36.552105
932.86908	37.935638
932.91986	40.837536
932.9707	36.773159
933.02155	39.466724
933.07239	37.246365
933.12323	40.103268
933.17407	40.595131
933.22491	36.882397
933.2757	37.74844
933.32654	37.804943
933.37738	39.269039
933.42822	39.309929
933.47906	38.643169
933.52991	33.501842
933.58075	38.018818
933.63153	36.837715
933.68237	35.71431
933.73322	35.65818
933.78406	36.861629
933.8349	36.197681
933.88574	39.133999
933.93658	38.642384
933.98737	35.627914
934.03821	37.90276
934.08905	39.027554
934.13989	39.423668
934.19073	38.850697
934.24158	39.391762
934.29242	39.87907
934.3432	38.85984
934.39404	39.250156
934.44489	37.455074
934.49573	34.456772
934.54657	36.862839
934.59741	37.830292
934.64825	36.451042
934.69904	37.010456
934.74988	37.463875
934.80072	38.937679
934.85156	43.02177
934.9024	41.228683
934.95325	35.790947
935.00409	35.59127
935.05487	37.560749
935.10571	38.284206
935.15656	41.941143
935.2074	39.734867
935.25824	38.361767
935.30908	37.5308
935.35992	38.784081
935.41071	38.379738
935.46155	37.307854
935.51239	39.268085
935.56323	34.944778
935.61407	37.182655
935.66492	38.860138
935.71576	36.615482
935.7666	40.776909
935.81738	38.085159
935.86823	36.730682
935.91907	37.141376
935.96991	39.413166
936.02075	33.220188
936.07159	35.819466
936.12244	36.194611
936.17322	36.767654
936.22406	38.059856
936.2749	35.266666
936.32574	35.173244
936.37659	35.025799
936.42743	38.468498
936.47827	35.069332
936.52905	41.247231
936.5799	34.423985
936.63074	41.783398
936.68158	37.181095
936.73242	37.177658
936.78326	40.864258
936.83411	38.876957
936.88489	36.690338
936.93573	40.228081
936.98657	36.79451
937.03741	38.41497
937.08826	37.808147
937.1391	40.082199
937.18994	36.780766
937.24072	36.226864
937.29156	31.86236
937.34241	36.550816
937.39325	36.621983
937.44409	40.605663
937.49493	39.171883
937.54578	41.225479
937.59656	38.243462
937.6474	35.397717
937.69824	37.926075
937.74908	38.201218
937.79993	37.499893
937.85077	38.195114
937.90161	38.236969
937.95239	37.397602
938.00323	36.620354
938.05408	35.974586
938.10492	35.460751
938.15576	37.387566
938.2066	40.668484
938.25745	41.028988
938.30823	36.471855
938.35907	32.661594
938.40991	36.867039
938.46075	37.081955
938.5116	34.358803
938.56244	35.256062
938.61328	35.946327
938.66406	34.803432
938.7149	34.189476
938.76575	36.72937
938.81659	37.878216
938.86743	39.053833
938.91827	39.970016
938.96912	38.045967
939.0199	38.080173
939.07074	36.247627
939.12158	36.772636
939.17242	39.707233
939.22327	37.176563
939.27411	37.607796
939.32495	38.292732
939.37573	34.995857
939.42657	33.419628
939.47742	38.036106
939.52826	38.035805
939.5791	34.831936
939.62994	34.406128
939.68079	34.510475
939.73163	38.015095
939.78241	38.195549
939.83325	35.603104
939.88409	37.447418
939.93494	36.631439
939.98578	34.488529
940.03662	35.932465
940.08746	34.667366
940.13824	37.543583
940.18909	39.392258
940.23993	41.522846
940.29077	39.774254
940.34161	39.064083
940.39246	37.883892
940.4433	39.060806
940.49408	37.014465
940.54492	37.905273
940.59576	36.901543
940.64661	35.056152
940.69745	37.014732
940.74829	38.114487
940.79913	38.617126
940.84991	36.31316
940.90076	38.792095
940.9516	37.811852
941.00244	37.111515
941.05328	39.743359
941.10413	38.954777
941.15497	38.564701
941.20575	36.667076
941.25659	38.676067
941.30743	35.550438
941.35828	40.410576
941.40912	38.632214
941.45996	38.101791
941.5108	39.36953
941.56158	40.100822
941.61243	37.409939
941.66327	36.390354
941.71411	37.377205
941.76495	37.616508
941.8158	38.616154
941.86664	41.534534
941.91742	38.079937
941.96826	34.994053
942.0191	36.857914
942.06995	35.442402
942.12079	36.445293
942.17163	38.312588
942.22247	38.673058
942.27325	35.187168
942.3241	34.920212
942.37494	37.500584
942.42578	36.496109
942.47662	36.029816
942.52747	36.485382
942.57831	37.096336
942.62909	39.111626
942.67993	39.430641
942.73077	39.583073
942.78162	39.418438
942.83246	40.842674
942.8833	37.644489
942.93414	37.581593
942.98492	37.052418
943.03577	38.015759
943.08661	38.328125
943.13745	40.793076
943.18829	39.903683
943.23914	37.582767
943.28998	39.951111
943.34076	35.024853
943.3916	36.079552
943.44244	39.33847
943.49329	36.853786
943.54413	38.420231
943.59497	38.180969
943.64581	38.021973
943.69659	38.004021
943.74744	34.553017
943.79828	38.374592
943.84912	35.467422
943.89996	36.809036
943.95081	37.024193
944.00165	37.026367
944.05249	37.026367
944.10327	40.841831
944.15411	35.1534
944.20496	35
944.2558	34.03793
944.30664	37.983303
944.35748	37.025539
944.40833	37.138077
944.45911	40.084652
944.50995	40.631451
944.56079	36.112377
944.61163	37.105282
944.66248	38.140102
944.71332	38.868946
944.76416	37.85471
944.81494	37.319061
944.86578	38.483276
944.91663	35.650352
944.96747	35.638992
945.01831	40.273846
945.06915	35.641415
945.12	40.038868
945.17078	36.746452
945.22162	36.019127
945.27246	37.163185
945.3233	37.904457
945.37415	35.877789
945.42499	40.668701
945.47583	38.694126
945.52661	40
945.57745	38.129929
945.6283	36.199352
945.67914	37.2159
945.72998	36.445839
945.78082	38.317635
945.83167	39.101665
945.88245	38.012218
945.93329	37.057308
945.98413	37.479298
946.03497	40.028053
946.08582	38.923752
946.13666	35.925938
946.1875	37.205078
946.23828	38.433804
946.28912	36.257107
946.33997	35.595928
946.39081	36.626759
946.44165	35.758553
946.49249	40.780064
946.54333	38.772377
946.59412	35.348011
946.64496	37.745468
946.6958	39.699375
946.74664	37.876884
946.79749	39.942795
946.84833	38.028408
946.89917	37
946.94995	37.020416
947.00079	38.583218
947.05164	35.783829
947.10248	38.274078
947.15332	39.855759
947.20416	37.45623
947.255	37.86367
947.30579	38
947.35663	39.78891
947.40747	38.206322
947.45831	36.153629
947.50916	36.024776
947.56	36.955185
947.61084	38.96434
947.66162	37.056637
947.71246	35.028122
947.76331	38.956211
947.81415	36.060936
947.86499	37.934071
947.91583	36.123501
947.96667	37.79855
948.01752	35.093147
948.0683	36.342251
948.11914	38.513187
948.16998	35.140625
948.22083	36.476673
948.27167	38.169857
948.32251	36.027779
948.37335	43.021412
948.42413	35.640003
948.47498	37.313572
948.52582	35.739292
948.57666	37.240242
948.6275	35.832958
948.67834	37.735657
948.72919	37.324478
948.77997	38.973461
948.83081	39.67783
948.88165	36.673759
948.9325	36.394451
948.98334	36.259247
949.03418	37.410053
949.08502	38.098431
949.1358	36.57991
949.18665	37.772701
949.23749	37.31683
949.28833	38.597137
949.33917	37.026367
949.39001	34.996925
949.44086	36.149593
949.49164	38.475243
949.54248	38.011734
949.59332	39.156002
949.64417	37.096592
949.69501	36.229229
949.74585	36.409462
949.79669	35.376518
949.84747	36.947227
949.89832	39.329102
949.94916	37.2799
950	35.32201
