700	48.586239
700.05084	48.499973
700.10168	51.254795
700.15253	48.304848
700.20331	50.661118
700.25415	47.406471
700.30499	52.751251
700.35583	47.989895
700.40668	47.761124
700.45752	51.996227
700.50836	62.803841
700.55914	49.486195
700.60999	48.051624
700.66083	47.069614
700.71167	52.480431
700.76251	52.103489
700.81335	45.842701
700.8642	50.176311
700.91498	48.462532
700.96582	53.547501
701.01666	51.694046
701.0675	54.731091
701.11835	48.149368
701.16919	51.095215
701.22003	54.410294
701.27081	54.048637
701.32166	51.779015
701.3725	49.612473
701.42334	53.061214
701.47418	51.040157
701.52502	50.731411
701.57587	53.137371
701.62665	48.516415
701.67749	47.96196
701.72833	52.301987
701.77917	53.269566
701.83002	55.567547
701.88086	55.900761
701.9317	51.460426
701.98248	52.286087
702.03333	53.941738
702.08417	48.342175
702.13501	47.085976
702.18585	50.575382
702.23669	48.776833
702.28754	51.569702
702.33838	53.572369
702.38916	47.499256
702.44	55.977058
702.49084	59.808849
702.54169	52.402046
702.59253	54
702.64337	52.905041
702.69421	50.770535
702.745	51.558605
702.79584	49.397594
702.84668	56.863022
702.89752	53.560524
702.94836	53.347507
702.99921	53.895168
703.05005	48.422813
703.10083	51.248085
703.15167	53.321819
703.20251	56.274296
703.25336	59.44722
703.3042	63.904816
703.35504	46.285557
703.40588	53.100124
703.45667	56.918644
703.50751	47.089191
703.55835	50.901985
703.60919	53.875889
703.66003	44.582657
703.71088	58.530083
703.76172	49.97168
703.8125	54.353374
703.86334	53.247265
703.91418	55.578857
703.96503	52.625122
704.01587	52
704.06671	51.750793
704.11755	56.701611
704.16833	51.77998
704.21918	54.569035
704.27002	56
704.32086	57.962364
704.3717	55.843258
704.42255	53.515518
704.47339	56.396469
704.52417	58
704.57501	53.473488
704.62585	56.041332
704.6767	54.70203
704.72754	51.999996
704.77838	47.349224
704.82922	46.259785
704.88	52.769497
704.93085	53.658543
704.98169	49.966759
705.03253	51.001266
705.08337	52.515987
705.13422	52.79147
705.18506	55.185444
705.23584	55.259922
705.28668	55.515713
705.33752	58.069855
705.38837	57.465656
705.43921	59.176811
705.49005	58.938038
705.54089	53.955711
705.59167	51.221405
705.64252	54.332733
705.69336	49.478466
705.7442	54.166588
705.79504	46.057789
705.84589	52.482983
705.89673	54.676472
705.94751	55.746952
705.99835	53.124187
706.04919	61.822834
706.10004	59.395409
706.15088	51
706.20172	50.484032
706.25256	47.678753
706.30341	53.644764
706.35419	59.072296
706.40503	51.740494
706.45587	48.279415
706.50671	53.531242
706.55756	48.807846
706.6084	55.688049
706.65924	50.085304
706.71002	49.030704
706.76086	53.767807
706.81171	54.936722
706.86255	53.795799
706.91339	48.539757
706.96423	48.889446
707.01508	54.847218
707.06586	58.266319
707.1167	57.268661
707.16754	58.650661
707.21838	52.274178
707.26923	52.524315
707.32007	56.112522
707.37091	53.950413
707.42169	54.493328
707.47253	57.698875
707.52338	48.899635
707.57422	50.595707
707.62506	57.575783
707.6759	57.893883
707.72675	55.695473
707.77753	52.45388
707.82837	49.137611
707.87921	47.394936
707.93005	47.589329
707.9809	51.838726
708.03174	54.692379
708.08258	53.608128
708.13336	56.012695
708.1842	53.893368
708.23505	54.444225
708.28589	60.958393
708.33673	56.901909
708.38757	51.000004
708.43842	52.163097
708.4892	54.941174
708.54004	55.213474
708.59088	54.807743
708.64172	55.584808
708.69257	54.481579
708.74341	55.612221
708.79425	49.323044
708.84503	50.212772
708.89587	50.198921
708.94672	50.657021
708.99756	54.216125
709.0484	49.959988
709.09924	44.912212
709.15009	48.785908
709.20087	48.794376
709.25171	52.367619
709.30255	52.823475
709.35339	47.914051
709.40424	53.546436
709.45508	57.121017
709.50592	57.68103
709.5567	55.425083
709.60754	59.415661
709.65839	55.457249
709.70923	47.178288
709.76007	50.913479
709.81091	48.091846
709.86176	54.987934
709.91254	48.120255
709.96338	49.93417
710.01422	53.809921
710.06506	48.379185
710.11591	54.447487
710.16675	55
710.21759	53.21843
710.26837	51.854412
710.31921	58.576382
710.37006	58.00285
710.4209	56.862366
710.47174	53.685005
710.52258	51.400612
710.57343	58.05777
710.62427	56.689751
710.67505	52.156105
710.72589	52.476357
710.77673	58.786404
710.82758	59.366451
710.87842	53.361713
710.92926	53.032829
710.9801	49.361385
711.03088	55.216091
711.08173	57.163025
711.13257	54.458302
711.18341	51.469501
711.23425	53.926792
711.2851	52.86636
711.33594	50
711.38672	50.541378
711.43756	50.47319
711.4884	54.604713
711.53925	55.524582
711.59009	51.0373
711.64093	54.052109
711.69177	56.575809
711.74255	53.564152
711.7934	55.527672
711.84424	62.249836
711.89508	59.180836
711.94592	48.505558
711.99677	51.722786
712.04761	48.155029
712.09839	42.978004
712.14923	52.801964
712.20007	56.483852
712.25092	53.133881
712.30176	48.717213
712.3526	54.718544
712.40344	51.966888
712.45422	53.864231
712.50507	49.934681
712.55591	50.343433
712.60675	51.90641
712.65759	47.95459
712.70844	52.43354
712.75928	52.236382
712.81006	59.102573
712.8609	52.509201
712.91174	51.252193
712.96259	54.032719
713.01343	57.663765
713.06427	53.195198
713.11511	62.418392
713.16589	46.17075
713.21674	54.724396
713.26758	60.94136
713.31842	55.144371
713.36926	55.960232
713.4201	53.163147
713.47095	60.448391
713.52173	55.501118
713.57257	50.212997
713.62341	53.514717
713.67426	57.222618
713.7251	55.117764
713.77594	49.046436
713.82678	54.632553
713.87756	56.814499
713.92841	58.599865
713.97925	50.361004
714.03009	53.395565
714.08093	58.548504
714.13177	51.534149
714.18262	53.278584
714.2334	51.437397
714.28424	53.275059
714.33508	53.325615
714.38593	51.560493
714.43677	51.654247
714.48761	51.360321
714.53845	58.309017
714.58929	61.048576
714.64008	55.048893
714.69092	54.778252
714.74176	55.125126
714.7926	54.966801
714.84344	54.923328
714.89429	53.838711
714.94513	53.339443
714.99591	53.34285
715.04675	53.840225
715.0976	54.466038
715.14844	52.739975
715.19928	51.314255
715.25012	51.599171
715.30096	53.907661
715.35175	57.633728
715.40259	53.883026
715.45343	52.705826
715.50427	53.002903
715.55511	57.13343
715.60596	55.41824
715.6568	50.925549
715.70758	54.473827
715.75842	56.599007
715.80927	53.797836
715.86011	55.495514
715.91095	53.926884
715.96179	53.3148
716.01263	53.252712
716.06342	58.585461
716.11426	59.319187
716.1651	53.073215
716.21594	59.342525
716.26678	55.554157
716.31763	54.232025
716.36847	50.966129
716.41925	51.10442
716.47009	55.41077
716.52094	59.662067
716.57178	55.036747
716.62262	55.811287
716.67346	58.574631
716.7243	53.941608
716.77509	49.015179
716.82593	59.82077
716.87677	55.825245
716.92761	56.648098
716.97845	56.981915
717.0293	51.440193
717.08014	49.173706
717.13092	53.216957
717.18176	56.347862
717.2326	55.217033
717.28345	57.308296
717.33429	58.536156
717.38513	50.653629
717.43597	54.710499
717.48676	49.58852
717.5376	52.484451
717.58844	55.47728
717.63928	53.72057
717.69012	55.009624
717.74097	52.256889
717.79181	51.71843
717.84259	54.816753
717.89343	54.619125
717.94427	52.437656
717.99512	48.582043
718.04596	53.290836
718.0968	53.074028
718.14764	52.673351
718.19843	52.663986
718.24927	53.782784
718.30011	49.77845
718.35095	52.795288
718.40179	53.577015
718.45264	56.307713
718.50348	56.437901
718.55426	53.895664
718.6051	58.835285
718.65594	57.814919
718.70679	58.0737
718.75763	57.51965
718.80847	53.966702
718.85931	52.665894
718.91016	51.408005
718.96094	54.177109
719.01178	47.777012
719.06262	52.751057
719.11346	56.829773
719.16431	51.606785
719.21515	51.573151
719.26599	57.653332
719.31677	59.078552
719.36761	56.902126
719.41846	53.319321
719.4693	50.066853
719.52014	53.759937
719.57098	55.76009
719.62183	53.867451
719.67261	51.278652
719.72345	54.80175
719.77429	50.000004
719.82513	50.343445
719.87598	52.109619
719.92682	53.751396
719.97766	59.079372
720.02844	53.000004
720.07928	53.6283
720.13013	58.515335
720.18097	53.950092
720.23181	56.935486
720.28265	55.984276
720.3335	55.703999
720.38428	55.923515
720.43512	52.999996
720.48596	52.999996
720.5368	52.014709
720.58765	51.701031
720.63849	54.567856
720.68933	45.532215
720.74011	51.235214
720.79095	51.056576
720.8418	55.524429
720.89264	49.759602
720.94348	52.516506
720.99432	52.134132
721.04517	55.40987
721.09595	60.195332
721.14679	48.615021
721.19763	53.872776
721.24847	55.938419
721.29932	60.477898
721.35016	57.290768
721.401	54.480309
721.45178	48.768692
721.50262	52.647968
721.55347	52.030815
721.60431	52.414852
721.65515	53
721.70599	55.045425
721.75684	54.457569
721.80762	52.583858
721.85846	53.284729
721.9093	54.629391
721.96014	56.231979
722.01099	53.983482
722.06183	55.542233
722.11267	56.269089
722.16345	52.569481
722.21429	49.207928
722.26514	49.615772
722.31598	52.415485
722.36682	51.800644
722.41766	53.842548
722.46851	53.798634
722.51929	51.259789
722.57013	54.844406
722.62097	53.418396
722.67181	50.304443
722.72266	54.40266
722.7735	57.692387
722.82434	56.228474
722.87512	52.082401
722.92596	51.852715
722.97681	56.086727
723.02765	55.34523
723.07849	56.230026
723.12933	55.192627
723.18018	51.693424
723.23102	51
723.2818	51
723.33264	52.341908
723.38348	53.702461
723.43433	48.215256
723.48517	51.006889
723.53601	47.324451
723.58685	48.805981
723.63763	58.217319
723.68848	52.538578
723.73932	54.832905
723.79016	54.307758
723.841	56.566589
723.89185	58.965889
723.94269	52.776321
723.99347	58.588612
724.04431	57.446217
724.09515	54.921879
724.146	53.802326
724.19684	51.428772
724.24768	58.919514
724.29852	56.991383
724.3493	56.57098
724.40015	49.023743
724.45099	55.624958
724.50183	47.192066
724.55267	58.291023
724.60352	53.265022
724.65436	55.82029
724.70514	56.927795
724.75598	55.168869
724.80682	57.710003
724.85767	51.488155
724.90851	55.965618
724.95935	55.227428
725.01019	58.412903
725.06097	55.377316
725.11182	59.664967
725.16266	53.594761
725.2135	49.339676
725.26434	51.312256
725.31519	52.779842
725.36603	52.233299
725.41681	54.262581
725.46765	55
725.51849	56.964722
725.56934	52.669868
725.62018	49.98711
725.67102	50.598614
725.72186	51
725.77264	50.794334
725.82349	56.599522
725.87433	49.584633
725.92517	54.54771
725.97601	54.686432
726.02686	53.429707
726.0777	54.816906
726.12848	52.539852
726.17932	47.400024
726.23016	48.773716
726.28101	52.546272
726.33185	53
726.38269	54.93111
726.43353	56.849503
726.48431	54.008778
726.53516	51.486305
726.586	51.525925
726.63684	52.385536
726.68768	55.660149
726.73853	57.254478
726.78937	56.823532
726.84015	55.343567
726.89099	52.196243
726.94183	51.659428
726.99268	52.05365
727.04352	52.462479
727.09436	54.645859
727.1452	54.341911
727.19604	54.670319
727.24683	54.537884
727.29767	53.6418
727.34851	51.851254
727.39935	57.564606
727.4502	56.042553
727.50104	57.443932
727.55188	51.246437
727.60266	52
727.6535	52.892654
727.70435	54.734406
727.75519	51.193626
727.80603	55.191643
727.85687	51.570919
727.90771	51.653561
727.9585	54.695698
728.00934	52.537193
728.06018	50.970806
728.11102	58.911743
728.16187	52.758762
728.21271	51.345982
728.26355	57.20496
728.31433	51.713947
728.36517	52.329391
728.41602	57.555317
728.46686	54.4263
728.5177	47.194592
728.56854	55.718494
728.61938	57.998001
728.67017	47.13171
728.72101	51.879047
728.77185	54.894169
728.82269	49.944309
728.87354	48.750961
728.92438	53.344196
728.97522	54.6106
729.026	51.06414
729.07684	54.272144
729.12769	55.848
729.17853	57.743332
729.22937	55.153942
729.28021	51.55608
729.33105	56.86142
729.38184	56.919785
729.43268	56.128735
729.48352	54.950256
729.53436	50.185524
729.58521	52.65889
729.63605	53.160332
729.68689	53.524391
729.73767	52.430828
729.78851	50.531857
729.83936	49.777588
729.8902	53.964123
729.94104	56.607803
729.99188	55.622692
730.04272	52.75877
730.09351	54.35854
730.14435	55.239079
730.19519	53.070293
730.24603	50.735641
730.29688	55.590096
730.34772	51.67923
730.39856	46.401703
730.44934	49.92683
730.50018	48.662457
730.55103	50.7742
730.60187	53.755497
730.65271	53
730.70355	52.469158
730.75439	52.51923
730.80518	51.983658
730.85602	51.994228
730.90686	51.541832
730.9577	51.424995
731.00854	54.391823
731.05939	53.596264
731.11023	53.479252
731.16101	56.138462
731.21185	56.96944
731.2627	55.731556
731.31354	49.204807
731.36438	50.200321
731.41522	54.818825
731.46606	54.253521
731.51691	50
731.56769	50.579319
731.61853	52.686134
731.66937	53.091412
731.72021	51.024021
731.77106	53.105766
731.8219	52.148083
731.87274	55.827888
731.92352	56.14566
731.97437	51.253849
732.02521	53.139267
732.07605	56.899769
732.12689	57.651493
732.17773	56.457329
732.22858	52.420692
732.27936	53.228111
732.3302	50.700821
732.38104	54.068859
732.43188	54.278385
732.48273	51.233559
732.53357	52.114597
732.58441	48.907459
732.63519	48.778038
732.68604	54.371532
732.73688	53.593777
732.78772	55.956043
732.83856	53.614254
732.8894	52.113194
732.94025	56.316845
732.99103	54.31406
733.04187	51.607761
733.09271	47.93631
733.14355	56.275562
733.1944	53.437851
733.24524	51.797047
733.29608	59.340473
733.34686	52.665268
733.39771	52.721909
733.44855	57.12159
733.49939	51.28447
733.55023	52.113998
733.60107	50.567467
733.65192	54.608658
733.7027	50.085007
733.75354	56.128181
733.80438	51.570007
733.85522	51.70013
733.90607	50.325054
733.95691	44.996933
734.00775	50.175121
734.05853	51.366772
734.10938	51.248714
734.16022	51.681282
734.21106	56.054394
734.2619	54.956318
734.31274	51.775219
734.36359	50.636295
734.41437	54.889248
734.46521	54.248508
734.51605	55.722557
734.56689	52.478664
734.61774	49.71032
734.66858	53.220112
734.71942	48.685806
734.7702	50.416519
734.82104	54.772598
734.87189	50.497383
734.92273	50.816097
734.97357	51.139671
735.02441	50.861588
735.07526	53.997402
735.12604	54.525681
735.17688	51.82906
735.22772	52.409939
735.27856	52.311272
735.32941	50.839451
735.38025	52.734875
735.43109	52.770294
735.48193	51.715893
735.53271	51.214508
735.58356	52.756859
735.6344	51.875748
735.68524	50.226318
735.73608	52.076069
735.78693	51.977367
735.83777	51.966476
735.88855	53.415527
735.93939	52.314667
735.99023	53.512936
736.04108	54.37669
736.09192	52.687229
736.14276	52.684456
736.1936	51.098133
736.24438	51.586266
736.29523	50.006844
736.34607	46.027294
736.39691	50.92363
736.44775	53.688446
736.4986	51.893166
736.54944	52.089455
736.60022	49.253689
736.65106	49.4776
736.7019	47.931389
736.75275	46.11998
736.80359	51.01099
736.85443	52.346992
736.90527	48.919121
736.95605	50.683983
737.0069	54.440975
737.05774	49.51405
737.10858	51.931553
737.15942	50.496632
737.21027	48.621471
737.26111	51.263397
737.31189	49.889782
737.36273	48.78936
737.41357	51.319874
737.46442	50.794144
737.51526	52.757324
737.5661	50.109177
737.61694	54.529114
737.66772	52.539761
737.71857	55.50494
737.76941	53.591358
737.82025	49.762566
737.87109	53.155025
737.92194	50.725471
737.97278	54.022591
738.02356	50.665039
738.0744	52.338825
738.12524	48.026276
738.17609	48.992931
738.22693	49.545567
738.27777	49.511826
738.32861	54.693813
738.37939	47.381645
738.43024	52.330498
738.48108	43.145077
738.53192	52.136864
738.58276	48.327007
738.63361	46.252186
738.68445	51.01086
738.73523	48.348358
738.78607	50.627239
738.83691	51.13002
738.88776	49.620464
738.9386	48.163841
738.98944	46.982456
739.04028	49.057938
739.09106	48.71793
739.14191	48.661575
739.19275	52.004696
739.24359	48.493645
739.29443	46.614799
739.34528	47.519642
739.39612	49.267754
739.4469	51.698318
739.49774	52.407284
739.54858	51.27174
739.59943	50.099003
739.65027	49.607014
739.70111	47.645191
739.75195	50.252464
739.8028	51.011494
739.85358	49.277817
739.90442	48.532185
739.95526	48.792671
740.0061	51.354145
740.05695	53.050388
740.10779	54.496593
740.15863	53.194988
740.20941	51.109455
740.26025	52.417625
740.3111	52.805962
740.36194	46.75985
740.41278	46.439129
740.46362	51.439632
740.51447	51.902637
740.56525	50.986996
740.61609	48.428864
740.66693	46.463852
740.71777	47.694893
740.76862	50.462013
740.81946	51.646679
740.8703	51.599415
740.92108	49.557415
740.97192	46.057743
741.02277	46.695663
741.07361	50.216446
741.12445	50.528667
741.17529	51.034626
741.22614	50.397434
741.27692	49.688698
741.32776	53.146774
741.3786	52.334091
741.42944	50.977837
741.48029	51.190048
741.53113	48.950397
741.58197	47.737423
741.63275	50.223591
741.68359	48.605015
741.73444	50.696739
741.78528	51.353622
741.83612	47.206211
741.88696	50.592106
741.93781	54.3978
741.98859	53.40601
742.03943	47.506767
742.09027	52.477966
742.14111	52.485847
742.19196	52.584049
742.2428	50.143566
742.29364	50.373348
742.34442	46.593666
742.39526	47.799393
742.44611	48.85844
742.49695	49.076431
742.54779	50.042057
742.59863	52.583244
742.64948	53.554749
742.70026	51.873936
742.7511	54.121552
742.80194	50.53764
742.85278	51.172916
742.90363	55.572979
742.95447	49.178101
743.00531	47.34988
743.05609	44.186806
743.10693	47.701023
743.15778	50.690128
743.20862	53.532745
743.25946	53.30727
743.3103	48.561474
743.36115	49.204952
743.41193	51.825573
743.46277	52.756969
743.51361	51.321178
743.56445	51.136093
743.6153	51.13802
743.66614	49.530056
743.71698	50.422581
743.76782	53.802315
743.8186	53.712055
743.86945	48.775753
743.92029	54.833385
743.97113	47.913136
744.02197	49.659531
744.07281	49.371517
744.12366	51.441273
744.17444	51.61018
744.22528	52.015762
744.27612	51.659599
744.32697	46.94405
744.37781	49.554928
744.42865	45.85326
744.47949	47.887939
744.53027	48.428776
744.58112	46.598175
744.63196	48.233315
744.6828	49.230598
744.73364	49.308121
744.78448	47.260784
744.83533	48.933529
744.88611	47.496788
744.93695	53.80352
744.98779	49.741146
745.03864	51.708279
745.08948	48.882313
745.14032	50.127132
745.19116	52.077271
745.24194	50.18819
745.29279	48.832661
745.34363	53.481899
745.39447	49.951237
745.44531	50.128128
745.49615	52.092918
745.547	52.803276
745.59778	52.778473
745.64862	50.367348
745.69946	51.839256
745.75031	51.182949
745.80115	53.941242
745.85199	49.714962
745.90283	49.208748
745.95361	51.875084
746.00446	51.770531
746.0553	50.009869
746.10614	52.873814
746.15698	45.084152
746.20782	46.379059
746.25867	51.895046
746.30945	47.58934
746.36029	47.881809
746.41113	48.279633
746.46198	48.14423
746.51282	51.509819
746.56366	52.885342
746.6145	46.763897
746.66528	45.91967
746.71613	50.728333
746.76697	47.859394
746.81781	50.116337
746.86865	52.288235
746.91949	48.141071
746.97034	50.320465
747.02112	51.715702
747.07196	52.788166
747.1228	55.06282
747.17365	48.31216
747.22449	46.801201
747.27533	45.277035
747.32617	51.029636
747.37695	52.410957
747.4278	49.930283
747.47864	47.848984
747.52948	51.275715
747.58032	50.606007
747.63116	48.607868
747.68201	48.90292
747.73279	49.369667
747.78363	48.941013
747.83447	51.393986
747.88531	49.798347
747.93616	45.265518
747.987	45.575665
748.03784	48.366795
748.08868	50.255077
748.13947	49.583328
748.19031	49.736774
748.24115	49.345188
748.29199	49.425831
748.34283	52.396358
748.39368	51.321648
748.44452	48.973782
748.4953	49.747303
748.54614	51.216785
748.59698	48.9786
748.64783	50.521114
748.69867	48.874832
748.74951	48.561237
748.80035	48.779453
748.85114	47.884289
748.90198	51.106758
748.95282	51.441589
749.00366	50.310776
749.0545	47.589798
749.10535	49.019035
749.15619	49.453533
749.20697	49.407421
749.25781	52.17955
749.30865	50.175205
749.3595	51.955872
749.41034	50.546249
749.46118	48.807476
749.51202	48.022858
749.56281	51.791042
749.61365	49.6385
749.66449	49.082729
749.71533	48.946297
749.76617	44.362888
749.81702	46.361942
749.86786	46.602879
749.91864	42.10701
749.96948	45.791813
750.02032	49.488365
750.07117	48.673199
750.12201	46.535152
750.17285	44.125465
750.22369	51.280323
750.27448	49.127743
750.32532	47.861938
750.37616	49.93269
750.427	51.274452
750.47784	39.771477
750.52869	50.528103
750.57953	49.896366
750.63031	48.819794
750.68115	46.758018
750.73199	49.219273
750.78284	48.130459
750.83368	44.865585
750.88452	50.869854
750.93536	46.445374
750.98615	47.414482
751.03699	46.702839
751.08783	50.166248
751.13867	47.444061
751.18951	45.469662
751.24036	50.744843
751.2912	50.119732
751.34198	49.748528
751.39282	50.104809
751.44366	48.093521
751.49451	48.005291
751.54535	47.349819
751.59619	47.939137
751.64703	48.365681
751.69781	47.183369
751.74866	44.761734
751.7995	54.184536
751.85034	53.466984
751.90118	51.210388
751.95203	50.32608
752.00287	49.395882
752.05365	44.317059
752.10449	43.841389
752.15533	48.839695
752.20618	51.586418
752.25702	52.038708
752.30786	46.693985
752.3587	47.447815
752.40955	48.14978
752.46033	43.09737
752.51117	48.351215
752.56201	46.76643
752.61285	46.448364
752.6637	52.549541
752.71454	46.816971
752.76538	45.030235
752.81616	46
752.867	46.652977
752.91785	48.307549
752.96869	49.033207
753.01953	50.882504
753.07037	47.092392
753.12122	44.603569
753.172	43.812622
753.22284	43
753.27368	46.462605
753.32452	46.758305
753.37537	44.445839
753.42621	44.01807
753.47705	46.153053
753.52783	51.147102
753.57867	49.385372
753.62952	47.052216
753.68036	48.5219
753.7312	47.531116
753.78204	48.933636
753.83289	51.017757
753.88367	49.191589
753.93451	46.586552
753.98535	44.722889
754.03619	46.861034
754.08704	48.66394
754.13788	46.035637
754.18872	47.821457
754.2395	47.957157
754.29034	51.755863
754.34119	50.061935
754.39203	46.815823
754.44287	49.301952
754.49371	48
754.54456	47.011032
754.59534	45.641144
754.64618	44.203804
754.69702	39.80484
754.74786	47.495258
754.79871	53.187046
754.84955	47.122608
754.90039	50.024487
754.95117	47.724003
755.00201	43.690945
755.05286	51.089378
755.1037	48
755.15454	47.353683
755.20538	45.411118
755.25623	47.783638
755.30701	51.186985
755.35785	50.057758
755.40869	41.864742
755.45953	45.846737
755.51038	46.22237
755.56122	52.333939
755.61206	48.52029
755.66284	51.522659
755.71368	47.810207
755.76453	45.724613
755.81537	43.650463
755.86621	49.753632
755.91705	46.884277
755.9679	45
756.01868	45.001816
756.06952	45.169361
756.12036	48
756.1712	47.836082
756.22205	42.087875
756.27289	47.076641
756.32373	51.99514
756.37457	46.091919
756.42535	46.033203
756.4762	46.972546
756.52704	46.03714
756.57788	48.859066
756.62872	49.031353
756.67957	50.9021
756.73041	50.107533
756.78119	47.251862
756.83203	41.587029
756.88287	45.525047
756.93372	47.812534
756.98456	48.033203
757.0354	45.419994
757.08624	42.417473
757.13702	47.968544
757.18787	43.965393
757.23871	49.713745
757.28955	47.704269
757.34039	46.183529
757.39124	39.564671
757.44208	42.795399
757.49286	51.891724
757.5437	44.660278
757.59454	42.033203
757.64539	44.322395
757.69623	49.553986
757.74707	45.797211
757.79791	47.703255
757.84869	51.190247
757.89954	49.871311
757.95038	49.009682
758.00122	44.824657
758.05206	44.392376
758.10291	46.364712
758.15375	44.305386
758.20453	45.681881
758.25537	47.033203
758.30621	51.536224
758.35706	48.919956
758.4079	47.899166
758.45874	50.860737
758.50958	50.185677
758.56036	49.013187
758.61121	46.623451
758.66205	49.683475
758.71289	45.521637
758.76373	45.145462
758.81458	49.033199
758.86542	50.66679
758.9162	50.374241
758.96704	49.533218
759.01788	49.475487
759.06873	48.484188
759.11957	44.957348
759.17041	45.488838
759.22125	47.530891
759.27203	47.939968
759.32288	48.144016
759.37372	45.106014
759.42456	44.488094
759.4754	46.373363
759.52625	48.895988
759.57709	51.289917
759.62787	49.222557
759.67871	44.019505
759.72955	45.628868
759.7804	46.439438
759.83124	44.399765
759.88208	45.412148
759.93292	46.033203
759.9837	46.394745
760.03455	46.668652
760.08539	44.633266
760.13623	43.716312
760.18707	48.006073
760.23792	49.680782
760.28876	48.077671
760.33954	46.639206
760.39038	48.02343
760.44122	46.010315
760.49207	43.796223
760.54291	49.931423
760.59375	48.075912
760.64459	50.268005
760.69543	48.008118
760.74622	47.553856
760.79706	46.916851
760.8479	49.147739
760.89874	45.796162
760.94958	45.43124
761.00043	47.389252
761.05127	49.372288
761.10205	51.184334
761.15289	51.179031
761.20374	47.650135
761.25458	51.181599
761.30542	52.144962
761.35626	52.176342
761.4071	46.875546
761.45789	46.029182
761.50873	46.112492
761.55957	47
761.61041	47.096256
761.66125	47.737049
761.7121	45.350639
761.76294	49.074818
761.81372	49.969414
761.86456	48.864605
761.91541	45.938095
761.96625	44.353462
762.01709	51.869762
762.06793	47.02459
762.11877	48.081436
762.16956	50.985126
762.2204	49.033367
762.27124	52.969353
762.32208	50.048519
762.37292	49.056129
762.42377	41.292316
762.47461	47.753559
762.52539	48.954109
762.57623	47.143574
762.62708	47.002113
762.67792	43.315742
762.72876	44.845119
762.7796	45.91264
762.83044	47.810036
762.88123	47.132305
762.93207	45.255371
762.98291	51.172779
763.03375	45.91283
763.08459	48.498081
763.13544	50.722084
763.18628	53.578716
763.23706	49.792915
763.2879	44.853016
763.33875	48.14283
763.38959	49.847122
763.44043	49.194851
763.49127	47.392673
763.54211	43.81543
763.5929	43.78862
763.64374	48.712536
763.69458	47.712467
763.74542	49.305939
763.79626	51.517071
763.84711	48.24493
763.89795	47.768177
763.94873	48.033203
763.99957	51.620495
764.05042	52.23011
764.10126	49.087929
764.1521	50.798401
764.20294	49.226738
764.25378	49.356926
764.30457	46.598816
764.35541	39.683002
764.40625	44.395187
764.45709	47.191044
764.50793	48.87281
764.55878	49.844902
764.60962	52.214043
764.66046	52.990269
764.71124	52.145329
764.76208	47.038544
764.81293	45.349659
764.86377	42.035336
764.91461	43.797035
764.96545	47.748291
765.0163	47.241123
765.06708	47.521473
765.11792	46.726421
765.16876	47.587837
765.2196	48.480049
765.27045	46.633957
765.32129	46.498798
765.37213	47.808163
765.42291	47.492069
765.47375	50.86689
765.5246	52.6245
765.57544	47.700916
765.62628	46.195465
765.67712	47.366253
765.72797	43.946362
765.77875	43.513233
765.82959	46.283825
765.88043	47.008389
765.93127	49.089451
765.98212	48.352222
766.03296	47.517147
766.0838	45.105789
766.13458	43.748722
766.18542	45.941204
766.23627	43.97963
766.28711	46.526665
766.33795	47.235252
766.38879	44.070679
766.43964	46.853004
766.49042	50.564877
766.54126	49.184116
766.5921	47.864849
766.64294	48.083084
766.69379	46.656235
766.74463	49.982773
766.79547	51.526882
766.84625	46.497692
766.89709	49.434784
766.94794	48.35342
766.99878	48.81506
767.04962	47.784058
767.10046	43.716389
767.15131	49.690464
767.20209	50.530922
767.25293	48.075878
767.30377	45.151581
767.35461	46.009678
767.40546	43.27272
767.4563	44.927914
767.50714	49.132862
767.55792	49.492031
767.60876	47.504635
767.65961	42.575626
767.71045	46.684677
767.76129	45.506245
767.81213	48.111153
767.86298	48.863922
767.91376	47.447418
767.9646	49.974358
768.01544	46.911278
768.06628	48.298935
768.11713	47.415257
768.16797	42.837067
768.21881	46.929718
768.26959	48.075043
768.32043	49.163143
768.37128	42.294643
768.42212	48.369385
768.47296	44.299831
768.5238	46.124454
768.57465	43.705059
768.62543	43.49799
768.67627	47.756672
768.72711	47.797352
768.77795	49.149555
768.8288	51.218349
768.87964	42.189373
768.93048	50.118366
768.98132	47.686741
769.0321	48.718796
769.08295	45.288548
769.13379	47.087299
769.18463	48.914501
769.23547	46.564419
769.28632	49.073135
769.33716	46.3367
769.38794	44.013527
769.43878	47.51162
769.48962	49.28331
769.54047	45.745781
769.59131	45.497662
769.64215	50.425251
769.69299	45.972233
769.74377	48.415863
769.79462	48.701279
769.84546	48.81216
769.8963	43.343658
769.94714	45.569141
769.99799	48.905975
770.04883	52.403801
770.09961	46.520939
770.15045	50.128593
770.20129	46.154991
770.25214	48.889812
770.30298	47.556988
770.35382	48.008297
770.40466	52.100628
770.45544	46.016068
770.50629	47.045326
770.55713	46.355438
770.60797	49.035423
770.65881	50.324623
770.70966	47.641365
770.7605	46.967449
770.81128	47.086727
770.86212	45.381195
770.91296	46.834034
770.96381	45.90134
771.01465	49.289314
771.06549	48.873043
771.11633	48.719353
771.16711	47.201126
771.21796	45.387123
771.2688	48.432293
771.31964	46.903744
771.37048	45.909641
771.42133	43.598701
771.47217	47.583378
771.52295	46.210293
771.57379	44.826153
771.62463	42.492516
771.67548	45.333763
771.72632	46.629574
771.77716	42.670799
771.828	47.050034
771.87878	52.90295
771.92963	48.161179
771.98047	47.657093
772.03131	44.067318
772.08215	46.126205
772.133	46.377708
772.18384	45.241978
772.23462	47.089813
772.28546	45.795227
772.3363	44.037132
772.38715	43.333038
772.43799	46.609509
772.48883	48.909065
772.53967	48.897903
772.59045	48.669086
772.6413	46.249519
772.69214	45.706516
772.74298	46.772789
772.79382	47.749077
772.84467	49.91011
772.89551	50.800373
772.94635	49.899509
772.99713	45.632423
773.04797	47.187538
773.09882	48.306206
773.14966	47.836006
773.2005	50.264057
773.25134	51.832901
773.30219	47.417614
773.35297	46.420094
773.40381	48.991421
773.45465	46.677067
773.50549	46.43227
773.55634	44.291298
773.60718	43.289883
773.65802	47.70142
773.7088	46.721809
773.75964	44.528942
773.81049	45.537239
773.86133	46.845787
773.91217	46.802986
773.96301	46.014175
774.01385	46.067825
774.06464	47.924072
774.11548	45.869476
774.16632	45.925629
774.21716	45.738857
774.26801	45.866341
774.31885	49.690739
774.36969	46.469936
774.42047	48.276783
774.47131	46.821877
774.52216	48.752716
774.573	51.155388
774.62384	49.648056
774.67468	48.43589
774.72552	46.339424
774.77631	49.398354
774.82715	49.884525
774.87799	48.297932
774.92883	48.41473
774.97968	48.968552
775.03052	44.40036
775.08136	43.171238
775.13214	41.047024
775.18298	49.71344
775.23383	51.037865
775.28467	45.500183
775.33551	48.339298
775.38635	49.715782
775.43719	49.032986
775.48798	48.803417
775.53882	47.221024
775.58966	47.093689
775.6405	48.159172
775.69135	49.250885
775.74219	49.556545
775.79303	48.742294
775.84381	43.208191
775.89465	49.035538
775.9455	45.770496
775.99634	44.410664
776.04718	45.892101
776.09802	43.671894
776.14886	47.006233
776.19965	48.148075
776.25049	48.271351
776.30133	48.026089
776.35217	47.719719
776.40302	51.148518
776.45386	46.852524
776.5047	50.813858
776.55548	46.472298
776.60632	47.378418
776.65717	46.172371
776.70801	50.846291
776.75885	47.713421
776.80969	44.713486
776.86053	47.904026
776.91132	48.839931
776.96216	42.269455
777.013	47.071461
777.06384	47.348434
777.11469	47.027031
777.16553	43.939194
777.21637	48.242943
777.26721	46.423943
777.31799	43.771465
777.36884	45.415447
777.41968	46.443249
777.47052	45.482407
777.52136	45.689205
777.5722	48.443394
777.62305	43.056316
777.67383	45.586533
777.72467	44.584106
777.77551	45.219158
777.82635	47.745007
777.8772	46.889622
777.92804	47.568222
777.97888	49.90678
778.02966	50.789497
778.08051	48.451797
778.13135	48.320389
778.18219	47.774139
778.23303	47.991238
778.28387	48.874527
778.33472	46.556557
778.3855	49.205662
778.43634	46.923763
778.48718	47.705528
778.53802	49.148708
778.58887	48.729893
778.63971	51.960636
778.69055	51.875587
778.74133	51.64558
778.79218	51.542759
778.84302	50.293625
778.89386	49.299526
778.9447	49.568462
778.99554	48.593018
779.04639	47.596817
779.09717	47.065685
779.14801	46.846146
779.19885	45.925522
779.24969	47.709084
779.30054	51.497665
779.35138	47.67429
779.40222	48.011921
779.453	47.464462
779.50385	49.86433
779.55469	48.697536
779.60553	48.000381
779.65637	44.626644
779.70721	41.982906
779.75806	46.462292
779.80884	47.676193
779.85968	47.088055
779.91052	50.653816
779.96136	52.123875
780.01221	51.02396
780.06305	47.930531
780.11389	44.47998
780.16467	48.84602
780.21552	50.003353
780.26636	48.879322
780.3172	48.821747
780.36804	47.3428
780.41888	41.25296
780.46973	46.087833
780.52051	46.190304
780.57135	44.324982
780.62219	46.072865
780.67303	50.581085
780.72388	51.455673
780.77472	54.500706
780.82556	48.714561
780.87634	46.432964
780.92719	49.054543
780.97803	50.334148
781.02887	45.51627
781.07971	48.198654
781.13055	52.903183
781.1814	51.148197
781.23218	44.135715
781.28302	49.362507
781.33386	55.353115
781.3847	45.898449
781.43555	51.280304
781.48639	46.329586
781.53723	48.639194
781.58807	46.679253
781.63885	47.156982
781.6897	49.055252
781.74054	45.556396
781.79138	47.779346
781.84222	45.989132
781.89307	45.752399
781.94391	53.377045
781.99469	50.571316
782.04553	47.36232
782.09637	51.344116
782.14722	50.809193
782.19806	48.989677
782.2489	51.443478
782.29974	48.604332
782.35052	49.441277
782.40137	51.16861
782.45221	49.250179
782.50305	55.137329
782.55389	45.355598
782.60474	45.526184
782.65558	51.267479
782.70636	45.379417
782.7572	49.479572
782.80804	51.69487
782.85889	50.581089
782.90973	46.644634
782.96057	50.544727
783.01141	51.186367
783.06219	52.569431
783.11304	47.10511
783.16388	50.446022
783.21472	48.003048
783.26556	45.028614
783.31641	43.466526
783.36725	46.585663
783.41803	52.793549
783.46887	49.163521
783.51971	50.532948
783.57056	51.900154
783.6214	55.924366
783.67224	47.664822
783.72308	41.508484
783.77386	53.330246
783.82471	50.633251
783.87555	46.773628
783.92639	47.657734
783.97723	52.65136
784.02808	49.581516
784.07892	45.992065
784.1297	42.221008
784.18054	53.505016
784.23138	52.888485
784.28223	50.375526
784.33307	49.341213
784.38391	48.419453
784.43475	50.220757
784.48553	48.334259
784.53638	53.952637
784.58722	52.209877
784.63806	44.669621
784.6889	46.074989
784.73975	46.098
784.79059	45.137695
784.84137	49.69767
784.89221	50.847519
784.94305	53.327644
784.9939	53.157116
785.04474	50.750233
785.09558	54.329826
785.14642	54.551163
785.1972	53
785.24805	54.881161
785.29889	49.620289
785.34973	48.651703
785.40057	54.034351
785.45142	52.04784
785.50226	50.211338
785.5531	49.939903
785.60388	48.522297
785.65472	48.137695
785.70557	47.596386
785.75641	49.812557
785.80725	48.893097
785.85809	48.683407
785.90894	49.002808
785.95972	49.61829
786.01056	52.571682
786.0614	49.521351
786.11224	50.973682
786.16309	56.137695
786.21393	50.81456
786.26477	46.951344
786.31555	46.282043
786.36639	47.193539
786.41724	52.075375
786.46808	51.107494
786.51892	50.439915
786.56976	51.493282
786.62061	53.787834
786.67139	53.10817
786.72223	49.080448
786.77307	50.694073
786.82391	51.469841
786.87476	52.228634
786.9256	53.623974
786.97644	48.137695
787.02722	49.980183
787.07806	53.372597
787.12891	52.219139
787.17975	49.80798
787.23059	51.354008
787.28143	54.439087
787.33228	57.336586
787.38306	55.434525
787.4339	56.066475
787.48474	50.795898
787.53558	47.089931
787.58643	49.150528
787.63727	55.854721
787.68811	53.100918
787.73889	55.058548
787.78973	48.905693
787.84058	51.945763
787.89142	51.551289
787.94226	46.996231
787.9931	49.884037
788.04395	44.810993
788.09473	46.849842
788.14557	49.94685
788.19641	59.867481
788.24725	52.870113
788.2981	52.458267
788.34894	51.315403
788.39978	43.305836
788.45056	50.576054
788.5014	57.841717
788.55225	49.830662
788.60309	53.889496
788.65393	55.13332
788.70477	48.028255
788.75562	53.091244
788.8064	57.622711
788.85724	54.472443
788.90808	50.635139
788.95892	48
789.00977	48.615162
789.06061	51.850994
789.11145	50.393162
789.16223	52.132027
789.21307	53.270905
789.26392	55.017162
789.31476	54.467564
789.3656	55.815582
789.41644	47.17659
789.46729	55.052856
789.51807	45.784462
789.56891	52.486675
789.61975	55.306431
789.67059	45.78318
789.72144	43.69278
789.77228	50.616764
789.82312	45.07859
789.87396	44.561916
789.92474	52.097614
789.97559	53.825581
790.02643	50.111938
790.07727	53.225136
790.12811	59.841644
790.17896	53.981647
790.2298	47.185921
790.28058	58.085854
790.33142	53.142197
790.38226	53.999805
790.43311	51.152988
790.48395	51.001408
790.53479	48.185085
790.58563	50.094242
790.63641	55.842449
790.68726	50.325439
790.7381	50.137695
790.78894	53.968395
790.83978	55.090221
790.89063	57.849373
790.94147	49.519974
790.99225	49
791.04309	54.584881
791.09393	51.297676
791.14478	52.840862
791.19562	55.745846
791.24646	54.179737
791.2973	54
791.34808	54
791.39893	50.544464
791.44977	53.573338
791.50061	50.462471
791.55145	52.637695
791.60229	55.622246
791.65314	49.040222
791.70392	57.633858
791.75476	53.978729
791.8056	52.165333
791.85645	55.515087
791.90729	56.865807
791.95813	52.80386
792.00897	57.838543
792.05975	59.11414
792.1106	59.848892
792.16144	51.91465
792.21228	57.357582
792.26312	50.904762
792.31396	53.02187
792.36481	56.397671
792.41559	53.929375
792.46643	51.448666
792.51727	55.032932
792.56812	56.810143
792.61896	56.224403
792.6698	56.876839
792.72064	54.735588
792.77142	60.083317
792.82227	55.194485
792.87311	55.35738
792.92395	56.034954
792.97479	56.843044
793.02563	57.772991
793.07648	46.289516
793.12726	55.181667
793.1781	57.148342
793.22894	52.411747
793.27979	53.140057
793.33063	56.223198
793.38147	55.730904
793.43231	55.041435
793.48309	57.777161
793.53394	57.715076
793.58478	56.452511
793.63562	56.81773
793.68646	56.462002
793.7373	56.716244
793.78815	57
793.83899	58.985477
793.88977	55.39777
793.94061	56.263603
793.99146	59.385963
794.0423	56.830994
794.09314	53.721542
794.14398	56.807064
794.19482	52.785625
794.24561	56.025391
794.29645	52.680286
794.34729	47.435696
794.39813	50.146046
794.44897	55.785229
794.49982	57.534454
794.55066	55.34127
794.60144	54.650635
794.65228	52.13036
794.70313	57.166462
794.75397	54.494568
794.80481	52.462723
794.85565	53.282036
794.90649	54.27478
794.95728	57.205788
795.00812	55.89938
795.05896	53.505566
795.1098	55.834255
795.16064	56.421234
795.21149	50.734356
795.26233	50.295044
795.31311	53.073616
795.36395	54.654804
795.41479	56.525505
795.46564	53.870708
795.51648	55.140709
795.56732	52.401443
795.61816	50.713951
795.66895	54.633183
795.71979	52.636036
795.77063	56.600224
795.82147	58.621429
795.87231	54.567379
795.92316	56.535606
795.974	57.159401
796.02478	58.844234
796.07562	58.636227
796.12646	57.173779
796.17731	58.579075
796.22815	58.286655
796.27899	57.894989
796.32983	52.964787
796.38062	58.549839
796.43146	63.73497
796.4823	58.71336
796.53314	54.279442
796.58398	54.444443
796.63483	56.820366
796.68567	54.366169
796.73645	54.936924
796.78729	56.962185
796.83813	57.31953
796.88898	56.227398
796.93982	56.087467
796.99066	52.061478
797.0415	54.857914
797.09229	54.772217
797.14313	53.42178
797.19397	57.559536
797.24481	55.236427
797.29565	57.372925
797.3465	61.327751
797.39734	62.153904
797.44812	56.415859
797.49896	56.323158
797.5498	58.693855
797.60065	57.216812
797.65149	53.400604
797.70233	57.516876
797.75317	56.74437
797.80396	53.728832
797.8548	53.253273
797.90564	51.981682
797.95648	53.171513
798.00732	54.995747
798.05817	59.553936
798.10901	54.469528
798.15985	56.490681
798.21063	59.972401
798.26147	56.568951
798.31232	59.3974
798.36316	55.231236
798.414	55.646637
798.46484	55.926598
798.51569	53.089012
798.56647	57.503941
798.61731	59.401394
798.66815	54.748276
798.71899	54.569225
798.76984	54.857773
798.82068	61.661545
798.87152	56.58564
798.9223	53.940861
798.97314	56.343853
799.02399	53.304348
799.07483	58.549545
799.12567	60.389595
799.17651	53.182831
799.22736	55.32893
799.27814	54.134979
799.32898	57.085899
799.37982	55.668568
799.43066	55.495422
799.48151	64.450195
799.53235	62.225464
799.58319	61.442204
799.63397	58.020657
799.68481	57.724186
799.73566	56.402706
799.7865	59.842693
799.83734	59.101318
799.88818	59.44371
799.93903	60.023987
799.98981	60.432648
800.04065	64.795364
800.09149	60.502693
800.14233	62.320221
800.19318	55.833569
800.24402	57.105083
800.29486	56.318558
800.34564	61.953114
800.39648	62.73679
800.44733	60.851082
800.49817	58.484425
800.54901	61.276569
800.59985	57.597462
800.6507	60.432575
800.70148	56.468349
800.75232	56.310345
800.80316	51.589935
800.854	57.465439
800.90485	60.780804
800.95569	52.702518
801.00653	55.316463
801.05731	56.873001
801.10815	56.095921
801.159	61.66777
801.20984	56.71986
801.26068	58.352024
801.31152	60.282303
801.36237	63.100525
801.41315	61.447174
801.46399	57.780663
801.51483	56.434959
801.56567	59.888042
801.61652	58.40881
801.66736	61.104919
801.7182	54.958851
801.76898	55.701908
801.81982	59.839668
801.87067	63.337318
801.92151	61.931988
801.97235	56.146049
802.02319	55.392586
802.07404	60.908382
802.12488	57.873131
802.17566	55.040043
802.2265	57.982002
802.27734	65.012306
802.32819	58.821396
802.37903	62.509335
802.42987	61.105896
802.48071	63.270947
802.53149	60.779778
802.58234	66.00808
802.63318	59.702332
802.68402	58.799328
802.73486	59.970333
802.78571	66.274696
802.83655	59.324749
802.88733	60.608803
802.93817	52.640427
802.98901	50.847145
803.03986	59.349991
803.0907	59.011219
803.14154	63.210964
803.19238	61.718422
803.24316	60.474148
803.29401	57.404453
803.34485	61.91769
803.39569	59.022617
803.44653	66.332863
803.49738	59.910229
803.54822	57.171345
803.599	64.007111
803.64984	62.402332
803.70068	56.808861
803.75153	59.69146
803.80237	65.717751
803.85321	62.714844
803.90405	58.929192
803.95483	59.676392
804.00568	57.037941
804.05652	60.137844
804.10736	61.754848
804.1582	63.187031
804.20905	63.103416
804.25989	58.388641
804.31067	61.929417
804.36151	62.828438
804.41235	61.948032
804.4632	56.83511
804.51404	57.559895
804.56488	65.345978
804.61572	59.79491
804.6665	60.401436
804.71735	61.334755
804.76819	60.89698
804.81903	66.863358
804.86987	67.419853
804.92072	63.443371
804.97156	62.138607
805.02234	67.628197
805.07318	57.476929
805.12402	59.252434
805.17487	58.954525
805.22571	58.341217
805.27655	59.990406
805.32739	59.895378
805.37817	58.801258
805.42902	58.771843
805.47986	61.779732
805.5307	63.270935
805.58154	61.730511
805.63239	66.174362
805.68323	58.515556
805.73401	56.902714
805.78485	57.50983
805.83569	67.486839
805.88654	66.60154
805.93738	59.844917
805.98822	55.605213
806.03906	60.785164
806.08984	59.762207
806.14069	61.02578
806.19153	61.093441
806.24237	61.688244
806.29321	68.161102
806.34406	60.511803
806.3949	57.80946
806.44574	64.773163
806.49652	68.086403
806.54736	61.631279
806.59821	66.617378
806.64905	64.231903
806.69989	61.712727
806.75073	59.578556
806.80157	61.193207
806.85236	59.807934
806.9032	57.719444
806.95404	62.851479
807.00488	61.322319
807.05573	62.223904
807.10657	64.834961
807.15741	65.305679
807.20819	62.537785
807.25903	63.529995
807.30988	63.153545
807.36072	59.203968
807.41156	59.999973
807.4624	67.261154
807.51324	69.607773
807.56403	66.171021
807.61487	70.191353
807.66571	67.211617
807.71655	60.136467
807.7674	62.525902
807.81824	60.003174
807.86908	64.150414
807.91986	63.899796
807.9707	67.174698
808.02155	68.3004
808.07239	68.626175
808.12323	67.736374
808.17407	66.633652
808.22491	66.018112
808.2757	65.05735
808.32654	66.581467
808.37738	64.548241
808.42822	59.818871
808.47906	61.692883
808.52991	62.707054
808.58075	62.571598
808.63153	65.532097
808.68237	63.344822
808.73322	64.902771
808.78406	65.850044
808.8349	66.299202
808.88574	66.169823
808.93658	61.856201
808.98737	62.474033
809.03821	62.377666
809.08905	62.150249
809.13989	58.480438
809.19073	62.157135
809.24158	67.20343
809.29242	62.430603
809.3432	64.70858
809.39404	67.612556
809.44489	65.556221
809.49573	65.020935
809.54657	65.495613
809.59741	63.89698
809.64825	64.120461
809.69904	64.129974
809.74988	59.567822
809.80072	64.922157
809.85156	66.87394
809.9024	62.145176
809.95325	60.567844
810.00409	65.669907
810.05487	57.354877
810.10571	62.031765
810.15656	62.688038
810.2074	63.760197
810.25824	63.700897
810.30908	68.325226
810.35992	66.902687
810.41071	65.361465
810.46155	63.562519
810.51239	63.923244
810.56323	65.891075
810.61407	61.531921
810.66492	61.141071
810.71576	67.145226
810.7666	67.051826
810.81738	60.151203
810.86823	62.330124
810.91907	67.409416
810.96991	65.229057
811.02075	67.967598
811.07159	63.955776
811.12244	63.713833
811.17322	64.304985
811.22406	68.292297
811.2749	67.376358
811.32574	65.91787
811.37659	73.603294
811.42743	64.954758
811.47827	70.655235
811.52905	67.565872
811.5799	68.65937
811.63074	68.860306
811.68158	66.825165
811.73242	70.815086
811.78326	64.540855
811.83411	58.695229
811.88489	70.990433
811.93573	70.20266
811.98657	70.826286
812.03741	63.930401
812.08826	69.645348
812.1391	70.177277
812.18994	72.574829
812.24072	70.364914
812.29156	66.647369
812.34241	68.550186
812.39325	66.390686
812.44409	64.955254
812.49493	68.203995
812.54578	77.489708
812.59656	68.848206
812.6474	70.407463
812.69824	70.689735
812.74908	61.224503
812.79993	68.560486
812.85077	68.172653
812.90161	66.846039
812.95239	66.929626
813.00323	66.818489
813.05408	70.632835
813.10492	68.92968
813.15576	61.754822
813.2066	60.691761
813.25745	68.107475
813.30823	62.886795
813.35907	65.648094
813.40991	66.355644
813.46075	75.144867
813.5116	66.478539
813.56244	67.146172
813.61328	68.628189
813.66406	74.525108
813.7149	65.024269
813.76575	70.374298
813.81659	63.922096
813.86743	64.751808
813.91827	66.25531
813.96912	78.262314
814.0199	72.409988
814.07074	64.901894
814.12158	73.526154
814.17242	76.997116
814.22327	72.339188
814.27411	71.572739
814.32495	66.073296
814.37573	66.740509
814.42657	62.763805
814.47742	65.699623
814.52826	74.212479
814.5791	69.080826
814.62994	67.594299
814.68079	68.854897
814.73163	70.320923
814.78241	65.46656
814.83325	72.097816
814.88409	68.88031
814.93494	60.96233
814.98578	74.668266
815.03662	71.141365
815.08746	67.876442
815.13824	69.950249
815.18909	68.15136
815.23993	69.057213
815.29077	68.404007
815.34161	75.78138
815.39246	77.977264
815.4433	64.815712
815.49408	71.567482
815.54492	74.563782
815.59576	71.051224
815.64661	67.709229
815.69745	71.315376
815.74829	75.304764
815.79913	71.947426
815.84991	77.06794
815.90076	70.615227
815.9516	69.944038
816.00244	74.863457
816.05328	71.806984
816.10413	68.61808
816.15497	65.526711
816.20575	56.858028
816.25659	67.410065
816.30743	70.824944
816.35828	75.092384
816.40912	70.290031
816.45996	80.381203
816.5108	76.526344
816.56158	64.519257
816.61243	66.820663
816.66327	73.598038
816.71411	67.829582
816.76495	71.573128
816.8158	69.854813
816.86664	72.169403
816.91742	72.235085
816.96826	73.567627
817.0191	71.678474
817.06995	61.705776
817.12079	69.058357
817.17163	80.466599
817.22247	73.815201
817.27325	79.407303
817.3241	75.925957
817.37494	80.086311
817.42578	69.930252
817.47662	72.04203
817.52747	77.765274
817.57831	81.243195
817.62909	75.324692
817.67993	73.745613
817.73077	73.262222
817.78162	72.264984
817.83246	73.464493
817.8833	71.825813
817.93414	65.191635
817.98492	72.411293
818.03577	73.129372
818.08661	66.976616
818.13745	70.009514
818.18829	77.004066
818.23914	75.455109
818.28998	78.965218
818.34076	69.027969
818.3916	71.719902
818.44244	73.601913
818.49329	78.570206
818.54413	71.997932
818.59497	72.155441
818.64581	74.013458
818.69659	76.065338
818.74744	78.367279
818.79828	73.553032
818.84912	81.171562
818.89996	79.259819
818.95081	80.73317
819.00165	83.019539
819.05249	70.323082
819.10327	73.323074
819.15411	76.024841
819.20496	78.983879
819.2558	79.044449
819.30664	81.284714
819.35748	78.430191
819.40833	84.473663
819.45911	79.94062
819.50995	77.60244
819.56079	76.435135
819.61163	76.281921
819.66248	78.915871
819.71332	81.271713
819.76416	79.464607
819.81494	72.328659
819.86578	70.264755
819.91663	75.387154
819.96747	78
820.01831	82.973198
820.06915	77.325256
820.12	84.963585
820.17078	89.32032
820.22162	90.084412
820.27246	78.566887
820.3233	75.47776
820.37415	84.464691
820.42499	80.76178
820.47583	78.406151
820.52661	83.608635
820.57745	80.047523
820.6283	81.364227
820.67914	73.747154
820.72998	71.325233
820.78082	73.822945
820.83167	74.770844
820.88245	80.108871
820.93329	74.869827
820.98413	74.825035
821.03497	78.441246
821.08582	70.528816
821.13666	79.942215
821.1875	85.289688
821.23828	74.737885
821.28912	80.233231
821.33997	81.208542
821.39081	82.764488
821.44165	89.123222
821.49249	79.91925
821.54333	77.578018
821.59412	81.444298
821.64496	78.794304
821.6958	81.4347
821.74664	85.019531
821.79749	87.212395
821.84833	81.902473
821.89917	79.810944
821.94995	83.01059
822.00079	83.549706
822.05164	84
822.10248	78.630547
822.15332	78.278557
822.20416	80.943916
822.255	74.702766
822.30579	75.310234
822.35663	81.06739
822.40747	79.903923
822.45831	78.010239
822.50916	76.44146
822.56	79.168404
822.61084	74.168861
822.66162	77.393967
822.71246	85.934654
822.76331	82.465759
822.81415	83.582428
822.86499	83.467415
822.91583	85.090347
822.96667	82.424881
823.01752	84.6166
823.0683	89.490562
823.11914	83.004128
823.16998	79.007751
823.22083	78
823.27167	80.489265
823.32251	84.488846
823.37335	84.021156
823.42413	84.958839
823.47498	95.373528
823.52582	93.699623
823.57666	84.009995
823.6275	80.597443
823.67834	74.58712
823.72919	78.313904
823.77997	89.833397
823.83081	88.737007
823.88165	84.410362
823.9325	82.702545
823.98334	81.348701
824.03418	84.53418
824.08502	85.909729
824.1358	84.231209
824.18665	78.603622
824.23749	83.125511
824.28833	93.764282
824.33917	90.992722
824.39001	84.411064
824.44086	81.821281
824.49164	78.86544
824.54248	87.478134
824.59332	89.920235
824.64417	82.168083
824.69501	85.521019
824.74585	90.16687
824.79669	82.976181
824.84747	83.388504
824.89832	89.646355
824.94916	87.555656
825	86.56736
825.05084	86.019531
825.10168	85.120171
825.15253	89.394547
825.20331	89.74041
825.25415	84.241653
825.30499	83.438965
825.35583	76.343346
825.40668	78.780914
825.45752	83.357224
825.50836	86.17733
825.55914	95.329613
825.60999	94.375198
825.66083	90.123215
825.71167	86.375923
825.76251	87.364494
825.81335	84.292
825.8642	77.788048
825.91498	88.345612
825.96582	89.674377
826.01666	87.020561
826.0675	91
826.11835	89.281746
826.16919	88.714699
826.22003	89.717148
826.27081	87.581108
826.32166	89.57769
826.3725	94.712418
826.42334	89.784561
826.47418	82.139755
826.52502	89.241074
826.57587	89.943039
826.62665	88.063721
826.67749	99.214828
826.72833	98.715195
826.77917	91.269577
826.83002	95.099884
826.88086	91.749977
826.9317	85.52211
826.98248	90.675499
827.03333	90.514206
827.08417	90.748932
827.13501	92.692818
827.18585	90.086189
827.23669	92.185547
827.28754	88.93705
827.33838	86.008049
827.38916	92.600975
827.44	95.021423
827.49084	89.520393
827.54169	91.495239
827.59253	82.58596
827.64337	85.954048
827.69421	98.390175
827.745	97.888199
827.79584	96.432037
827.84668	94.817451
827.89752	89.140236
827.94836	94.991005
827.99921	91.611328
828.05005	91.778893
828.10083	88.98465
828.15167	90.344093
828.20251	95.85955
828.25336	92.151154
828.3042	85.19252
828.35504	86.875
828.40588	97.314651
828.45667	101.6817
828.50751	98.874527
828.55835	94.336838
828.60919	89.517265
828.66003	89.922005
828.71088	91.195168
828.76172	97.303474
828.8125	95.277107
828.86334	91.729019
828.91418	93.910767
828.96503	94.625587
829.01587	93.23558
829.06671	94.533875
829.11755	96.784409
829.16833	88.815041
829.21918	89.036926
829.27002	94.36544
829.32086	94.963051
829.3717	88.956566
829.42255	90.740288
829.47339	84.473846
829.52417	96.158226
829.57501	105.32906
829.62585	94.363037
829.6767	97.069191
829.72754	96.246086
829.77838	94.957123
829.82922	94.6437
829.88	88.136917
829.93085	92.196289
829.98169	103.66572
830.03253	97.453384
830.08337	95.153664
830.13422	105.02836
830.18506	103.0887
830.23584	94.616066
830.28668	95.688187
830.33752	96.971512
830.38837	99.912941
830.43921	97.813911
830.49005	99.808228
830.54089	96.25631
830.59167	97.370796
830.64252	98.262169
830.69336	94.14637
830.7442	91.514679
830.79504	93.970123
830.84589	103.76949
830.89673	101.56345
830.94751	99.258736
830.99835	101.03333
831.04919	100.76228
831.10004	100.41046
831.15088	95.454407
831.20172	93.291252
831.25256	91.47628
831.30341	95.015442
831.35419	98.469482
831.40503	105.82549
831.45587	107.82119
831.50671	105.27454
831.55756	101.80634
831.6084	90.293129
831.65924	88.761566
831.71002	89.366379
831.76086	99.039597
831.81171	100.66232
831.86255	95.927422
831.91339	95.842987
831.96423	97.915085
832.01508	103.34422
832.06586	101.89619
832.1167	99.141342
832.16754	98.891289
832.21838	97.652031
832.26923	91.848839
832.32007	90.932373
832.37091	95.461403
832.42169	99.930412
832.47253	98.59005
832.52338	102.02821
832.57422	105.81111
832.62506	107.14526
832.6759	105.4566
832.72675	98.195755
832.77753	99.70858
832.82837	98.341415
832.87921	98.895828
832.93005	108.75096
832.9809	109.71643
833.03174	105.20432
833.08258	102.29863
833.13336	110.01116
833.1842	110.73033
833.23505	107.11295
833.28589	106.09597
833.33673	105.52431
833.38757	107.62837
833.43842	104.90383
833.4892	104.95792
833.54004	106.01389
833.59088	101.07692
833.64172	104.43952
833.69257	110.9593
833.74341	111.66508
833.79425	110.14022
833.84503	112.73771
833.89587	106.47736
833.94672	98.951508
833.99756	99.470543
834.0484	105.84052
834.09924	105.9025
834.15009	103.31624
834.20087	96.991455
834.25171	98.546547
834.30255	108.03686
834.35339	115.10087
834.40424	111.57053
834.45508	110.22606
834.50592	109.77045
834.5567	103.06503
834.60754	102.44122
834.65839	98.134697
834.70923	101.04347
834.76007	109.98988
834.81091	110.62339
834.86176	110.78091
834.91254	111.70584
834.96338	110.66429
835.01422	103.67251
835.06506	107.21008
835.11591	110.90478
835.16675	109.44839
835.21759	104.96816
835.26837	106.64796
835.31921	109.42049
835.37006	114.32345
835.4209	115.99383
835.47174	113.95927
835.52258	122.32104
835.57343	123.09228
835.62427	118.40282
835.67505	115.01543
835.72589	110.00886
835.77673	110.98062
835.82758	113.7527
835.87842	116.34638
835.92926	119.66047
835.9801	110.26513
836.03088	107.73766
836.08173	116.56438
836.13257	118.76698
836.18341	118.08373
836.23425	117.02089
836.2851	118.15067
836.33594	112.69893
836.38672	109.29099
836.43756	110.20882
836.4884	113.65401
836.53925	110.38536
836.59009	114.41938
836.64093	118.36274
836.69177	116.34225
836.74255	113.39959
836.7934	113.58566
836.84424	111.37302
836.89508	102.80453
836.94592	103.72577
836.99677	109.74135
837.04761	116.01332
837.09839	111.12328
837.14923	109.63702
837.20007	118.64744
837.25092	117.90205
837.30176	116.79321
837.3526	117.21088
837.40344	118.03423
837.45422	119.20451
837.50507	115.59087
837.55591	107.54741
837.60675	107.64557
837.65759	112.23383
837.70844	116.13589
837.75928	123.63824
837.81006	129.77562
837.8609	121.45446
837.91174	117.20908
837.96259	117.53203
838.01343	119.98263
838.06427	115.49382
838.11511	115.72874
838.16589	113.49083
838.21674	113.94995
838.26758	113.29469
838.31842	116.93484
838.36926	127.28551
838.4201	123.98238
838.47095	119.82114
838.52173	118.07407
838.57257	117.23209
838.62341	121.96987
838.67426	116.74797
838.7251	118.67272
838.77594	111.5458
838.82678	117.79855
838.87756	123.76591
838.92841	120.38855
838.97925	116.01243
839.03009	126.85897
839.08093	133.24127
839.13177	128.918
839.18262	131.85822
839.2334	132.87296
839.28424	127.57912
839.33508	121.97955
839.38593	113.96469
839.43677	113.65365
839.48761	117.92384
839.53845	126.91891
839.58929	126.23994
839.64008	124.3271
839.69092	127.34178
839.74176	132.58499
839.7926	120.50629
839.84344	115.63991
839.89429	111.20847
839.94513	113.89957
839.99591	123.66677
840.04675	125.43178
840.0976	117.85986
840.14844	115.76246
840.19928	124.34667
840.25012	129.07851
840.30096	126.89043
840.35175	119.53172
840.40259	120.64873
840.45343	114.29555
840.50427	118.82468
840.55511	119.08046
840.60596	122.89842
840.6568	116.51514
840.70758	127.22892
840.75842	131.40622
840.80927	132.37625
840.86011	124.86526
840.91095	130.16428
840.96179	126.29161
841.01263	123.54926
841.06342	122.1877
841.11426	123.47054
841.1651	123.62616
841.21594	129.2601
841.26678	125.89803
841.31763	133.8777
841.36847	129.38808
841.41925	136.94542
841.47009	139.98987
841.52094	133.70883
841.57178	130.60585
841.62262	133.81062
841.67346	129.34512
841.7243	117.97105
841.77509	125.56215
841.82593	123.61326
841.87677	131.66512
841.92761	124.20411
841.97845	124.79334
842.0293	132.62695
842.08014	139.11862
842.13092	135.06744
842.18176	127.68447
842.2326	133.56256
842.28345	137.82922
842.33429	130.43375
842.38513	118.75732
842.43597	117.33812
842.48676	116.70662
842.5376	133.10332
842.58844	140.55527
842.63928	135.23065
842.69012	131.83838
842.74097	134.40712
842.79181	139.04138
842.84259	129.87541
842.89343	120.74744
842.94427	127.79261
842.99512	132.35223
843.04596	137.19633
843.0968	131.88394
843.14764	125.9612
843.19843	129.88248
843.24927	133.4537
843.30011	126.92251
843.35095	133.18686
843.40179	126.4944
843.45264	133.22566
843.50348	130.59137
843.55426	130.28558
843.6051	125.31651
843.65594	132.08871
843.70679	128.24846
843.75763	133.53188
843.80847	133.38797
843.85931	137.32686
843.91016	146.16209
843.96094	130.79338
844.01178	130.00784
844.06262	128.44843
844.11346	141.4642
844.16431	134.96402
844.21515	134.09518
844.26599	129.88831
844.31677	122.08704
844.36761	127.10456
844.41846	132.66452
844.4693	138.40132
844.52014	141.09039
844.57098	142.7283
844.62183	149.72903
844.67261	135.34512
844.72345	128.21458
844.77429	122.72926
844.82513	139.3163
844.87598	133.51353
844.92682	136.22266
844.97766	137.0722
845.02844	137.14694
845.07928	140.60367
845.13013	142.89281
845.18097	144.10948
845.23181	139.90933
845.28265	138.82663
845.3335	133.51721
845.38428	130.85469
845.43512	133.14569
845.48596	136.58134
845.5368	131.45248
845.58765	146.27583
845.63849	154.55461
845.68933	143.98248
845.74011	156.67082
845.79095	144.29524
845.8418	127.46042
845.89264	125.862
845.94348	126.03371
845.99432	141.50215
846.04517	141.69284
846.09595	155.21692
846.14679	146.91931
846.19763	139.00381
846.24847	151.62199
846.29932	142.23921
846.35016	138.5233
846.401	139.89751
846.45178	143.08229
846.50262	139.00453
846.55347	147.47026
846.60431	131.02444
846.65515	146.4406
846.70599	147.47072
846.75684	158.58612
846.80762	145.32623
846.85846	135.71254
846.9093	154.99918
846.96014	153.43413
847.01099	164.36818
847.06183	135.80539
847.11267	143.78658
847.16345	148.52185
847.21429	142.95047
847.26514	149.25163
847.31598	138.35324
847.36682	136.70128
847.41766	148.93454
847.46851	152.84256
847.51929	147.42555
847.57013	159.48824
847.62097	153.69823
847.67181	156.23674
847.72266	138.5005
847.7735	130.4192
847.82434	140.65125
847.87512	147.83046
847.92596	149.76213
847.97681	145.43944
848.02765	146.50372
848.07849	144.12402
848.12933	144.09821
848.18018	145.27412
848.23102	149.68036
848.2818	146.53203
848.33264	143.31314
848.38348	148.87358
848.43433	137.73083
848.48517	138.30542
848.53601	133.94025
848.58685	142.59015
848.63763	149.06554
848.68848	153
848.73932	154.07382
848.79016	158.86238
848.841	157.67154
848.89185	141.59293
848.94269	141.85905
848.99347	144.6407
849.04431	137.56033
849.09515	156.58849
849.146	154.90384
849.19684	155.00812
849.24768	157.20911
849.29852	152.69153
849.3493	152.78999
849.40015	166.78444
849.45099	161.15053
849.50183	164.96008
849.55267	153.67038
849.60352	150.27457
849.65436	148.14102
849.70514	163.49989
849.75598	165.82263
849.80682	162.71477
849.85767	173.13225
849.90851	157.93051
849.95935	162.86765
850.01019	169
850.06097	167.58932
850.11182	158.31042
850.16266	149.25069
850.2135	167.33481
850.26434	160.35229
850.31519	150.55531
850.36603	140.43727
850.41681	153.51576
850.46765	155.88712
850.51849	168.03027
850.56934	168.33934
850.62018	163.60466
850.67102	151.08342
850.72186	164.58298
850.77264	163.79314
850.82349	141.8141
850.87433	124.7951
850.92517	135.40164
850.97601	153.06303
851.02686	159.89102
851.0777	164.65718
851.12848	174.86594
851.17932	180.01175
851.23016	167.44914
851.28101	155.1707
851.33185	153.41957
851.38269	166.72697
851.43353	172.05576
851.48431	157.23288
851.53516	156.72942
851.586	164.61729
851.63684	172.46796
851.68768	170.47787
851.73853	172.75153
851.78937	158.92851
851.84015	156.6796
851.89099	164.33818
851.94183	159.72186
851.99268	161.27333
852.04352	163.99823
852.09436	164.48065
852.1452	180.03897
852.19604	165.89206
852.24683	169.55763
852.29767	173.37697
852.34851	171.42207
852.39935	170.33698
852.4502	178.34361
852.50104	167.71298
852.55188	175.04716
852.60266	182.87981
852.6535	170.4819
852.70435	176.94048
852.75519	175.7619
852.80603	172.25981
852.85687	180.20232
852.90771	173.62885
852.9585	166.18552
853.00934	166.42555
853.06018	184.11282
853.11102	192.617
853.16187	173.34773
853.21271	174.09843
853.26355	168.72415
853.31433	169.88707
853.36517	174.86588
853.41602	158.0006
853.46686	141.68649
853.5177	158.33835
853.56854	171.43535
853.61938	173.62337
853.67017	183.37718
853.72101	184.43558
853.77185	185.2934
853.82269	167.03543
853.87354	157.3049
853.92438	150.12402
853.97522	152.83191
854.026	161.15553
854.07684	176.47369
854.12769	192.29382
854.17853	190.53181
854.22937	185.29253
854.28021	171.75618
854.33105	176.7045
854.38184	181.28117
854.43268	177.27818
854.48352	176.04501
854.53436	177.94891
854.58521	179.28897
854.63605	174.60208
854.68689	176.45293
854.73767	181.43451
854.78851	182.37604
854.83936	183.52457
854.8902	181.65155
854.94104	192.11597
854.99188	184.12352
855.04272	187.19147
855.09351	177.1302
855.14435	175.84004
855.19519	180.84079
855.24603	176.91443
855.29688	192.61995
855.34772	191.44466
855.39856	190.65274
855.44934	184.80797
855.50018	194.17064
855.55103	193.47455
855.60187	182.46344
855.65271	191.81131
855.70355	187.21657
855.75439	174.72459
855.80518	167.19417
855.85602	173.84392
855.90686	185.66983
855.9577	191.96342
856.00854	185.29269
856.05939	196.18387
856.11023	198.65977
856.16101	197.85069
856.21185	192.71999
856.2627	182.53728
856.31354	190.28583
856.36438	192.60938
856.41522	190.27386
856.46606	181.73909
856.51691	180.47859
856.56769	181.28503
856.61853	180.46028
856.66937	198.80925
856.72021	205.02231
856.77106	200.52344
856.8219	200.24776
856.87274	199.009
856.92352	196.20981
856.97437	180.62598
857.02521	170.93887
857.07605	165.3302
857.12689	171.0137
857.17773	191.44278
857.22858	200.53558
857.27936	194.7748
857.3302	190.0694
857.38104	202.10109
857.43188	186.59288
857.48273	167.13745
857.53357	170.13603
857.58441	171.57011
857.63519	188.89154
857.68604	190.14281
857.73688	180.7141
857.78772	195.39587
857.83856	194.08116
857.8894	189.38043
857.94025	199.3416
857.99103	201.93974
858.04187	201.12607
858.09271	208.97874
858.14355	213.37981
858.1944	208.26424
858.24524	195.7762
858.29608	199.0397
858.34686	204.81308
858.39771	188.73364
858.44855	181.90343
858.49939	189.48273
858.55023	196.45139
858.60107	200.82449
858.65192	195.21257
858.7027	199.81725
858.75354	215.11449
858.80438	208.84985
858.85522	197.09093
858.90607	190.31953
858.95691	171.77718
859.00775	174.06454
859.05853	197.94328
859.10938	204.5359
859.16022	197.8429
859.21106	202.82394
859.2619	217.53546
859.31274	207.33388
859.36359	195.73936
859.41437	199.2601
859.46521	174.63231
859.51605	172.60123
859.56689	193.89014
859.61774	197.90335
859.66858	197.25327
859.71942	201.58058
859.7702	210.93109
859.82104	218.33775
859.87189	218.52031
859.92273	218.6217
859.97357	208.429
860.02441	194.19321
860.07526	193.19962
860.12604	179.97476
860.17688	180.40988
860.22772	185.52779
860.27856	191.4444
860.32941	205.02205
860.38025	221.47865
860.43109	224.57996
860.48193	226.39221
860.53271	220.29245
860.58356	217.58324
860.6344	196.06709
860.68524	188.67296
860.73608	203.7477
860.78693	227.53847
860.83777	215.98973
860.88855	206.42023
860.93939	205.9698
860.99023	215.52795
861.04108	224.52385
861.09192	209.08357
861.14276	218.10965
861.1936	221.30493
861.24438	231.74701
861.29523	224.20813
861.34607	211.81651
861.39691	216.22304
861.44775	195.68542
861.4986	210.65662
861.54944	196.34523
861.60022	197.12752
861.65106	207.9151
861.7019	211.54021
861.75275	221.43192
861.80359	225.45639
861.85443	226.56593
861.90527	222.58179
861.95605	212.15643
862.0069	208.23381
862.05774	199.5816
862.10858	191.14355
862.15942	190.37329
862.21027	197.9433
862.26111	209.95805
862.31189	226.93083
862.36273	237.17505
862.41357	239.07805
862.46442	208.55125
862.51526	202.23904
862.5661	190.48433
862.61694	183.88063
862.66772	187.09975
862.71857	188.0199
862.76941	198.8232
862.82025	218.4962
862.87109	218.72313
862.92194	218.75838
862.97278	213.61407
863.02356	223.09529
863.0744	203.02774
863.12524	214.23128
863.17609	205.41077
863.22693	217.00848
863.27777	210.42612
863.32861	192.36418
863.37939	206.44601
863.43024	230.60712
863.48108	216.6843
863.53192	225.34996
863.58276	241.50253
863.63361	249.66284
863.68445	233.47517
863.73523	228.90102
863.78607	209.20959
863.83691	205.44099
863.88776	225.91251
863.9386	232.79068
863.98944	212.81071
864.04028	220.10233
864.09106	224.22864
864.14191	234.05019
864.19275	239.50392
864.24359	239.58018
864.29443	243.26805
864.34528	247.93518
864.39612	224.2607
864.4469	218.14409
864.49774	218.27501
864.54858	200.79027
864.59943	224.60301
864.65027	220.45
864.70111	229.58138
864.75195	218.47025
864.8028	225.71089
864.85358	232.00464
864.90442	233.25754
864.95526	229.73981
865.0061	223.14566
865.05695	231.0782
865.10779	224.17706
865.15863	216.66484
865.20941	211.3506
865.26025	194.37744
865.3111	195.86046
865.36194	175.46558
865.41278	231.58099
865.46362	243.31247
865.51447	232.83148
865.56525	259.20856
865.61609	244.59383
865.66693	216.25203
865.71777	205.53944
865.76862	195.15807
865.81946	204.87563
865.8703	208.32236
865.92108	224.1571
865.97192	235.44061
866.02277	231.80966
866.07361	241.6031
866.12445	243.07184
866.17529	227.8831
866.22614	227.65778
866.27692	226.89124
866.32776	213.84776
866.3786	223.62933
866.42944	212.80782
866.48029	204.36436
866.53113	217.54236
866.58197	230.75711
866.63275	248.26895
866.68359	250.03394
866.73444	245.70479
866.78528	256.6268
866.83612	254.52264
866.88696	257.68201
866.93781	234.29764
866.98859	228.62904
867.03943	218.22336
867.09027	245.07001
867.14111	248.82689
867.19196	244.93945
867.2428	237.80356
867.29364	226.00151
867.34442	231.52739
867.39526	249.0388
867.44611	253.13225
867.49695	247.00426
867.54779	254.45184
867.59863	245.73622
867.64948	237.13861
867.70026	227.26991
867.7511	217.79668
867.80194	231.67377
867.85278	239.40755
867.90363	230.31624
867.95447	241.23033
868.00531	238.42102
868.05609	251.70883
868.10693	252.41129
868.15778	251.94211
868.20862	239.0777
868.25946	242.82164
868.3103	246.41595
868.36115	220.61087
868.41193	214.52588
868.46277	205.64748
868.51361	209.6754
868.56445	225.90013
868.6153	243.61427
868.66614	260.85461
868.71698	263.15527
868.76782	258.15753
868.8186	243.88708
868.86945	227.28685
868.92029	217.65088
868.97113	210.09737
869.02197	216.18753
869.07281	239.90305
869.12366	261.62082
869.17444	258.6058
869.22528	266.43961
869.27612	276.07773
869.32697	265.81442
869.37781	252.55153
869.42865	240.18715
869.47949	243.95273
869.53027	254.49521
869.58112	257.47421
869.63196	255.55951
869.6828	251.27742
869.73364	253.81068
869.78448	261.1221
869.83533	274.52103
869.88611	269.63507
869.93695	259.99533
869.98779	258.39713
870.03864	259.57315
870.08948	263.21246
870.14032	256.54703
870.19116	252.45755
870.24194	256.35226
870.29279	264.16965
870.34363	263.64435
870.39447	246.04941
870.44531	235.9175
870.49615	236.48384
870.547	247.56168
870.59778	262.19504
870.64862	274.35104
870.69946	276.52435
870.75031	274.90759
870.80115	267.11694
870.85199	250.16394
870.90283	222.73956
870.95361	218.41551
871.00446	224.87231
871.0553	242.74387
871.10614	261.15298
871.15698	269.40216
871.20782	268.07983
871.25867	268.1337
871.30945	258.18103
871.36029	246.21687
871.41113	235.25993
871.46198	230.22272
871.51282	234.02031
871.56366	246.81497
871.6145	246.51349
871.66528	232.67027
871.71613	232.87955
871.76697	240.96504
871.81781	262.58597
871.86865	271.73419
871.91949	273.68503
871.97034	269.6803
872.02112	275.5752
872.07196	264.62021
872.1228	234.40417
872.17365	223.79518
872.22449	229.67963
872.27533	252.05408
872.32617	264.98578
872.37695	275.96304
872.4278	278.72363
872.47864	283.20227
872.52948	281.01776
872.58032	268.67215
872.63116	264.05481
872.68201	244.59897
872.73279	254.25648
872.78363	278.38803
872.83447	283.22424
872.88531	265.39441
872.93616	250.17476
872.987	259.80411
873.03784	267.30411
873.08868	268.29446
873.13947	271.62631
873.19031	273.2739
873.24115	274.2023
873.29199	276.78091
873.34283	265.17819
873.39368	246.87733
873.44452	250.95267
873.4953	265.20734
873.54614	251.80489
873.59698	264.11053
873.64783	251.58284
873.69867	228.90996
873.74951	241.52328
873.80035	262.97464
873.85114	276.5015
873.90198	298.14038
873.95282	293.37244
874.00366	265.14944
874.0545	248.89803
874.10535	231.73723
874.15619	215.76218
874.20697	210.16554
874.25781	217.70477
874.30865	257.94769
874.3595	276.56305
874.41034	280.33899
874.46118	280.01947
874.51202	263.49841
874.56281	256.95331
874.61365	245.92908
874.66449	235.77594
874.71533	240.44739
874.76617	244.04547
874.81702	248.84494
874.86786	239.31949
874.91864	252.18958
874.96948	262.49246
875.02032	263.6373
875.07117	263.2287
875.12201	271.84097
875.17285	270.25327
875.22369	263.41122
875.27448	279.66547
875.32532	278.74243
875.37616	250.73329
875.427	243.02188
875.47784	254.28571
875.52869	258.05084
875.57953	265.4357
875.63031	271.94797
875.68115	279.61362
875.73199	280.75085
875.78284	283.44293
875.83368	280.87781
875.88452	267.93542
875.93536	273.40921
875.98615	269.57965
876.03699	268.59464
876.08783	274.88687
876.13867	260.43539
876.18951	253.47403
876.24036	258.24872
876.2912	253.94394
876.34198	266.2377
876.39282	255.79939
876.44366	249.92677
876.49451	257.24234
876.54535	265.37753
876.59619	258.96902
876.64703	241.0181
876.69781	230.04051
876.74866	227.30154
876.7995	248.90651
876.85034	231.76595
876.90118	237.35214
876.95203	213.68797
877.00287	202.45573
877.05365	244.01796
877.10449	250.78267
877.15533	237.79031
877.20618	244.04857
877.25702	247.2803
877.30786	241.77867
877.3587	222.42029
877.40955	202.91249
877.46033	175.95592
877.51117	201.48351
877.56201	222.47856
877.61285	240.17313
877.6637	261.97299
877.71454	241.80673
877.76538	247.13391
877.81616	242.70422
877.867	220.6665
877.91785	198.44881
877.96869	206.39996
878.01953	205.63782
878.07037	203.40891
878.12122	223.16983
878.172	209.78119
878.22284	204.36432
878.27368	215.87079
878.32452	212.58575
878.37537	225.19302
878.42621	213.11002
878.47705	204.94073
878.52783	196.44472
878.57867	221.20952
878.62952	211.05971
878.68036	209.09143
878.7312	185.95781
878.78204	193.12003
878.83289	204.09857
878.88367	204.18796
878.93451	207.92334
878.98535	199.44173
879.03619	197.4783
879.08704	218.34259
879.13788	197.66859
879.18872	186.90877
879.2395	190.85718
879.29034	189.38426
879.34119	201.26645
879.39203	186.69194
879.44287	157.42517
879.49371	144.46146
879.54456	157.57896
879.59534	179.42177
879.64618	179.04956
879.69702	152.53354
879.74786	195.35217
879.79871	173.2496
879.84955	176.97444
879.90039	163.02716
879.95117	153.01231
880.00201	143.01166
880.05286	145.24992
880.1037	166.74655
880.15454	148.09602
880.20538	152.83693
880.25623	144.99667
880.30701	144.64919
880.35785	163.92711
880.40869	161.81859
880.45953	157.52815
880.51038	167.04503
880.56122	148.50758
880.61206	138.93657
880.66284	122.34346
880.71368	126.68507
880.76453	122.45864
880.81537	128.76965
880.86621	139.38406
880.91705	155.08804
880.9679	155.75215
881.01868	151.86519
881.06952	142.11679
881.12036	150.36406
881.1712	134.27008
881.22205	120.45028
881.27289	124.23432
881.32373	126.85873
881.37457	130.84204
881.42535	119.04837
881.4762	138.86397
881.52704	138.70241
881.57788	140.53688
881.62872	126.32657
881.67957	127.87035
881.73041	124.46951
881.78119	115.10345
881.83203	135.8304
881.88287	133.78166
881.93372	126.57201
881.98456	116.33662
882.0354	103.21108
882.08624	116.82743
882.13702	115.21499
882.18787	112.02026
882.23871	108.47056
882.28955	100.73114
882.34039	119.20729
882.39124	111.0193
882.44208	118.2269
882.49286	117.84449
882.5437	114.25611
882.59454	113.30969
882.64539	107.50633
882.69623	105.00002
882.74707	98.942039
882.79791	91.064339
882.84869	95.064674
882.89954	99.357521
882.95038	105.49361
883.00122	108.6389
883.05206	102.01212
883.10291	103.51736
883.15375	93.524902
883.20453	88.214432
883.25537	82.791016
883.30621	81.257172
883.35706	88.471664
883.4079	100.2824
883.45874	102.06779
883.50958	97.006096
883.56036	95.638756
883.61121	87.629318
883.66205	88.135002
883.71289	91.17144
883.76373	83.858383
883.81458	84.394798
883.86542	88.701378
883.9162	86.384018
883.96704	86.681389
884.01788	79.540398
884.06873	80.059799
884.11957	80.58654
884.17041	84.021072
884.22125	84.66732
884.27203	90.411469
884.32288	88.924934
884.37372	79.680397
884.42456	76.55426
884.4754	80.114761
884.52625	75.891411
884.57709	76.555756
884.62787	80.954407
884.67871	81.573051
884.72955	79.625648
884.7804	79.425293
884.83124	74.897377
884.88208	78.921349
884.93292	78.598854
884.9837	84.792603
885.03455	83.170906
885.08539	69.533073
885.13623	71.562538
885.18707	77.541824
885.23792	79.528542
885.28876	75.32209
885.33954	68.906242
885.39038	66.479424
885.44122	74.609764
885.49207	74.387169
885.54291	71.860016
885.59375	77.231705
885.64459	70.027756
885.69543	66.398575
885.74622	76.451729
885.79706	78.544182
885.8479	74.249741
885.89874	70.658623
885.94958	67.24115
886.00043	69.616951
886.05127	65.319893
886.10205	59.789669
886.15289	57.772465
886.20374	61.385769
886.25458	67.789024
886.30542	65.566933
886.35626	73.298035
886.4071	73.175705
886.45789	73.269005
886.50873	67.10318
886.55957	69.676659
886.61041	64.277504
886.66125	62.050194
886.7121	65.075371
886.76294	60.495975
886.81372	59.390987
886.86456	62.104576
886.91541	73.625793
886.96625	64.481186
887.01709	61.183548
887.06793	60.574615
887.11877	57.832233
887.16956	66.614273
887.2204	61.083466
887.27124	57.999996
887.32208	54.219387
887.37292	56.066486
887.42377	67.763168
887.47461	69.451355
887.52539	66.67704
887.57623	70.746529
887.62708	64.100189
887.67792	54.812759
887.72876	57.045719
887.7796	58.025391
887.83044	58.004631
887.88123	58.824249
887.93207	54.040321
887.98291	53.025391
888.03375	60.587944
888.08459	53.506496
888.13544	54.587303
888.18628	55.86541
888.23706	56.022034
888.2879	55.128738
888.33875	61.169315
888.38959	59.338589
888.44043	62.598221
888.49127	63.002548
888.54211	60.280704
888.5929	53.606823
888.64374	53.023335
888.69458	48.372574
888.74542	50.821907
888.79626	54.779335
888.84711	52.189514
888.89795	50.121048
888.94873	64.38681
888.99957	57.281883
889.05042	54.109863
889.10126	48.129658
889.1521	46.056644
889.20294	44.043327
889.25378	54.977081
889.30457	50.966465
889.35541	44.116573
889.40625	53.86171
889.45709	45.976334
889.50793	44.280701
889.55878	53.328278
889.60962	60.327084
889.66046	46.31176
889.71124	52.201042
889.76208	54.830887
889.81293	52.001808
889.86377	51.791237
889.91461	48.430878
889.96545	42.300819
890.0163	45.025391
890.06708	45.025391
890.11792	45.134983
890.16876	46
890.2196	46.378628
890.27045	49.266178
890.32129	51.143528
890.37213	50.997452
890.42291	45.947758
890.47375	50.543568
890.5246	47.518677
890.57544	45.178791
890.62628	45.300404
890.67712	42.970314
890.72797	46.407383
890.77875	45.274265
890.82959	50.165932
890.88043	50.532684
890.93127	48.31958
890.98212	48.061638
891.03296	53.191647
891.0838	48.144569
891.13458	48.193729
891.18542	47.295822
891.23627	49.224945
891.28711	45.828423
891.33795	47.476185
891.38879	46.531761
891.43964	48.350044
891.49042	45.822258
891.54126	39.703281
891.5921	43.050438
891.64294	45.95108
891.69379	46.00811
891.74463	47.449596
891.79547	43.679382
891.84625	47.273335
891.89709	45.632847
891.94794	43.004787
891.99878	40.390873
892.04962	35.615044
892.10046	36.787262
892.15131	44.977638
892.20209	44.789604
892.25293	47.421108
892.30377	47.67683
892.35461	42.53167
892.40546	47.157345
892.4563	45.24477
892.50714	43.004726
892.55792	43.092285
892.60876	41.445259
892.65961	41.80669
892.71045	43.742886
892.76129	43.923466
892.81213	45.399551
892.86298	42.128536
892.91376	43.138134
892.9646	44.353481
893.01544	41.290726
893.06628	42.546669
893.11713	46.074188
893.16797	42.604038
893.21881	41.045948
893.26959	41.81953
893.32043	41.282669
893.37128	40.728725
893.42212	41.872955
893.47296	41.450012
893.5238	40.870167
893.57465	44.49334
893.62543	44.614449
893.67627	43.728436
893.72711	41.054043
893.77795	41.701172
893.8288	39.390278
893.87964	42.319164
893.93048	43.039074
893.98132	43.18087
894.0321	38.698921
894.08295	41.407646
894.13379	40.531879
894.18463	41.496063
894.23547	43.654617
894.28632	42.573528
894.33716	41.066303
894.38794	43.287014
894.43878	42.886696
894.48962	43.607697
894.54047	38.656288
894.59131	40.581104
894.64215	39.752422
894.69299	37.85791
894.74377	40.492195
894.79462	39.244259
894.84546	37.726307
894.8963	40.634312
894.94714	39.945549
894.99799	40.149029
895.04883	40.652897
895.09961	41.410126
895.15045	43.109795
895.20129	41.828094
895.25214	38.735619
895.30298	42.080894
895.35382	35.654221
895.40466	35.879379
895.45544	37.779819
895.50629	35.403194
895.55713	41.935089
895.60797	40.160145
895.65881	41.071045
895.70966	37.99416
895.7605	39.302994
895.81128	41.236462
895.86212	36.757362
895.91296	37.256424
895.96381	35.923294
896.01465	36.237614
896.06549	38.365707
896.11633	39.479847
896.16711	38.914654
896.21796	43.926952
896.2688	35.611553
896.31964	36.769604
896.37048	39.865124
896.42133	41.587059
896.47217	35.83189
896.52295	37.723076
896.57379	38.921368
896.62463	38.153542
896.67548	39.64946
896.72632	41.479576
896.77716	33.309479
896.828	37.830132
896.87878	38.488571
896.92963	38.154922
896.98047	40.564922
897.03131	35.809612
897.08215	40.490192
897.133	36.646793
897.18384	37.133442
897.23462	37.813831
897.28546	37.648212
897.3363	33.889023
897.38715	38.198631
897.43799	38.368557
897.48883	38.182648
897.53967	36.95163
897.59045	39.249508
897.6413	42.167473
897.69214	38.732601
897.74298	36.937973
897.79382	35.959869
897.84467	36.445518
897.89551	37.211884
897.94635	36.296185
897.99713	35.973846
898.04797	38.206089
898.09882	37.386871
898.14966	37.863201
898.2005	40.050522
898.25134	37.407207
898.30219	34.369328
898.35297	36.207668
898.40381	38.488655
898.45465	39.957783
898.50549	37.201756
898.55634	34.594612
898.60718	36.778526
898.65802	39.307579
898.7088	37.851624
898.75964	36.403431
898.81049	35.8582
898.86133	33.59927
898.91217	31.626143
898.96301	33.897034
899.01385	37.778469
899.06464	37.434227
899.11548	33.412033
899.16632	35.834965
899.21716	38.629665
899.26801	37.318417
899.31885	36.356663
899.36969	35.142052
899.42047	35.781143
899.47131	36.45895
899.52216	35.536678
899.573	38.15609
899.62384	35.656765
899.67468	37.218781
899.72552	34.083969
899.77631	31.827116
899.82715	36.130451
899.87799	36.214603
899.92883	33.953552
899.97968	34.824135
900.03052	33.350346
900.08136	37.683834
900.13214	37.981365
900.18298	37.639847
900.23383	36.166031
900.28467	36.235508
900.33551	36.74712
900.38635	35.940662
900.43719	35.897114
900.48798	35.354374
900.53882	34.66946
900.58966	37.72654
900.6405	37.661137
900.69135	34.891083
900.74219	36.737309
900.79303	36.038101
900.84381	34.185017
900.89465	34.325298
900.9455	34.470287
900.99634	33.411732
901.04718	32.117886
901.09802	34.118557
901.14886	34.274296
901.19965	35.998493
901.25049	35.923317
901.30133	35.248264
901.35217	39.808372
901.40302	34.706196
901.45386	33.376469
901.5047	33.336182
901.55548	37.798351
901.60632	34.256676
901.65717	35.902042
901.70801	38.535431
901.75885	34.77578
901.80969	33.798374
901.86053	35.486221
901.91132	39.010098
901.96216	37.790657
902.013	36.449776
902.06384	34.69017
902.11469	33.821701
902.16553	35.828846
902.21637	38.154915
902.26721	33.110867
902.31799	32.594913
902.36884	35.493961
902.41968	34.574997
902.47052	37.970963
902.52136	34.201881
902.5722	32.869751
902.62305	38.958759
902.67383	34.799644
902.72467	34.244324
902.77551	36.708679
902.82635	34.540821
902.8772	34.743092
902.92804	40.06699
902.97888	38.575603
903.02966	36.884201
903.08051	35.251949
903.13135	31.116583
903.18219	37.512394
903.23303	36.959972
903.28387	33.915562
903.33472	38.068707
903.3855	32.289337
903.43634	32.493458
903.48718	35.006187
903.53802	31.425802
903.58887	34.115978
903.63971	33.239944
903.69055	34.422905
903.74133	34.838318
903.79218	33.614418
903.84302	36.795475
903.89386	34.517357
903.9447	33.883789
903.99554	37.82885
904.04639	34.344536
904.09717	32.947029
904.14801	34.421959
904.19885	34.320259
904.24969	34.035652
904.30054	33.032082
904.35138	36.83918
904.40222	35.355553
904.453	35.395912
904.50385	35.008106
904.55469	34.798286
904.60553	33.006744
904.65637	36.582912
904.70721	36.957912
904.75806	35.314816
904.80884	35.605427
904.85968	33.271702
904.91052	32.129105
904.96136	31.04409
905.01221	33.562305
905.06305	34.661301
905.11389	35.8452
905.16467	32.462738
905.21552	36.014008
905.26636	35.308376
905.3172	34.185272
905.36804	32.729401
905.41888	33.430607
905.46973	36.77771
905.52051	32.860729
905.57135	33.000675
905.62219	33.484951
905.67303	34.519997
905.72388	35.132141
905.77472	35.722012
905.82556	35.910984
905.87634	37.085903
905.92719	35.945869
905.97803	32.474838
906.02887	30.997311
906.07971	32.098076
906.13055	33.758728
906.1814	36.232182
906.23218	33.330044
906.28302	33.864536
906.33386	34.390038
906.3847	31.896585
906.43555	34.898357
906.48639	32.916931
906.53723	31.658321
906.58807	34.226254
906.63885	32.706459
906.6897	34.247528
906.74054	35.97163
906.79138	32.639664
906.84222	31.941345
906.89307	34.798889
906.94391	33.311626
906.99469	33.945908
907.04553	34.353825
907.09637	34.183434
907.14722	37.095493
907.19806	35.592457
907.2489	34.163559
907.29974	34.894798
907.35052	33.362553
907.40137	33.980499
907.45221	33.340252
907.50305	33.843182
907.55389	33.533863
907.60474	33.542198
907.65558	35.374611
907.70636	35.031189
907.7572	33.878319
907.80804	32.247925
907.85889	31.069878
907.90973	36.090073
907.96057	34.187393
908.01141	33.236053
908.06219	32.468086
908.11304	36.249508
908.16388	33.750546
908.21472	33.630367
908.26556	35.601509
908.31641	34.781796
908.36725	33.836529
908.41803	35.088039
908.46887	33.881496
908.51971	34.588051
908.57056	36.005173
908.6214	35.269928
908.67224	35.605072
908.72308	34.937557
908.77386	34.216347
908.82471	32.916824
908.87555	33.268707
908.92639	31.434647
908.97723	31.620451
909.02808	35.545013
909.07892	34.522652
909.1297	34.534714
909.18054	34.089314
909.23138	34.534985
909.28223	35.437263
909.33307	35.491886
909.38391	36.884743
909.43475	36.19194
909.48553	39.984932
909.53638	34.820953
909.58722	34.646057
909.63806	34.517609
909.6889	34.165993
909.73975	36.125999
909.79059	33.816002
909.84137	28.737684
909.89221	28.197544
909.94305	34.141972
909.9939	30.505325
910.04474	34.735229
910.09558	35.063015
910.14642	35.909348
910.1972	33.195908
910.24805	34.957703
910.29889	35.803928
910.34973	40.646053
910.40057	35.763458
910.45142	31.173302
910.50226	38.157764
910.5531	36.0746
910.60388	31.537119
910.65472	33.432339
910.70557	33.396935
910.75641	33.204292
910.80725	35.21703
910.85809	32.406456
910.90894	34.738148
910.95972	32.091515
911.01056	32.65102
911.0614	34.418629
911.11224	36.266842
911.16309	31.824736
911.21393	33.021683
911.26477	30.498281
911.31555	33.3717
911.36639	33.550129
911.41724	35.317223
911.46808	35.665112
911.51892	33.989632
911.56976	36.595352
911.62061	33.739162
911.67139	32.649448
911.72223	32.383453
911.77307	32.006763
911.82391	34.957268
911.87476	36.751179
911.9256	36.586468
911.97644	29.767315
912.02722	29.362709
912.07806	33.259277
912.12891	37.255524
912.17975	35.048325
912.23059	34.133907
912.28143	37.591137
912.33228	33.848003
912.38306	33.416775
912.4339	32.981625
912.48474	32.689602
912.53558	33.051006
912.58643	35.2784
912.63727	34.993397
912.68811	34.410938
912.73889	34.215584
912.78973	32.647324
912.84058	33.457935
912.89142	35.143234
912.94226	34.472466
912.9931	33.886059
913.04395	33.786018
913.09473	32.48204
913.14557	33.339634
913.19641	35.506409
913.24725	34.044292
913.2981	35.362423
913.34894	34.96735
913.39978	34.978794
913.45056	35.949852
913.5014	36.851624
913.55225	35.02985
913.60309	34.4743
913.65393	35.947456
913.70477	32.942951
913.75562	33.8797
913.8064	35.025673
913.85724	32.963169
913.90808	33.424553
913.95892	32.467178
914.00977	31.253931
914.06061	34.649342
914.11145	32.486588
914.16223	32.564186
914.21307	33.361874
914.26392	33.378754
914.31476	34.121521
914.3656	33.064548
914.41644	31.999256
914.46729	33.75671
914.51807	35.446926
914.56891	36.420513
914.61975	36.582024
914.67059	34.84317
914.72144	33.559971
914.77228	35.171288
914.82312	33.843937
914.87396	32.580402
914.92474	30.319845
914.97559	30.742521
915.02643	32.993595
915.07727	34.788422
915.12811	35.734406
915.17896	33.161404
915.2298	33.473572
915.28058	38.493279
915.33142	35.531178
915.38226	33.823738
915.43311	31.344542
915.48395	33.625481
915.53479	33.787163
915.58563	36.258675
915.63641	33.582108
915.68726	33.710812
915.7381	35.666893
915.78894	35.758217
915.83978	34.93243
915.89063	34.677761
915.94147	32.313736
915.99225	36.037483
916.04309	36.363476
916.09393	33.765999
916.14478	33.126945
916.19562	34.573841
916.24646	33.973938
916.2973	34.761757
916.34808	32.367767
916.39893	32.816536
916.44977	37.062618
916.50061	33.345623
916.55145	28.773767
916.60229	31.26576
916.65314	34.449726
916.70392	34.631966
916.75476	35.041534
916.8056	32.750942
916.85645	31.60751
916.90729	32.933403
916.95813	33.03513
917.00897	33.018753
917.05975	33.713547
917.1106	34.291626
917.16144	31.627224
917.21228	32.897491
917.26312	34.484749
917.31396	35.481434
917.36481	31.599068
917.41559	30.82291
917.46643	31.798927
917.51727	34.371738
917.56812	32.218372
917.61896	33.453022
917.6698	33.032318
917.72064	34.017193
917.77142	32.308769
917.82227	35.351124
917.87311	34.645905
917.92395	33.103386
917.97479	35.567318
918.02563	35.105061
918.07648	33.19558
918.12726	33.540146
918.1781	33.055241
918.22894	32.145157
918.27979	32.959301
918.33063	34.094513
918.38147	34.686474
918.43231	33.464352
918.48309	31.320717
918.53394	34.28376
918.58478	36.171211
918.63562	34.979744
918.68646	35.429882
918.7373	36.907417
918.78815	35.34639
918.83899	34.794601
918.88977	34.284039
918.94061	32.904285
918.99146	32.151714
919.0423	34.191174
919.09314	34.608219
919.14398	32.587856
919.19482	34.373207
919.24561	36.290607
919.29645	35.380898
919.34729	34.231483
919.39813	37.563808
919.44897	36.13739
919.49982	33.598396
919.55066	32.760162
919.60144	32.275093
919.65228	36.293877
919.70313	32.57193
919.75397	31.239206
919.80481	33.486874
919.85565	36.667812
919.90649	36.867359
919.95728	32.972584
920.00812	35.289726
920.05896	35.395542
920.1098	32.808887
920.16064	35.324364
920.21149	35.203159
920.26233	36.084621
920.31311	35.325153
920.36395	32.66914
920.41479	34.974892
920.46564	34.15871
920.51648	35.860283
920.56732	35.604515
920.61816	37.452194
920.66895	33.777306
920.71979	32.239765
920.77063	35.998341
920.82147	33.449692
920.87231	32.383106
920.92316	35.395439
920.974	34.413368
921.02478	29.704319
921.07562	32.04287
921.12646	34.879112
921.17731	35.153934
921.22815	32.212833
921.27899	35.250751
921.32983	34.729156
921.38062	32.722282
921.43146	30.649405
921.4823	32.249386
921.53314	35.436798
921.58398	33.497219
921.63483	33.640396
921.68567	35.728382
921.73645	35.512302
921.78729	32.063675
921.83813	35.474529
921.88898	34.261307
921.93982	30.910839
921.99066	33.92371
922.0415	31.677671
922.09229	33.120064
922.14313	33.58762
922.19397	35.110653
922.24481	34.392345
922.29565	35.023804
922.3465	33.348831
922.39734	32.81842
922.44812	33.343296
922.49896	34.184319
922.5498	33.422424
922.60065	32.560436
922.65149	34.176773
922.70233	34.741936
922.75317	33.919727
922.80396	35.970863
922.8548	35.038437
922.90564	31.552383
922.95648	33.956406
923.00732	37.277531
923.05817	37.62059
923.10901	33.44445
923.15985	33.545555
923.21063	32.863384
923.26147	33.862835
923.31232	32.881264
923.36316	32.14304
923.414	32.620525
923.46484	31.213385
923.51569	34.426975
923.56647	34.063465
923.61731	34.328575
923.66815	34.816067
923.71899	34.735332
923.76984	32.119652
923.82068	32.060112
923.87152	33.760181
923.9223	34.728287
923.97314	32.681133
924.02399	30.72002
924.07483	34.005489
924.12567	34.381382
924.17651	33.179558
924.22736	34.672134
924.27814	33.883167
924.32898	35.441212
924.37982	34.704102
924.43066	34.492126
924.48151	34.350285
924.53235	35.467426
924.58319	33.471485
924.63397	30.833502
924.68481	30.269943
924.73566	33.864494
924.7865	33.673534
924.83734	33.778214
924.88818	33.421814
924.93903	32.227528
924.98981	33.252331
925.04065	33.946941
925.09149	31.663204
925.14233	32.387592
925.19318	31.460222
925.24402	30.654795
925.29486	33.323826
925.34564	29.237066
925.39648	34.923294
925.44733	35.659321
925.49817	30.254225
925.54901	33.070946
925.59985	33.691391
925.6507	33.224407
925.70148	34.426914
925.75232	33.341942
925.80316	31.488977
925.854	33.918228
925.90485	34.910404
925.95569	32.493534
926.00653	32.055687
926.05731	32.058727
926.10815	32.344124
926.159	33.216969
926.20984	31.758266
926.26068	32.992527
926.31152	35.384293
926.36237	34.422668
926.41315	36.540939
926.46399	31.62579
926.51483	31.397568
926.56567	34.457497
926.61652	35.992786
926.66736	35.512051
926.7182	31.65678
926.76898	34.596622
926.81982	33.203762
926.87067	35.006023
926.92151	32.020477
926.97235	34.701145
927.02319	32.69202
927.07404	34.693512
927.12488	34.830799
927.17566	33.930561
927.2265	35.050484
927.27734	33.811943
927.32819	35.417717
927.37903	34.605282
927.42987	34.576317
927.48071	35.449314
927.53149	35.507507
927.58234	33.586765
927.63318	33.211552
927.68402	30.789894
927.73486	32.619419
927.78571	32.586281
927.83655	31.575153
927.88733	35.182575
927.93817	33.414017
927.98901	32.348896
928.03986	32.339355
928.0907	34.801815
928.14154	33.591103
928.19238	30.25742
928.24316	31.010099
928.29401	33.906109
928.34485	34.435738
928.39569	31.032232
928.44653	32.76516
928.49738	33.184448
928.54822	32.928455
928.599	33.470783
928.64984	35.199062
928.70068	34.593254
928.75153	33.789738
928.80237	34.033142
928.85321	34.477871
928.90405	31.654631
928.95483	31.444696
929.00568	30.949017
929.05652	32.993713
929.10736	33.522064
929.1582	33.180305
929.20905	33.656326
929.25989	33.813305
929.31067	36.029099
929.36151	36.775196
929.41235	34.938671
929.4632	33.428093
929.51404	35.321236
929.56488	34.66087
929.61572	34.65279
929.6665	34.562103
929.71735	33.420841
929.76819	32.791885
929.81903	33.264507
929.86987	34.825993
929.92072	31.165548
929.97156	36.223595
930.02234	36.281586
930.07318	34.531788
930.12402	36.246204
930.17487	34.740166
930.22571	32.80146
930.27655	30.589573
930.32739	33.09169
930.37817	32.318012
930.42902	35.834061
930.47986	34.456467
930.5307	32.089405
930.58154	30.886135
930.63239	32.752472
930.68323	36.93763
930.73401	37.240921
930.78485	33.876617
930.83569	35.444454
930.88654	34.382587
930.93738	34.088139
930.98822	34.152889
931.03906	32.932728
931.08984	32.715359
931.14069	31.503889
931.19153	32.941727
931.24237	33.088268
931.29321	33.293957
931.34406	34.737423
931.3949	32.875576
931.44574	33.256119
931.49652	33.38533
931.54736	33.622761
931.59821	32.316784
931.64905	32.859715
931.69989	33.835686
931.75073	35.260571
931.80157	33.430489
931.85236	36.528187
931.9032	35.853687
931.95404	33.115948
932.00488	31.981806
932.05573	30.977596
932.10657	36.380093
932.15741	33.265873
932.20819	37.414448
932.25903	34.705727
932.30988	31.913439
932.36072	35.19025
932.41156	31.769403
932.4624	34.692661
932.51324	35.198372
932.56403	34.631432
932.61487	32.731472
932.66571	34.302956
932.71655	34.61694
932.7674	34.247467
932.81824	37.693081
932.86908	33.958786
932.91986	36.467644
932.9707	33.796162
933.02155	34.550774
933.07239	35.020512
933.12323	33.129913
933.17407	34.483913
933.22491	32.92569
933.2757	37.433548
933.32654	34.657635
933.37738	33.42207
933.42822	33.159973
933.47906	34.667091
933.52991	33.805176
933.58075	32.998478
933.63153	35.110413
933.68237	33.542366
933.73322	34.518246
933.78406	32.318302
933.8349	34.795132
933.88574	33.990543
933.93658	33.019123
933.98737	33.224651
934.03821	35.487354
934.08905	35.122704
934.13989	34.83078
934.19073	33.395489
934.24158	33.137466
934.29242	33.359543
934.3432	36.103451
934.39404	35.351822
934.44489	34.301231
934.49573	35.893318
934.54657	36.331123
934.59741	36.72673
934.64825	34.24295
934.69904	34.201511
934.74988	33.105022
934.80072	33.716984
934.85156	33.945911
934.9024	33.975185
934.95325	33.747044
935.00409	33.815208
935.05487	34.913883
935.10571	34.910828
935.15656	35.397049
935.2074	36.674263
935.25824	34.655563
935.30908	33.038441
935.35992	37.255146
935.41071	32.347603
935.46155	35.33881
935.51239	35.29673
935.56323	34.416531
935.61407	33.853973
935.66492	32.314819
935.71576	34.931133
935.7666	35.642281
935.81738	34.066097
935.86823	35.149944
935.91907	35.718945
935.96991	33.559174
936.02075	33.950382
936.07159	30.955084
936.12244	34.816494
936.17322	33.27919
936.22406	32.416355
936.2749	33.901024
936.32574	32.374851
936.37659	37.81852
936.42743	30.974407
936.47827	37.526226
936.52905	36.015556
936.5799	33.839977
936.63074	31.688421
936.68158	31.164135
936.73242	33.548576
936.78326	35.24157
936.83411	35.346848
936.88489	34.610989
936.93573	31.910671
936.98657	35.032169
937.03741	35.266636
937.08826	31.643148
937.1391	32.053135
937.18994	36.486515
937.24072	35.72094
937.29156	30.758968
937.34241	33.778717
937.39325	36.305832
937.44409	34.489784
937.49493	36.452396
937.54578	34.029316
937.59656	34.264729
937.6474	34.129665
937.69824	34.426746
937.74908	33.200367
937.79993	34.175762
937.85077	32.024921
937.90161	30.215246
937.95239	31.235918
938.00323	33.31414
938.05408	35.568516
938.10492	37.38036
938.15576	33.161488
938.2066	31.982611
938.25745	33.794823
938.30823	33.679379
938.35907	34.245892
938.40991	35.075359
938.46075	31.997402
938.5116	30.839911
938.56244	34.761116
938.61328	35.194099
938.66406	34.614799
938.7149	33.224007
938.76575	32.172543
938.81659	34.15612
938.86743	34.36871
938.91827	32.570683
938.96912	32.502087
939.0199	32.750591
939.07074	36.253368
939.12158	35.295471
939.17242	30.142502
939.22327	31.951157
939.27411	34.604351
939.32495	35.792065
939.37573	35.675079
939.42657	36.568253
939.47742	34.887302
939.52826	34.355675
939.5791	32.179115
939.62994	30.574291
939.68079	34.441208
939.73163	31.905689
939.78241	34.093922
939.83325	33.848675
939.88409	33.907253
939.93494	35.686718
939.98578	32.733532
940.03662	30.64188
940.08746	32.638214
940.13824	30.469553
940.18909	30.801046
940.23993	34.858482
940.29077	35.886425
940.34161	33.645638
940.39246	29.763332
940.4433	33.766594
940.49408	36.537392
940.54492	29.933479
940.59576	29.187447
940.64661	39.412766
940.69745	32.843483
940.74829	39.777836
940.79913	33.745667
940.84991	34.358223
940.90076	31.328995
940.9516	36.44025
941.00244	34.2136
941.05328	33.552006
941.10413	36.834896
941.15497	40.324963
941.20575	33.20866
941.25659	35.276783
941.30743	32.74321
941.35828	34.418724
941.40912	36.900013
941.45996	33.344032
941.5108	33.371269
941.56158	35.366024
941.61243	34.246468
941.66327	32.920544
941.71411	33.523373
941.76495	34.113899
941.8158	35.95528
941.86664	33.249134
941.91742	34.622833
941.96826	34.788548
942.0191	32.617371
942.06995	32.710205
942.12079	33.188919
942.17163	37.444775
942.22247	36.430111
942.27325	33.839199
942.3241	36
942.37494	33.806812
942.42578	33.502254
942.47662	37.300755
942.52747	36.88578
942.57831	32.016682
942.62909	32.831951
942.67993	34.927711
942.73077	32.164783
942.78162	32.289001
942.83246	31.664658
942.8833	32.370773
942.93414	34.135876
942.98492	35.801571
943.03577	33.832809
943.08661	35.218281
943.13745	36.49707
943.18829	35.789509
943.23914	32.609871
943.28998	32.603283
943.34076	35.248089
943.3916	35.236702
943.44244	32.276352
943.49329	30.705297
943.54413	32.107132
943.59497	34.954163
943.64581	34.663799
943.69659	36.61832
943.74744	30.534384
943.79828	32.121826
943.84912	33.386074
943.89996	31.241611
943.95081	31.91748
944.00165	32.463131
944.05249	33.443027
944.10327	34.940178
944.15411	32.561062
944.20496	35.960316
944.2558	38.470882
944.30664	29.625732
944.35748	37.015602
944.40833	37.383144
944.45911	35.059864
944.50995	35.814529
944.56079	33.894855
944.61163	37.435524
944.66248	32.906265
944.71332	36
944.76416	35.491055
944.81494	33.135189
944.86578	37.192142
944.91663	39.36903
944.96747	34.49707
945.01831	34.064106
945.06915	32.958511
945.12	35.110935
945.17078	36.087784
945.22162	33.771725
945.27246	35.074856
945.3233	35.28455
945.37415	32.814827
945.42499	33.49707
945.47583	33.49707
945.52661	33.135769
945.57745	32.873066
945.6283	34.27906
945.67914	36.10611
945.72998	35.741585
945.78082	33.131523
945.83167	31.101667
945.88245	32.547367
945.93329	35.49707
945.98413	36.483269
946.03497	36.230213
946.08582	32.388943
946.13666	33.489132
946.1875	34.843262
946.23828	34.629467
946.28912	34.627327
946.33997	30.124718
946.39081	32.993
946.44165	34.620094
946.49249	36.380535
946.54333	36.361603
946.59412	35.49707
946.64496	32.419788
946.6958	30.648266
946.74664	32.284115
946.79749	34.091522
946.84833	36.360706
946.89917	35.481739
946.94995	33.451374
947.00079	36.1553
947.05164	32.175743
947.10248	31.406862
947.15332	33.583946
947.20416	34
947.255	37.020317
947.30579	33.981152
947.35663	33.49707
947.40747	31.227678
947.45831	33.307755
947.50916	36.316051
947.56	35.068909
947.61084	34.030609
947.66162	33.504681
947.71246	32.497948
947.76331	28.577394
947.81415	34.075092
947.86499	36.314884
947.91583	32.405827
947.96667	31.338526
948.01752	35.587822
948.0683	36.019356
948.11914	32.66901
948.16998	37.291954
948.22083	35.5457
948.27167	32.749149
948.32251	31.771179
948.37335	33.296207
948.42413	34.817696
948.47498	35.542381
948.52582	34.609993
948.57666	36.756828
948.6275	36.259323
948.67834	32.70929
948.72919	32.764565
948.77997	35.140388
948.83081	35.65522
948.88165	35.763046
948.9325	35.502117
948.98334	30.264191
949.03418	31.896105
949.08502	32.082561
949.1358	33.433262
949.18665	35.330505
949.23749	34.036137
949.28833	29.685787
949.33917	30.90781
949.39001	35.230156
949.44086	33.737049
949.49164	34.307102
949.54248	33.055855
949.59332	37.201874
949.64417	37.690075
949.69501	37.103245
949.74585	36.339706
949.79669	33.415264
949.84747	32.49707
949.89832	31.502192
949.94916	33.040077
950	34.346134
