700	182.08658
700.05084	171.04211
700.10168	168.35553
700.15253	169.78061
700.20331	160.23003
700.25415	173.65404
700.30499	175.94049
700.35583	182.93286
700.40668	151.83772
700.45752	171.50104
700.50836	170.02708
700.55914	182.54854
700.60999	183
700.66083	175.10901
700.71167	180.43874
700.76251	171.60329
700.81335	181.07393
700.8642	175.16943
700.91498	173.15417
700.96582	164.31165
701.01666	183.63139
701.0675	183.3354
701.11835	173.06467
701.16919	175.45317
701.22003	169.94153
701.27081	166.06346
701.32166	178.31041
701.3725	191.14995
701.42334	180.30429
701.47418	169.87645
701.52502	184.41042
701.57587	179.74254
701.62665	173.63976
701.67749	176.49197
701.72833	178.94662
701.77917	181.40686
701.83002	189.82153
701.88086	181.57745
701.9317	176.13727
701.98248	180.80884
702.03333	168.99165
702.08417	170.6678
702.13501	187.37592
702.18585	189.94633
702.23669	185.25677
702.28754	178.36176
702.33838	175.56784
702.38916	179.54674
702.44	185.34013
702.49084	184.70549
702.54169	184.00465
702.59253	181.83394
702.64337	171.26709
702.69421	185.49118
702.745	182.51854
702.79584	181.84586
702.84668	180.86241
702.89752	184.85735
702.94836	180.78511
702.99921	184.27887
703.05005	183.70468
703.10083	187.32007
703.15167	182.03383
703.20251	177.63428
703.25336	173.74051
703.3042	170.97969
703.35504	178.33423
703.40588	174.38844
703.45667	189.43298
703.50751	179.09383
703.55835	190.70596
703.60919	172.78603
703.66003	176.70868
703.71088	185.33339
703.76172	178.72701
703.8125	196.7368
703.86334	201.20718
703.91418	196.36084
703.96503	192.9874
704.01587	194.57072
704.06671	174.74718
704.11755	176.35324
704.16833	181.51318
704.21918	185.9312
704.27002	184.76532
704.32086	184.72885
704.3717	177.1649
704.42255	190.68929
704.47339	201.06943
704.52417	201.85577
704.57501	200.22527
704.62585	190.36945
704.6767	174.26646
704.72754	186.33047
704.77838	178.65283
704.82922	172.76715
704.88	181.16464
704.93085	172.92519
704.98169	180.5338
705.03253	194.01761
705.08337	195.90663
705.13422	201.38924
705.18506	198.10175
705.23584	187.37779
705.28668	182.41928
705.33752	190.06129
705.38837	196.26555
705.43921	192.66064
705.49005	198
705.54089	188.70428
705.59167	185.01486
705.64252	207.87843
705.69336	187.46953
705.7442	186.29774
705.79504	195.6739
705.84589	180.31432
705.89673	196.8232
705.94751	193.82324
705.99835	199.30464
706.04919	179.11304
706.10004	185.4726
706.15088	181.44727
706.20172	188.71007
706.25256	180.17178
706.30341	182.09662
706.35419	187.0737
706.40503	182.35803
706.45587	188.27847
706.50671	203.30676
706.55756	212.1636
706.6084	191.01181
706.65924	206.286
706.71002	190.04054
706.76086	204.77554
706.81171	193.79216
706.86255	200.84485
706.91339	183.85077
706.96423	206.90448
707.01508	192.1051
707.06586	199.8143
707.1167	198.55856
707.16754	189.34935
707.21838	183.47057
707.26923	194.01485
707.32007	215.67513
707.37091	204.22726
707.42169	197.89386
707.47253	194.59483
707.52338	194.23375
707.57422	207.80836
707.62506	200.17313
707.6759	207.03833
707.72675	212.52806
707.77753	201.81552
707.82837	188.55045
707.87921	195.4962
707.93005	198.59096
707.9809	193.50032
708.03174	190.32642
708.08258	202.29224
708.13336	205.87604
708.1842	203.35011
708.23505	206.03378
708.28589	201.87408
708.33673	202.94804
708.38757	208.62958
708.43842	197.04012
708.4892	183.74637
708.54004	196.81775
708.59088	211.40079
708.64172	212.85977
708.69257	202.5554
708.74341	193.85733
708.79425	199.51978
708.84503	208.93011
708.89587	205.06068
708.94672	199.033
708.99756	195.65407
709.0484	205.12791
709.09924	203.09296
709.15009	196.31972
709.20087	217.33401
709.25171	208.23943
709.30255	207.6723
709.35339	211.07898
709.40424	210.62807
709.45508	204.879
709.50592	206.02014
709.5567	220.73524
709.60754	198.86327
709.65839	209.36667
709.70923	206.97856
709.76007	206.31668
709.81091	199.65608
709.86176	209.98193
709.91254	214.44093
709.96338	210.65021
710.01422	206.21472
710.06506	214.91701
710.11591	192.49182
710.16675	213.17874
710.21759	221.75404
710.26837	203.66641
710.31921	220.7915
710.37006	209.23225
710.4209	215.64871
710.47174	211.81718
710.52258	210.90356
710.57343	219.24863
710.62427	224.19391
710.67505	217.85457
710.72589	206.6604
710.77673	206.41176
710.82758	210.69095
710.87842	228.99088
710.92926	220.25592
710.9801	216.49451
711.03088	207.82568
711.08173	197.57362
711.13257	205.19261
711.18341	212.12057
711.23425	224.25366
711.2851	224.79002
711.33594	215.94974
711.38672	214.86195
711.43756	222.59488
711.4884	229.03018
711.53925	229.75758
711.59009	224.2238
711.64093	224.7681
711.69177	223.04619
711.74255	208.46762
711.7934	204.72137
711.84424	210.49164
711.89508	217.73663
711.94592	217.82893
711.99677	220.18741
712.04761	224.32532
712.09839	228.53505
712.14923	218.71986
712.20007	216.98834
712.25092	228.27405
712.30176	220.90205
712.3526	228.30661
712.40344	230.16556
712.45422	217.49869
712.50507	229.50745
712.55591	239.36922
712.60675	225.24271
712.65759	220.94086
712.70844	227.00868
712.75928	221.51855
712.81006	223.41978
712.8609	235.54079
712.91174	223.56364
712.96259	222.30278
713.01343	202.4552
713.06427	202.71278
713.11511	226.12038
713.16589	228.87978
713.21674	197.05339
713.26758	207.42078
713.31842	239.21843
713.36926	230.8956
713.4201	221.06238
713.47095	245.17407
713.52173	245.16704
713.57257	216.60651
713.62341	224.16667
713.67426	218.53636
713.7251	226.95882
713.77594	229.76836
713.82678	241.60696
713.87756	235.46286
713.92841	222.3195
713.97925	231.67711
714.03009	219.98381
714.08093	237.8132
714.13177	236.10011
714.18262	237.36253
714.2334	229.3942
714.28424	215.74722
714.33508	225.86961
714.38593	238.5379
714.43677	206.84349
714.48761	214.41364
714.53845	243.37752
714.58929	243.45244
714.64008	228.17752
714.69092	223.26277
714.74176	232.45424
714.7926	234.91859
714.84344	213.15828
714.89429	216.39957
714.94513	230.43179
714.99591	228.74232
715.04675	235.32463
715.0976	244.47124
715.14844	246.28796
715.19928	243.66525
715.25012	227.7818
715.30096	221.16101
715.35175	242.15227
715.40259	241.9409
715.45343	243.66429
715.50427	238.75929
715.55511	240.82573
715.60596	240.13216
715.6568	237.34822
715.70758	226.76099
715.75842	232.55716
715.80927	226.31688
715.86011	226.78365
715.91095	239.07396
715.96179	240.618
716.01263	237.65762
716.06342	250.15248
716.11426	247.40793
716.1651	256.19702
716.21594	236.42361
716.26678	245.34129
716.31763	236.49611
716.36847	245.56857
716.41925	232.51915
716.47009	220.61197
716.52094	243.59448
716.57178	237.17822
716.62262	223.0338
716.67346	235.86987
716.7243	249.45409
716.77509	244.01675
716.82593	238.09778
716.87677	246.2558
716.92761	237.42148
716.97845	225.70558
717.0293	244.01321
717.08014	251.43707
717.13092	239.41847
717.18176	238.00002
717.2326	243.6826
717.28345	255.21942
717.33429	239.28076
717.38513	238.91824
717.43597	256.22702
717.48676	261.21701
717.5376	255.59544
717.58844	243.17126
717.63928	260.14911
717.69012	259.80084
717.74097	250.54962
717.79181	251.5921
717.84259	247.73164
717.89343	241.0179
717.94427	238.67404
717.99512	248.78043
718.04596	247.84607
718.0968	250.2394
718.14764	251.95325
718.19843	254.96107
718.24927	245.32516
718.30011	243.10257
718.35095	243.26099
718.40179	253.00278
718.45264	253.52834
718.50348	252.62874
718.55426	264.63339
718.6051	257.56454
718.65594	250.11404
718.70679	254.30264
718.75763	248.25807
718.80847	243.55977
718.85931	248.30489
718.91016	256.79172
718.96094	253.87276
719.01178	246.12317
719.06262	253.51772
719.11346	256.65021
719.16431	260.03491
719.21515	244.6972
719.26599	259.65054
719.31677	269.97324
719.36761	262.93378
719.41846	252.20209
719.4693	268.24585
719.52014	252.14461
719.57098	258.27307
719.62183	260.43121
719.67261	244.18016
719.72345	264.30765
719.77429	257.0542
719.82513	268.99509
719.87598	252.15834
719.92682	258.00241
719.97766	282.78391
720.02844	253.22908
720.07928	266.31415
720.13013	267.12973
720.18097	249.60936
720.23181	262.51855
720.28265	263.41208
720.3335	279.47141
720.38428	266.24268
720.43512	275.52438
720.48596	275.99948
720.5368	243.99628
720.58765	270.22754
720.63849	277.24799
720.68933	281.29892
720.74011	265.67984
720.79095	265.43683
720.8418	256.00046
720.89264	257.24527
720.94348	246.96904
720.99432	257.19171
721.04517	260.29453
721.09595	280.22104
721.14679	260.88138
721.19763	280.36792
721.24847	268.0191
721.29932	275.69699
721.35016	265.48254
721.401	266.83746
721.45178	266.63635
721.50262	267.46844
721.55347	263.328
721.60431	267.17798
721.65515	261.18036
721.70599	276.93747
721.75684	284.34137
721.80762	278.9335
721.85846	273.616
721.9093	278.92328
721.96014	283.31943
722.01099	271.45248
722.06183	287.72379
722.11267	293.55612
722.16345	290.59671
722.21429	284.59418
722.26514	268.4397
722.31598	277.54376
722.36682	290.21634
722.41766	286.02094
722.46851	272.81076
722.51929	277.3847
722.57013	283.47247
722.62097	274.92471
722.67181	278.82593
722.72266	282.9722
722.7735	286.57803
722.82434	278.2056
722.87512	281.38785
722.92596	285.45062
722.97681	279.86621
723.02765	268.57767
723.07849	276.12903
723.12933	298.51743
723.18018	286.62766
723.23102	282.82196
723.2818	295.09021
723.33264	296.16129
723.38348	280.07138
723.43433	290.55219
723.48517	293.77524
723.53601	277.46082
723.58685	296.79739
723.63763	308.36801
723.68848	302.70737
723.73932	296.74728
723.79016	286.05426
723.841	288.71671
723.89185	287.51706
723.94269	291.40814
723.99347	293.89594
724.04431	291.6712
724.09515	319.87512
724.146	284.12015
724.19684	299.8392
724.24768	296.41721
724.29852	283.14832
724.3493	304.66858
724.40015	284.00894
724.45099	286.49316
724.50183	317.81149
724.55267	291.94461
724.60352	311.02231
724.65436	310.11981
724.70514	274.29709
724.75598	266.46597
724.80682	303.94003
724.85767	291.06903
724.90851	321.51831
724.95935	306.5397
725.01019	306.07822
725.06097	309.04153
725.11182	311.17606
725.16266	307.01248
725.2135	303.5871
725.26434	308.16318
725.31519	325.11539
725.36603	301.9173
725.41681	303.68619
725.46765	301.44904
725.51849	303.51855
725.56934	292.08496
725.62018	304.63177
725.67102	304.37656
725.72186	308.48892
725.77264	314.67432
725.82349	313.05859
725.87433	323.75681
725.92517	310.93005
725.97601	300.75787
726.02686	314.56696
726.0777	314.66727
726.12848	314.82965
726.17932	317.85852
726.23016	315.0556
726.28101	313.23529
726.33185	313.27725
726.38269	302.78738
726.43353	295.04306
726.48431	301.24683
726.53516	310.61575
726.586	328.09772
726.63684	335.73694
726.68768	316.4108
726.73853	315.23996
726.78937	332.23953
726.84015	328.86212
726.89099	315.05759
726.94183	299.76065
726.99268	316.66467
727.04352	337.99585
727.09436	333.62659
727.1452	324.47797
727.19604	300.76895
727.24683	290.26349
727.29767	306.46799
727.34851	308.58932
727.39935	329.7587
727.4502	343.43777
727.50104	324.03012
727.55188	319.82666
727.60266	332.06204
727.6535	332.90948
727.70435	343.35455
727.75519	324.85043
727.80603	301.47516
727.85687	317.22028
727.90771	320.59723
727.9585	321.15216
728.00934	324.37866
728.06018	337.91571
728.11102	328.59174
728.16187	317.55435
728.21271	346.03922
728.26355	327.08124
728.31433	330.20932
728.36517	357.66687
728.41602	327.86038
728.46686	334.86163
728.5177	330.91046
728.56854	327.01132
728.61938	327.99915
728.67017	335.42853
728.72101	335.98831
728.77185	340.35916
728.82269	337.66095
728.87354	342.22565
728.92438	331.80212
728.97522	330.55792
729.026	323.26205
729.07684	346.21786
729.12769	329.13184
729.17853	342.62814
729.22937	345
729.28021	344.59106
729.33105	321.91022
729.38184	334.86655
729.43268	359.26227
729.48352	353.17719
729.53436	347.35162
729.58521	357.43506
729.63605	348.22363
729.68689	353.60703
729.73767	353.53683
729.78851	357.65707
729.83936	356.6265
729.8902	360.84503
729.94104	350.39874
729.99188	349.48904
730.04272	352.52237
730.09351	351.34601
730.14435	344.28671
730.19519	346.78915
730.24603	355.05743
730.29688	355.21649
730.34772	369.06387
730.39856	378.11365
730.44934	389.25378
730.50018	378.79749
730.55103	370.93927
730.60187	356.69653
730.65271	365.38992
730.70355	370.65494
730.75439	365.03775
730.80518	374.54086
730.85602	372.52597
730.90686	356.33466
730.9577	354.44998
731.00854	367.63242
731.05939	359.32028
731.11023	354.29834
731.16101	363.94931
731.21185	371.85571
731.2627	380.77402
731.31354	377.80722
731.36438	383.15814
731.41522	391.13922
731.46606	383.87189
731.51691	383.30344
731.56769	383.23334
731.61853	374.17801
731.66937	367.86981
731.72021	365.41925
731.77106	379.01923
731.8219	375.44424
731.87274	380.83154
731.92352	376.75705
731.97437	392.19464
732.02521	402.64032
732.07605	397.33429
732.12689	380.72266
732.17773	374.43723
732.22858	382.61307
732.27936	364.6149
732.3302	383.78802
732.38104	369.49426
732.43188	379.09256
732.48273	358.68219
732.53357	392.32077
732.58441	398.65381
732.63519	390.95117
732.68604	382.47293
732.73688	384.10132
732.78772	382.03717
732.83856	381.83621
732.8894	397.93121
732.94025	411.15421
732.99103	378.88306
733.04187	399.49673
733.09271	393.09872
733.14355	402.24274
733.1944	397.17371
733.24524	384.52972
733.29608	398.79382
733.34686	403.61823
733.39771	374.40866
733.44855	393.3858
733.49939	396.04288
733.55023	397.59555
733.60107	375.18478
733.65192	383.59097
733.7027	375.12146
733.75354	401.55731
733.80438	401.86862
733.85522	409.35895
733.90607	380.55499
733.95691	399.84879
734.00775	409.91858
734.05853	395.11707
734.10938	419.03983
734.16022	402.49973
734.21106	396.31937
734.2619	413.74295
734.31274	416.95566
734.36359	418.38715
734.41437	417.82242
734.46521	422.33536
734.51605	403.84323
734.56689	383.41986
734.61774	398.70767
734.66858	418.44403
734.71942	432.99741
734.7702	437.43759
734.82104	404.34616
734.87189	416.64667
734.92273	427.30557
734.97357	416.19901
735.02441	427.47559
735.07526	410.31381
735.12604	416.84637
735.17688	418.72244
735.22772	419.56235
735.27856	416.10056
735.32941	417.73114
735.38025	432.33981
735.43109	425.92657
735.48193	422.68216
735.53271	411.66217
735.58356	417.79919
735.6344	435.63397
735.68524	442.08673
735.73608	446.79846
735.78693	437.26492
735.83777	431.20532
735.88855	435.021
735.93939	436.53479
735.99023	433.7001
736.04108	441.02737
736.09192	446.56711
736.14276	444.05258
736.1936	441.46716
736.24438	445.54749
736.29523	434.75452
736.34607	443.07019
736.39691	452.04639
736.44775	459.00821
736.4986	442.98773
736.54944	446.24759
736.60022	449.90573
736.65106	437.85858
736.7019	450.47971
736.75275	445.27316
736.80359	458.78674
736.85443	461.46619
736.90527	462.34686
736.95605	473.43634
737.0069	438.94754
737.05774	449.79416
737.10858	445.47308
737.15942	453.53931
737.21027	464.70151
737.26111	457.83231
737.31189	466.18561
737.36273	427.53909
737.41357	481.08408
737.46442	462.22018
737.51526	454.84756
737.5661	459.20129
737.61694	466.84351
737.66772	469.7934
737.71857	454.78223
737.76941	470.1427
737.82025	468.55597
737.87109	479.82004
737.92194	475.22617
737.97278	486.01227
738.02356	490.74423
738.0744	497.91586
738.12524	480.48587
738.17609	474.35626
738.22693	485.86243
738.27777	486.21249
738.32861	464.5596
738.37939	461.25397
738.43024	485.40283
738.48108	504.73273
738.53192	481.53653
738.58276	494.69086
738.63361	480.61252
738.68445	468.34772
738.73523	499.90289
738.78607	490.66165
738.83691	492.62292
738.88776	493.40338
738.9386	510.01834
738.98944	474.03024
739.04028	491.37704
739.09106	506.26587
739.14191	492.43826
739.19275	500.96487
739.24359	492.20041
739.29443	499.2373
739.34528	482.01874
739.39612	490.608
739.4469	503.17206
739.49774	499.03259
739.54858	518.2027
739.59943	517.41333
739.65027	505.71851
739.70111	496.89047
739.75195	509.97629
739.8028	505.34918
739.85358	500.83127
739.90442	511.99683
739.95526	513.09698
740.0061	501.47534
740.05695	503.12387
740.10779	504.54068
740.15863	512.78174
740.20941	523.13025
740.26025	519.97272
740.3111	526.05847
740.36194	527.57758
740.41278	516.57861
740.46362	505.67255
740.51447	503.67319
740.56525	519.9223
740.61609	518.9491
740.66693	514.48395
740.71777	521.39612
740.76862	516.67377
740.81946	533.27319
740.8703	512.62042
740.92108	523.18756
740.97192	533.97119
741.02277	523.84821
741.07361	527.10492
741.12445	530.93372
741.17529	550.50848
741.22614	556.88489
741.27692	540.60858
741.32776	563.40094
741.3786	561.82031
741.42944	549.46735
741.48029	532.47815
741.53113	538.92139
741.58197	551.24475
741.63275	541.69714
741.68359	539.3833
741.73444	556.59692
741.78528	550.72601
741.83612	566.62225
741.88696	537.27258
741.93781	547.66046
741.98859	549.81042
742.03943	558.65552
742.09027	539.16772
742.14111	560.54651
742.19196	562.82751
742.2428	558.08307
742.29364	574.63965
742.34442	568.79474
742.39526	567.89166
742.44611	559.83594
742.49695	551.72913
742.54779	555.07599
742.59863	581.83655
742.64948	579.37451
742.70026	593.08893
742.7511	580.44971
742.80194	574.56317
742.85278	559.30957
742.90363	604.13104
742.95447	581.31635
743.00531	581.44617
743.05609	585.26611
743.10693	589.60956
743.15778	575.79059
743.20862	591.30011
743.25946	589.05884
743.3103	592.25946
743.36115	589.85773
743.41193	607.41833
743.46277	590.75098
743.51361	605.49243
743.56445	602.5799
743.6153	575.32684
743.66614	591.73004
743.71698	606.57214
743.76782	594.05621
743.8186	610.85382
743.86945	610.04517
743.92029	617.4903
743.97113	607.49097
744.02197	603.95227
744.07281	602.00568
744.12366	612.62195
744.17444	601.98016
744.22528	599.14166
744.27612	598.97772
744.32697	619.42078
744.37781	616.75183
744.42865	617.4906
744.47949	618.5575
744.53027	640.11188
744.58112	645.70691
744.63196	628.54846
744.6828	621.74969
744.73364	612.28967
744.78448	626.96204
744.83533	622.39728
744.88611	623.41156
744.93695	644.41473
744.98779	640.37097
745.03864	655.23682
745.08948	644.91614
745.14032	646.79883
745.19116	665.47003
745.24194	650.33612
745.29279	655.40015
745.34363	666.05579
745.39447	634.74121
745.44531	664.9679
745.49615	635.4726
745.547	640.78992
745.59778	670.64301
745.64862	664.85236
745.69946	658.68958
745.75031	673.00812
745.80115	664.70428
745.85199	659.34253
745.90283	663.95789
745.95361	679.86499
746.00446	653.52203
746.0553	676.67303
746.10614	684.33984
746.15698	677.67065
746.20782	663.71783
746.25867	666.79102
746.30945	690.9151
746.36029	665.52289
746.41113	693.57202
746.46198	669.21069
746.51282	691.90997
746.56366	672.69537
746.6145	692.38647
746.66528	690.52051
746.71613	674.37518
746.76697	716.90344
746.81781	724.12848
746.86865	705.91742
746.91949	703.0921
746.97034	697.29016
747.02112	707.66437
747.07196	683.60522
747.1228	695.4408
747.17365	703.12549
747.22449	712.86102
747.27533	708.74042
747.32617	709.15656
747.37695	717.41595
747.4278	688.21454
747.47864	723.61853
747.52948	740.40137
747.58032	724.64178
747.63116	741.57867
747.68201	718.67017
747.73279	703.83038
747.78363	740.25665
747.83447	717.09485
747.88531	724.13647
747.93616	728.37872
747.987	732.83282
748.03784	720.34412
748.08868	737.83057
748.13947	748.38361
748.19031	728.69818
748.24115	725.76062
748.29199	721.38446
748.34283	708.66766
748.39368	721.88702
748.44452	752.84039
748.4953	748.94995
748.54614	756.36249
748.59698	762.922
748.64783	739.14111
748.69867	732.22247
748.74951	744.81976
748.80035	744.84241
748.85114	746.10266
748.90198	753.39496
748.95282	761.91779
749.00366	744.10223
749.0545	743.94019
749.10535	753.9668
749.15619	757.75702
749.20697	770.76282
749.25781	791.72308
749.30865	773.88269
749.3595	769.93762
749.41034	779.5379
749.46118	785.90387
749.51202	786.46643
749.56281	794.35083
749.61365	769.38751
749.66449	759.38684
749.71533	807.76025
749.76617	808.9657
749.81702	804.26978
749.86786	829.81744
749.91864	816.4679
749.96948	808.54053
750.02032	795.39563
750.07117	799.005
750.12201	798.5127
750.17285	819.37585
750.22369	803.51764
750.27448	786.97662
750.32532	809.70251
750.37616	812.40997
750.427	831.18921
750.47784	831.93524
750.52869	799.12622
750.57953	835.28729
750.63031	817.2691
750.68115	848.51318
750.73199	850.85254
750.78284	813.15594
750.83368	791.12878
750.88452	786.78387
750.93536	854.8421
750.98615	803.42615
751.03699	790.65247
751.08783	816.78668
751.13867	846.92065
751.18951	878.83612
751.24036	843.13855
751.2912	863.74005
751.34198	856.09546
751.39282	846.18439
751.44366	813.21082
751.49451	858.04932
751.54535	873.56641
751.59619	844.32764
751.64703	894.83252
751.69781	866.84552
751.74866	885.86084
751.7995	892.78564
751.85034	861.89337
751.90118	898.68506
751.95203	872.89929
752.00287	903.12402
752.05365	865.47394
752.10449	879.9245
752.15533	875.41382
752.20618	856.97559
752.25702	899.83203
752.30786	875.94183
752.3587	897.72003
752.40955	884.31006
752.46033	891.09827
752.51117	860.97028
752.56201	889.28192
752.61285	930.08942
752.6637	898.24713
752.71454	909.45685
752.76538	902.25366
752.81616	916.1076
752.867	940.77563
752.91785	926.7901
752.96869	899.53882
753.01953	914.67908
753.07037	912.1925
753.12122	926.11542
753.172	946.30579
753.22284	927.03088
753.27368	921.12592
753.32452	941.13391
753.37537	931.05011
753.42621	916.08856
753.47705	930.55719
753.52783	951.09222
753.57867	953.52899
753.62952	950.89288
753.68036	977.61786
753.7312	985.21539
753.78204	953.22186
753.83289	958.00476
753.88367	976.89703
753.93451	958.31866
753.98535	974.56366
754.03619	998.42841
754.08704	961.89478
754.13788	973.64661
754.18872	983.97302
754.2395	973.31409
754.29034	1018.6855
754.34119	1006.6113
754.39203	1004.3444
754.44287	981.97729
754.49371	981.75745
754.54456	1020.44
754.59534	996.63037
754.64618	982.39819
754.69702	975.7702
754.74786	1004.9326
754.79871	1036.9926
754.84955	1011.9909
754.90039	1032.3982
754.95117	1004.1837
755.00201	995.53632
755.05286	1025.1285
755.1037	1036.7156
755.15454	1035.7677
755.20538	1015.9858
755.25623	1022.6068
755.30701	1041.9388
755.35785	1044.2823
755.40869	1015.0573
755.45953	1017.5029
755.51038	1057.0043
755.56122	1067.8973
755.61206	1068.2161
755.66284	1013.1814
755.71368	1056.1392
755.76453	1042.6421
755.81537	1076.0946
755.86621	1034.203
755.91705	1034.7593
755.9679	1062.6384
756.01868	1030.6099
756.06952	1068.3595
756.12036	1046.4905
756.1712	1024.8851
756.22205	1091.9302
756.27289	1088.0613
756.32373	1094.9932
756.37457	1074.5721
756.42535	1091.6731
756.4762	1063.2107
756.52704	1070.072
756.57788	1064.651
756.62872	1083.8501
756.67957	1062.5732
756.73041	1096.5171
756.78119	1099.3691
756.83203	1062.1747
756.88287	1086.2186
756.93372	1101.8245
756.98456	1114.4833
757.0354	1100.6423
757.08624	1146.3434
757.13702	1098.5778
757.18787	1082.2499
757.23871	1094.6693
757.28955	1107.2737
757.34039	1116.7174
757.39124	1092.5205
757.44208	1135.5577
757.49286	1145.6324
757.5437	1135.6344
757.59454	1120.9366
757.64539	1119.6583
757.69623	1125.3652
757.74707	1100.474
757.79791	1109.0275
757.84869	1141.275
757.89954	1147.6774
757.95038	1182.5009
758.00122	1148.3857
758.05206	1148.101
758.10291	1101.4159
758.15375	1118.483
758.20453	1129.1494
758.25537	1162.0171
758.30621	1139.9869
758.35706	1148.4803
758.4079	1172.4265
758.45874	1156.3811
758.50958	1188.1746
758.56036	1189.475
758.61121	1172.8135
758.66205	1149.3663
758.71289	1171.5869
758.76373	1210.0256
758.81458	1196.6741
758.86542	1193.9314
758.9162	1193.8197
758.96704	1187.5685
759.01788	1200.335
759.06873	1218.9791
759.11957	1232.0569
759.17041	1222.7271
759.22125	1194.4973
759.27203	1183.5066
759.32288	1199.2319
759.37372	1212.2965
759.42456	1235.4908
759.4754	1249.9386
759.52625	1241.7421
759.57709	1229.3004
759.62787	1215.1156
759.67871	1229.4618
759.72955	1209.0138
759.7804	1193.3602
759.83124	1212.9945
759.88208	1226.8346
759.93292	1216.011
759.9837	1231.6566
760.03455	1275.4127
760.08539	1256.639
760.13623	1199.8044
760.18707	1229.4298
760.23792	1235.9877
760.28876	1219.3848
760.33954	1253.4984
760.39038	1286.5886
760.44122	1276.5762
760.49207	1248.9338
760.54291	1243.0183
760.59375	1242.5267
760.64459	1291.1488
760.69543	1266.1123
760.74622	1322.8591
760.79706	1331.2772
760.8479	1304.1155
760.89874	1263.1144
760.94958	1294.4999
761.00043	1324.7632
761.05127	1313.1619
761.10205	1315.892
761.15289	1300.7917
761.20374	1332.7101
761.25458	1288.9172
761.30542	1308.6899
761.35626	1283.4093
761.4071	1325.4884
761.45789	1351.2664
761.50873	1332.8502
761.55957	1306.6757
761.61041	1295.7188
761.66125	1302.1348
761.7121	1332.8192
761.76294	1314.8094
761.81372	1313.1346
761.86456	1326.4485
761.91541	1360.2754
761.96625	1339.9957
762.01709	1376.9012
762.06793	1315.693
762.11877	1369.0469
762.16956	1311.911
762.2204	1383.0017
762.27124	1424.0494
762.32208	1390.5558
762.37292	1399.7629
762.42377	1371.9393
762.47461	1343.1586
762.52539	1347.7152
762.57623	1404.0376
762.62708	1330.2473
762.67792	1376.0825
762.72876	1389.2125
762.7796	1420.1172
762.83044	1383.1792
762.88123	1382.0238
762.93207	1419.3755
762.98291	1341.1614
763.03375	1388.8632
763.08459	1400.5143
763.13544	1485.1525
763.18628	1401.545
763.23706	1394.4786
763.2879	1418.6045
763.33875	1420.8231
763.38959	1466.2834
763.44043	1438.7448
763.49127	1497.5078
763.54211	1473.6906
763.5929	1461.7919
763.64374	1450.1454
763.69458	1501.1505
763.74542	1470.2705
763.79626	1441.1093
763.84711	1459.3735
763.89795	1476.6654
763.94873	1498.3774
763.99957	1471.0409
764.05042	1478.2678
764.10126	1445.236
764.1521	1428.3884
764.20294	1467.2452
764.25378	1440.4355
764.30457	1471.0273
764.35541	1501.2412
764.40625	1532.0302
764.45709	1503.2583
764.50793	1465.8938
764.55878	1460.7556
764.60962	1480.3181
764.66046	1506.1652
764.71124	1479.7957
764.76208	1539.7379
764.81293	1561.6926
764.86377	1538.9899
764.91461	1516.1155
764.96545	1510.3657
765.0163	1537.1609
765.06708	1534.8279
765.11792	1533.9801
765.16876	1504.5227
765.2196	1537.9777
765.27045	1581.2291
765.32129	1571.8274
765.37213	1564.0198
765.42291	1579.371
765.47375	1572.0781
765.5246	1571.9923
765.57544	1600.7314
765.62628	1574.8444
765.67712	1582.6631
765.72797	1604.6218
765.77875	1618.1173
765.82959	1624.1301
765.88043	1620.7263
765.93127	1631.1957
765.98212	1580.6157
766.03296	1577.1481
766.0838	1604.5774
766.13458	1627.6436
766.18542	1625.0249
766.23627	1621.4111
766.28711	1629.1107
766.33795	1642.8811
766.38879	1651.5636
766.43964	1623.7661
766.49042	1610.3383
766.54126	1596.1929
766.5921	1632.567
766.64294	1617.464
766.69379	1608.8094
766.74463	1638.4663
766.79547	1677.7156
766.84625	1679.3014
766.89709	1637.2324
766.94794	1676.712
766.99878	1632.3844
767.04962	1610.8843
767.10046	1616.8448
767.15131	1737.6445
767.20209	1699.6229
767.25293	1671.1664
767.30377	1670.3629
767.35461	1634.704
767.40546	1684.071
767.4563	1719.0223
767.50714	1691.2037
767.55792	1657.7657
767.60876	1767.7485
767.65961	1735.8199
767.71045	1787.6833
767.76129	1742.0282
767.81213	1737.4847
767.86298	1760.7915
767.91376	1717.5717
767.9646	1751.8853
768.01544	1752.1014
768.06628	1802.4154
768.11713	1793.1553
768.16797	1793.6124
768.21881	1771.973
768.26959	1816.5969
768.32043	1829.7357
768.37128	1813.8063
768.42212	1810.5125
768.47296	1831.4667
768.5238	1762.6315
768.57465	1766.0314
768.62543	1802.741
768.67627	1789.2205
768.72711	1839.4117
768.77795	1805.6139
768.8288	1810.6261
768.87964	1791.7965
768.93048	1800.913
768.98132	1824.6974
769.0321	1813.582
769.08295	1845.1458
769.13379	1781.9679
769.18463	1826.7313
769.23547	1844.373
769.28632	1822.4904
769.33716	1851.9547
769.38794	1874.453
769.43878	1814.1606
769.48962	1833.2769
769.54047	1882.088
769.59131	1824.7408
769.64215	1877.6841
769.69299	1883.1174
769.74377	1891.5708
769.79462	1916.7604
769.84546	1937.7125
769.8963	1875.9635
769.94714	1948.2705
769.99799	1977.0967
770.04883	1899.2911
770.09961	1917.0647
770.15045	1936.9623
770.20129	1974.2157
770.25214	1931.0065
770.30298	2002.5415
770.35382	1971.7471
770.40466	1948.8401
770.45544	1937.993
770.50629	1957.2607
770.55713	1974.2006
770.60797	1953.9432
770.65881	1973.8424
770.70966	2001.1519
770.7605	2050.1731
770.81128	2031.9918
770.86212	2012.8317
770.91296	1988.3569
770.96381	2013.4349
771.01465	1983.6624
771.06549	1978.3127
771.11633	2027.066
771.16711	2019.0858
771.21796	2082.374
771.2688	2073.0051
771.31964	2026.6072
771.37048	2039.7433
771.42133	2041.0208
771.47217	2003.351
771.52295	2014.4155
771.57379	2028.3918
771.62463	2043.6772
771.67548	2053.7131
771.72632	2095.3069
771.77716	2085.5874
771.828	2092.0396
771.87878	2085.9866
771.92963	2102.4685
771.98047	2081.0247
772.03131	2073.3933
772.08215	2084.7595
772.133	2140.6355
772.18384	2158.5688
772.23462	2170.8909
772.28546	2169.4121
772.3363	2120.0081
772.38715	2114.719
772.43799	2143.9241
772.48883	2146.834
772.53967	2157.6194
772.59045	2145.6069
772.6413	2154.7778
772.69214	2182.9133
772.74298	2184.5881
772.79382	2191.8872
772.84467	2214.0718
772.89551	2200.9097
772.94635	2199.2446
772.99713	2207.2463
773.04797	2196.5916
773.09882	2203.0642
773.14966	2188.9204
773.2005	2189.2063
773.25134	2217.8232
773.30219	2240.1284
773.35297	2221.4402
773.40381	2246.4233
773.45465	2202.3687
773.50549	2172.5313
773.55634	2192.1768
773.60718	2189.2112
773.65802	2209.4595
773.7088	2294.6182
773.75964	2321.2456
773.81049	2286.8757
773.86133	2247.825
773.91217	2216.6621
773.96301	2233.3643
774.01385	2244.3542
774.06464	2254.23
774.11548	2271.0852
774.16632	2314.5007
774.21716	2294.7515
774.26801	2287.8796
774.31885	2304.7434
774.36969	2300.3452
774.42047	2315.7214
774.47131	2325.8936
774.52216	2329.0481
774.573	2323.4915
774.62384	2355.3938
774.67468	2359.3435
774.72552	2413.3601
774.77631	2425.3086
774.82715	2419.8818
774.87799	2414.291
774.92883	2358.0334
774.97968	2379.811
775.03052	2360.1736
775.08136	2384.6653
775.13214	2373.3442
775.18298	2422.5493
775.23383	2398.8442
775.28467	2457.9978
775.33551	2443.2844
775.38635	2452.7952
775.43719	2450.0786
775.48798	2425.1306
775.53882	2405.9238
775.58966	2439.8855
775.6405	2488.7256
775.69135	2398.1646
775.74219	2413.3806
775.79303	2420.5525
775.84381	2474.5171
775.89465	2430.3215
775.9455	2504.9465
775.99634	2402.9636
776.04718	2431.5325
776.09802	2395.5684
776.14886	2441.5327
776.19965	2433.0217
776.25049	2489.2388
776.30133	2556.0281
776.35217	2518.595
776.40302	2499.7798
776.45386	2430.0581
776.5047	2452.49
776.55548	2496.5662
776.60632	2596.2241
776.65717	2540.7563
776.70801	2582.8953
776.75885	2543.8184
776.80969	2614.0515
776.86053	2561.4653
776.91132	2534.0603
776.96216	2565.5574
777.013	2618.7366
777.06384	2580.0461
777.11469	2566.728
777.16553	2607.0886
777.21637	2621.1682
777.26721	2625.2078
777.31799	2632.2197
777.36884	2608.3447
777.41968	2604.4907
777.47052	2635.7441
777.52136	2636.9426
777.5722	2671.4814
777.62305	2641.0447
777.67383	2600.968
777.72467	2664.6023
777.77551	2636.5962
777.82635	2751.25
777.8772	2747.416
777.92804	2735.9546
777.97888	2675.5068
778.02966	2646.9722
778.08051	2612.7986
778.13135	2638.8257
778.18219	2661.6968
778.23303	2682.0288
778.28387	2716.043
778.33472	2747.2207
778.3855	2733.3577
778.43634	2687.7107
778.48718	2715.5999
778.53802	2741.905
778.58887	2758.9375
778.63971	2690.0676
778.69055	2720.5295
778.74133	2719.5166
778.79218	2767.9543
778.84302	2797.6018
778.89386	2808.8875
778.9447	2795.6816
778.99554	2763.0913
779.04639	2771.8364
779.09717	2791.1941
779.14801	2851.6331
779.19885	2838.0752
779.24969	2881.4238
779.30054	2863.4963
779.35138	2907.1072
779.40222	2900.6538
779.453	2868.1062
779.50385	2875.0315
779.55469	2938.8811
779.60553	2898.9856
779.65637	2863.3638
779.70721	2895.98
779.75806	2870.814
779.80884	2909.2656
779.85968	2956.6147
779.91052	2973.1724
779.96136	2953.0325
780.01221	2921.3477
780.06305	2939.3103
780.11389	2982.9783
780.16467	2918.2017
780.21552	2938.2139
780.26636	2899.5366
780.3172	2946.2839
780.36804	2975.8491
780.41888	3005.6108
780.46973	3042.3989
780.52051	3031.1309
780.57135	2968.7129
780.62219	2864.1543
780.67303	2912.3579
780.72388	2998.9243
780.77472	3078.4268
780.82556	3081.2954
780.87634	3076.1184
780.92719	3072.6252
780.97803	3072.2766
781.02887	3012.7957
781.07971	3093.5562
781.13055	3044.9836
781.1814	3060.1182
781.23218	3038.0039
781.28302	3067.6929
781.33386	3093.9771
781.3847	3103.9473
781.43555	3108.7964
781.48639	3160.0508
781.53723	3164.8611
781.58807	3080.3748
781.63885	3125.3557
781.6897	3078.9136
781.74054	3205.364
781.79138	3280.2451
781.84222	3323.7058
781.89307	3205.335
781.94391	3248.2725
781.99469	3146.281
782.04553	3196.4417
782.09637	3222.3313
782.14722	3223.9082
782.19806	3171.2891
782.2489	3179.3435
782.29974	3300.6863
782.35052	3257.9526
782.40137	3323.8064
782.45221	3198.3469
782.50305	3356.8215
782.55389	3285.7878
782.60474	3262.8701
782.65558	3243.2966
782.70636	3427.9023
782.7572	3216.1348
782.80804	3283.6733
782.85889	3178.4856
782.90973	3342.6074
782.96057	3362.5295
783.01141	3450.905
783.06219	3395.1487
783.11304	3411.8027
783.16388	3239.4202
783.21472	3257.3894
783.26556	3268.2717
783.31641	3309.4817
783.36725	3455.7769
783.41803	3373.158
783.46887	3455.4773
783.51971	3387.5347
783.57056	3423.2944
783.6214	3365.2383
783.67224	3415.8025
783.72308	3373.4192
783.77386	3410.0962
783.82471	3361.925
783.87555	3433.9336
783.92639	3410.418
783.97723	3479.9639
784.02808	3543.8999
784.07892	3538.5781
784.1297	3524.948
784.18054	3529.5808
784.23138	3522.0813
784.28223	3530.7324
784.33307	3562.1013
784.38391	3561.886
784.43475	3581.906
784.48553	3583.2871
784.53638	3634.0273
784.58722	3544.7742
784.63806	3618.1887
784.6889	3658.176
784.73975	3704.0371
784.79059	3564.2708
784.84137	3530.4167
784.89221	3544.1628
784.94305	3678.2715
784.9939	3632.1248
785.04474	3670.8872
785.09558	3669.3762
785.14642	3586.46
785.1972	3584.6289
785.24805	3659.9536
785.29889	3688.1504
785.34973	3681.1714
785.40057	3629.6594
785.45142	3609.989
785.50226	3658.4158
785.5531	3671.5525
785.60388	3752.4072
785.65472	3755.3538
785.70557	3745.7178
785.75641	3674.4705
785.80725	3643.9729
785.85809	3638.5317
785.90894	3711.4341
785.95972	3812.0476
786.01056	3894.6902
786.0614	3916.0095
786.11224	3840.3406
786.16309	3781.6858
786.21393	3677.0222
786.26477	3730.4407
786.31555	3863.2219
786.36639	3886.4265
786.41724	3800.564
786.46808	3768.1646
786.51892	3884.8833
786.56976	3956.989
786.62061	3932.04
786.67139	3906.592
786.72223	3949.4756
786.77307	4000.1245
786.82391	3990.6936
786.87476	3975.0557
786.9256	4028.8494
786.97644	4062.0874
787.02722	4033.5466
787.07806	3959.7188
787.12891	4090.3452
787.17975	4074.5833
787.23059	4103.8066
787.28143	4041.2048
787.33228	4098.6406
787.38306	3979.4822
787.4339	3969.5586
787.48474	3999.1157
787.53558	4009.5359
787.58643	4026.6233
787.63727	4145.7754
787.68811	4190.502
787.73889	4141.5825
787.78973	3999.8662
787.84058	4013.0103
787.89142	4025.4312
787.94226	4051.6426
787.9931	4207.9307
788.04395	4130.6611
788.09473	4101.5059
788.14557	4119.4419
788.19641	4163.2397
788.24725	4197.3306
788.2981	4322.8237
788.34894	4165.7197
788.39978	4167.2148
788.45056	4007.3625
788.5014	4098.5273
788.55225	4165.5527
788.60309	4311.4277
788.65393	4299.1743
788.70477	4494.1445
788.75562	4369.8447
788.8064	4347.5781
788.85724	4194.1738
788.90808	4285.8442
788.95892	4328.7065
789.00977	4436.5967
789.06061	4367.7827
789.11145	4493.6064
789.16223	4423.8389
789.21307	4473.978
789.26392	4461.2305
789.31476	4543.0889
789.3656	4470.9253
789.41644	4492.7148
789.46729	4407.353
789.51807	4447.8862
789.56891	4548.4023
789.61975	4578.916
789.67059	4518.667
789.72144	4489.0601
789.77228	4632.584
789.82312	4601.5225
789.87396	4576.5972
789.92474	4556.1807
789.97559	4630.0225
790.02643	4464.668
790.07727	4507.1445
790.12811	4229.9409
790.17896	4550.3384
790.2298	4481.8032
790.28058	4821.5005
790.33142	4616.4331
790.38226	4698.9897
790.43311	4551.7905
790.48395	4488.3013
790.53479	4469.9512
790.58563	4646.7212
790.63641	4610.1196
790.68726	4652.5591
790.7381	4670.3682
790.78894	4770.2661
790.83978	4706.0713
790.89063	4733.9165
790.94147	4699.2334
790.99225	4679.8076
791.04309	4683.6299
791.09393	4564.2793
791.14478	4617.2427
791.19562	4736.1484
791.24646	4944.1519
791.2973	4739.5317
791.34808	4978.439
791.39893	4922.0742
791.44977	4936.9067
791.50061	4793.1919
791.55145	4877.4448
791.60229	4761.7183
791.65314	5024.001
791.70392	4811.6968
791.75476	4965.1631
791.8056	4972.1641
791.85645	5036.5171
791.90729	4945.0874
791.95813	5106.4341
792.00897	4966.3887
792.05975	5004.5991
792.1106	4913.5449
792.16144	4970.2388
792.21228	4953.437
792.26312	5020.4102
792.31396	4991.0674
792.36481	4977.5327
792.41559	4964.7988
792.46643	5186.0474
792.51727	5121.9004
792.56812	5156.354
792.61896	5089.0557
792.6698	4968.9351
792.72064	4834.5054
792.77142	4881.083
792.82227	5001.771
792.87311	5172.6572
792.92395	5256.7954
792.97479	5317.0776
793.02563	5215.7749
793.07648	5137.0581
793.12726	4967.6528
793.1781	4922.4766
793.22894	5140.3267
793.27979	5169.0718
793.33063	5195.8896
793.38147	5258.2036
793.43231	5298.3706
793.48309	5234.1646
793.53394	5186.0234
793.58478	5167.3516
793.63562	5225.0073
793.68646	5192.4897
793.7373	5268.2222
793.78815	5195.3501
793.83899	5300.2124
793.88977	5342.9185
793.94061	5512.7788
793.99146	5465.2324
794.0423	5526.6597
794.09314	5457.5737
794.14398	5419.0503
794.19482	5298.814
794.24561	5457.8257
794.29645	5498.3535
794.34729	5407.8706
794.39813	5277.3564
794.44897	5433.9761
794.49982	5585.4819
794.55066	5677.6133
794.60144	5650.417
794.65228	5658.666
794.70313	5585.1963
794.75397	5481.7632
794.80481	5364.1943
794.85565	5465.3755
794.90649	5520.4604
794.95728	5589.1313
795.00812	5587.6826
795.05896	5576.0371
795.1098	5631.3081
795.16064	5670.5894
795.21149	5685.5352
795.26233	5665.3765
795.31311	5574.2749
795.36395	5442.064
795.41479	5362.0972
795.46564	5471.0811
795.51648	5553.5928
795.56732	5699.5073
795.61816	5841.6025
795.66895	5802.085
795.71979	5697.5459
795.77063	5565.0708
795.82147	5479.7368
795.87231	5489.6982
795.92316	5650.7524
795.974	5777.4907
796.02478	5834.8271
796.07562	5826.5581
796.12646	5808.918
796.17731	5786.5132
796.22815	5752.1733
796.27899	5784.2007
796.32983	5853.5356
796.38062	5818.4507
796.43146	5724.8955
796.4823	5745.3662
796.53314	5885.7168
796.58398	6028.1631
796.63483	6055.3091
796.68567	6033.6299
796.73645	5975.6245
796.78729	5988.9053
796.83813	5958.1084
796.88898	5922.4443
796.93982	5943.2329
796.99066	5949.2236
797.0415	5858.5396
797.09229	5979.9751
797.14313	6049.751
797.19397	6093.0288
797.24481	6138.7368
797.29565	6174.3687
797.3465	6100.3232
797.39734	6010.8169
797.44812	5828.4268
797.49896	5782.7378
797.5498	5875.1821
797.60065	6086.4624
797.65149	6058.1543
797.70233	6097.27
797.75317	6131.4058
797.80396	6175.6836
797.8548	6046.8091
797.90564	6080.3638
797.95648	6022.0264
798.00732	6146.2886
798.05817	5988.4219
798.10901	5979.4341
798.15985	6031.9312
798.21063	6257.2905
798.26147	6205.5918
798.31232	6353.7993
798.36316	6282.7578
798.414	6268.5859
798.46484	6084.6875
798.51569	6038.6606
798.56647	6094.2583
798.61731	6306.1084
798.66815	6481.4565
798.71899	6568.2593
798.76984	6434.1538
798.82068	6589.4702
798.87152	6464.187
798.9223	6396.3877
798.97314	6369.1382
799.02399	6531.3359
799.07483	6493.9888
799.12567	6456.9556
799.17651	6376.2251
799.22736	6600.3501
799.27814	6636.394
799.32898	6670.1201
799.37982	6511.7661
799.43066	6706.6758
799.48151	6653.6074
799.53235	6729.606
799.58319	6531.7847
799.63397	6613.5742
799.68481	6520.5991
799.73566	6564.7598
799.7865	6504.3047
799.83734	6631.1274
799.88818	6717.1382
799.93903	6829.0757
799.98981	6764.8945
800.04065	6824.2695
800.09149	6620.8555
800.14233	6530.166
800.19318	6387.9722
800.24402	6527.2817
800.29486	6638.4985
800.34564	6859.0454
800.39648	6878.4634
800.44733	6905.5859
800.49817	6770.853
800.54901	6775.501
800.59985	6551.2861
800.6507	6777.1611
800.70148	6773.459
800.75232	6717.6729
800.80316	6669.6777
800.854	6852.4033
800.90485	6966.2969
800.95569	7081.9512
801.00653	7076.5728
801.05731	7101.5049
801.10815	7067.9365
801.159	6906.3135
801.20984	6725.3999
801.26068	6880.2432
801.31152	6943.6489
801.36237	7240.6875
801.41315	7205.6084
801.46399	7248.564
801.51483	7265.0537
801.56567	7342.4775
801.61652	7136.7661
801.66736	7298.2861
801.7182	7246.4897
801.76898	7324.2427
801.81982	7165.9946
801.87067	7156.6323
801.92151	7221.8848
801.97235	7423.6431
802.02319	7377.1206
802.07404	7343.5005
802.12488	7385.46
802.17566	7461.5366
802.2265	7267.918
802.27734	7336.9785
802.32819	7211.6665
802.37903	7402.9282
802.42987	7214.4473
802.48071	7250.0703
802.53149	7182.9189
802.58234	7535.9434
802.63318	7616.8257
802.68402	7719.1216
802.73486	7673.5186
802.78571	7597.9658
802.83655	7263.4468
802.88733	7090.6724
802.93817	7004.2056
802.98901	7328.981
803.03986	7611.6138
803.0907	7887.2085
803.14154	7738.4229
803.19238	7702.9912
803.24316	7563.0146
803.29401	7500.9253
803.34485	7305.9243
803.39569	7577.0293
803.44653	7668.3379
803.49738	7693.5059
803.54822	7534.6191
803.599	7906.063
803.64984	7916.5146
803.70068	7961.3003
803.75153	7898.8032
803.80237	8098.0112
803.85321	7827.3101
803.90405	7819.6553
803.95483	7735.4927
804.00568	7880.8364
804.05652	8039.9536
804.10736	8311.5488
804.1582	8076.9751
804.20905	8251.1904
804.25989	8215.2656
804.31067	8318.5234
804.36151	8066.3809
804.41235	8204.0693
804.4632	8175.811
804.51404	8242.5684
804.56488	8035.9458
804.61572	8058.0649
804.6665	7995.9834
804.71735	8422.5352
804.76819	8259.2314
804.81903	8477.9053
804.86987	8343.5967
804.92072	8343.3281
804.97156	8149.6738
805.02234	8080.895
805.07318	8124.3384
805.12402	8236.3242
805.17487	8139.3032
805.22571	8214.6396
805.27655	8164.1226
805.32739	8365.8789
805.37817	8342.4951
805.42902	8577.958
805.47986	8443.6416
805.5307	8394.3086
805.58154	8029.7749
805.63239	7995.9956
805.68323	7884.8374
805.73401	8352.623
805.78485	8526.2266
805.83569	8858.3916
805.88654	8718.6504
805.93738	8690.1602
805.98822	8507.8623
806.03906	8293.75
806.08984	8269.8086
806.14069	8509.5283
806.19153	8635.4063
806.24237	8690.0293
806.29321	8661.4805
806.34406	8834.6475
806.3949	8883.291
806.44574	8945.7295
806.49652	8822.4844
806.54736	8904.7617
806.59821	8958.4482
806.64905	8869.4014
806.69989	8701.6416
806.75073	8883.5605
806.80157	9024.7568
806.85236	9060.2803
806.9032	9075.8896
806.95404	9030.3506
807.00488	9126.5898
807.05573	9121.7471
807.10657	9112.6299
807.15741	9111.3135
807.20819	9108.6143
807.25903	9006.0703
807.30988	8822.7754
807.36072	8742.1172
807.41156	8885.6289
807.4624	9164.127
807.51324	9318.9375
807.56403	9300.2617
807.61487	9335.1787
807.66571	9152.7813
807.71655	8946.3154
807.7674	8697.4795
807.81824	8869.5498
807.86908	8915.5938
807.91986	9108.1807
807.9707	9085.4189
808.02155	9215.3252
808.07239	9289.0332
808.12323	9346.7695
808.17407	9295.2607
808.22491	9446.3516
808.2757	9313.6338
808.32654	9180.8643
808.37738	8791.3281
808.42822	8869.0264
808.47906	9063.5371
808.52991	9552.1035
808.58075	9642.7881
808.63153	9802.8105
808.68237	9696.2539
808.73322	9651.7939
808.78406	9268.917
808.8349	9149.4658
808.88574	9223.542
808.93658	9594.3379
808.98737	9692.5557
809.03821	9697.3486
809.08905	9726.7822
809.13989	9846.2979
809.19073	9822.8867
809.24158	9785.623
809.29242	9829.4355
809.3432	9859.0801
809.39404	9846.4326
809.44489	9657.4346
809.49573	9749.3965
809.54657	9800.1553
809.59741	9947.627
809.64825	9847.6582
809.69904	9811.5879
809.74988	9773.541
809.80072	10094.048
809.85156	9969.4316
809.9024	10080.485
809.95325	9862.8428
810.00409	10056.204
810.05487	9665.7832
810.10571	9661.2314
810.15656	9471.0811
810.2074	9942.415
810.25824	10091.574
810.30908	10386.322
810.35992	10186.569
810.41071	10300.723
810.46155	9823.8926
810.51239	9627.8779
810.56323	9400.2822
810.61407	9786.4893
810.66492	9888.5518
810.71576	10232.377
810.7666	10134.291
810.81738	10350.571
810.86823	10358.418
810.91907	10341.498
810.96991	10182.225
811.02075	10350.042
811.07159	10208.729
811.12244	10093.538
811.17322	9962.6016
811.22406	10092.167
811.2749	10353.214
811.32574	10602.507
811.37659	10907.951
811.42743	10773.853
811.47827	10851.019
811.52905	10530.036
811.5799	10462.471
811.63074	10261.469
811.68158	10683.36
811.73242	10693.214
811.78326	10930.817
811.83411	10699.967
811.88489	10916.509
811.93573	10774.533
811.98657	10965.095
812.03741	10819.433
812.08826	11224.775
812.1391	11050.099
812.18994	11110.431
812.24072	10541.146
812.29156	10727.42
812.34241	10710.975
812.39325	11243.735
812.44409	10895.294
812.49493	11078.889
812.54578	10924.27
812.59656	11301.186
812.6474	10993.515
812.69824	11144.485
812.74908	11008.559
812.79993	10906.038
812.85077	10604.171
812.90161	10370.081
812.95239	10575.633
813.00323	11019.151
813.05408	11439.287
813.10492	11708.38
813.15576	11768.937
813.2066	11285.439
813.25745	11016.313
813.30823	10279.262
813.35907	10431.044
813.40991	10727.056
813.46075	11474.45
813.5116	11280.691
813.56244	11730.306
813.61328	11474.338
813.66406	11677.42
813.7149	11163.193
813.76575	11322.631
813.81659	11240.532
813.86743	11680.183
813.91827	11304.531
813.96912	11586.973
814.0199	11340.217
814.07074	12080.548
814.12158	11808.803
814.17242	12417.93
814.22327	11960.398
814.27411	12425.428
814.32495	12077.188
814.37573	12074.791
814.42657	11519.963
814.47742	12059.277
814.52826	12226.5
814.5791	12126.082
814.62994	11891.387
814.68079	12233.964
814.73163	12292.972
814.78241	12429.928
814.83325	12492.468
814.88409	12397.73
814.93494	12746.281
814.98578	12204.593
815.03662	11956.19
815.08746	11584.639
815.13824	12098.005
815.18909	12306.581
815.23993	12775.345
815.29077	12313.715
815.34161	12886.234
815.39246	12411.425
815.4433	12534.917
815.49408	12108.865
815.54492	12478.696
815.59576	12090.013
815.64661	12090.214
815.69745	11792.777
815.74829	12074.21
815.79913	12251.275
815.84991	12872.584
815.90076	13017.826
815.9516	13244.237
816.00244	12953.544
816.05328	12672.879
816.10413	12036.247
816.15497	11930.186
816.20575	12184.757
816.25659	12409.088
816.30743	13210.563
816.35828	13170.381
816.40912	13511.488
816.45996	13170.543
816.5108	13150.338
816.56158	12624.77
816.61243	13070.873
816.66327	12901.71
816.71411	13395.243
816.76495	12952.687
816.8158	13061.09
816.86664	13202.295
816.91742	13880.109
816.96826	13556.665
817.0191	13789.056
817.06995	13701.59
817.12079	13959.799
817.17163	13686.353
817.22247	13595.399
817.27325	13363.432
817.3241	13707.852
817.37494	13743.449
817.42578	13571.561
817.47662	13494.334
817.52747	13517.712
817.57831	13937.853
817.62909	14068.08
817.67993	14245.694
817.73077	14152.591
817.78162	14126.4
817.83246	13179.954
817.8833	13214.437
817.93414	12974.749
817.98492	13552.05
818.03577	13966.188
818.08661	14501.336
818.13745	14213.958
818.18829	14267.324
818.23914	13860.111
818.28998	13695.026
818.34076	13452.58
818.3916	13655.546
818.44244	13698.522
818.49329	13643.289
818.54413	13526.984
818.59497	13770.091
818.64581	14156.372
818.69659	14545.876
818.74744	14833.706
818.79828	14776.23
818.84912	14617.709
818.89996	14120.875
818.95081	13702.53
819.00165	13421.082
819.05249	14128.203
819.10327	14501.374
819.15411	15167.942
819.20496	15075.473
819.2558	15299.278
819.30664	15082.79
819.35748	14981.416
819.40833	14518.658
819.45911	14744.185
819.50995	14969.502
819.56079	15270.77
819.61163	14961.743
819.66248	14901.216
819.71332	15155.894
819.76416	15577.324
819.81494	15656.94
819.86578	15408.313
819.91663	15580.451
819.96747	15509.898
820.01831	15535.726
820.06915	15196.754
820.12	15335.278
820.17078	15425.335
820.22162	15559.49
820.27246	15024.06
820.3233	15126.646
820.37415	15400.901
820.42499	15855.179
820.47583	16002.821
820.52661	16019.605
820.57745	15917.988
820.6283	15696.27
820.67914	14949.835
820.72998	14410.762
820.78082	14578.321
820.83167	15161.224
820.88245	15912.209
820.93329	16210.709
820.98413	16284.663
821.03497	16110.213
821.08582	15829.056
821.13666	15220.052
821.1875	15033.361
821.23828	15191.312
821.28912	15671.531
821.33997	15618.83
821.39081	15623.483
821.44165	15869.398
821.49249	16279.786
821.54333	16316.509
821.59412	16317.311
821.64496	16349.082
821.6958	16382.635
821.74664	16265.994
821.79749	15738.513
821.84833	15541.604
821.89917	15927.387
821.94995	16662.127
822.00079	17022.178
822.05164	17104.91
822.10248	17100.172
822.15332	17361.301
822.20416	17033.744
822.255	16700.393
822.30579	16662.953
822.35663	16968.199
822.40747	17143.43
822.45831	16977.779
822.50916	16722.557
822.56	16904.484
822.61084	17336.494
822.66162	17491.184
822.71246	17543.123
822.76331	17577.68
822.81415	17641.834
822.86499	17355.215
822.91583	17046.459
822.96667	16832.053
823.01752	17059.791
823.0683	17157.275
823.11914	17036.529
823.16998	16664.52
823.22083	16769.217
823.27167	17398.67
823.32251	17816.418
823.37335	17787.893
823.42413	17666.719
823.47498	17556.318
823.52582	16861.576
823.57666	16227.092
823.6275	15948.48
823.67834	16433.627
823.72919	17423.256
823.77997	18280.693
823.83081	18430.664
823.88165	18391.689
823.9325	18020
823.98334	17322.912
824.03418	16609.184
824.08502	16634.873
824.1358	17205.639
824.18665	17675.172
824.23749	17983.082
824.28833	18034.154
824.33917	18244.811
824.39001	18415.635
824.44086	18514.076
824.49164	18301.582
824.54248	18468.629
824.59332	18479.061
824.64417	18324.375
824.69501	17932.1
824.74585	17863.391
824.79669	18341.998
824.84747	19153.998
824.89832	19236.652
824.94916	18936.172
825	19185.713
825.05084	19208.541
825.10168	19022.32
825.15253	18680.094
825.20331	18858.287
825.25415	19112.41
825.30499	19108.822
825.35583	18422.998
825.40668	18285.711
825.45752	18717.613
825.50836	19366.973
825.55914	19651.23
825.60999	19784.232
825.66083	19754.672
825.71167	19571.967
825.76251	18964.803
825.81335	18210.229
825.8642	18144.012
825.91498	18470.682
825.96582	18900.352
826.01666	18812.123
826.0675	18983.156
826.11835	19108.176
826.16919	19437.346
826.22003	19321.334
826.27081	19378.119
826.32166	19309.826
826.3725	19142.273
826.42334	18505.678
826.47418	17788.49
826.52502	17777.984
826.57587	18532.727
826.62665	19608.775
826.67749	20273.227
826.72833	20623.006
826.77917	20506.727
826.83002	20133.063
826.88086	18925.234
826.9317	18317.646
826.98248	18365.744
827.03333	19339.197
827.08417	20023.775
827.13501	20298.156
827.18585	20341.873
827.23669	20498.389
827.28754	20637.988
827.33838	20336.678
827.38916	20093.881
827.44	20267.168
827.49084	20755.297
827.54169	20363.904
827.59253	19855.348
827.64337	19857.324
827.69421	20639.148
827.745	20804.373
827.79584	21118.473
827.84668	20891.111
827.89752	20974.789
827.94836	21136.439
827.99921	21107.732
828.05005	20998.186
828.10083	20925.424
828.15167	20988.619
828.20251	20596.867
828.25336	20166.527
828.3042	19703.713
828.35504	20196.898
828.40588	20902.604
828.45667	21660.203
828.50751	21622.234
828.55835	21681.359
828.60919	21323.986
828.66003	20507.031
828.71088	19445.168
828.76172	19304.152
828.8125	19804.701
828.86334	20437.313
828.91418	20978.201
828.96503	20930.391
829.01587	21197.422
829.06671	21236.99
829.11755	21225.322
829.16833	20716.066
829.21918	20894.949
829.27002	20883.688
829.32086	20759.609
829.3717	20037.078
829.42255	19975.109
829.47339	20607.455
829.52417	21697.887
829.57501	22454.115
829.62585	22511
829.6767	22676.887
829.72754	22376.057
829.77838	21623.734
829.82922	20398.475
829.88	20520.713
829.93085	21385.268
829.98169	22297.094
830.03253	22546.48
830.08337	22618.711
830.13422	22540.99
830.18506	22885.998
830.23584	22670.334
830.28668	22310.027
830.33752	22586.365
830.38837	22902.502
830.43921	22991.365
830.49005	22250.805
830.54089	22175.529
830.59167	22473.408
830.64252	23241.555
830.69336	23233.639
830.7442	23199.844
830.79504	22959.172
830.84589	23344.146
830.89673	23344.34
830.94751	22967.611
830.99835	22853.076
831.04919	23096.746
831.10004	22953.912
831.15088	22015.652
831.20172	21485.492
831.25256	21599.082
831.30341	22734.379
831.35419	23577.244
831.40503	24315.447
831.45587	24213.43
831.50671	24017.24
831.55756	23009.766
831.6084	21562.275
831.65924	20849.422
831.71002	21266.414
831.76086	22447.775
831.81171	23316.063
831.86255	23916.092
831.91339	23927.729
831.96423	24062.982
832.01508	23646.258
832.06586	23249.949
832.1167	22750.658
832.16754	23101.625
832.21838	23415.357
832.26923	23140.529
832.32007	22661.305
832.37091	22977.631
832.42169	23930.047
832.47253	24820.947
832.52338	25425.211
832.57422	25211.842
832.62506	25242.322
832.6759	24819.754
832.72675	24154.109
832.77753	23285.074
832.82837	23794.121
832.87921	24782.875
832.93005	25360.223
832.9809	25359.063
833.03174	25348.525
833.08258	25647.451
833.13336	25755.865
833.1842	25837.564
833.23505	25421.754
833.28589	25642.561
833.33673	25876.473
833.38757	25623.965
833.43842	24543.061
833.4892	24323.629
833.54004	24852.504
833.59088	25608.271
833.64172	25923.51
833.69257	25980.041
833.74341	26181.834
833.79425	26209.639
833.84503	26139.238
833.89587	25407.721
833.94672	25262.756
833.99756	25268.314
834.0484	25172.781
834.09924	24302.563
834.15009	23900.793
834.20087	24325.23
834.25171	25495.199
834.30255	26677.383
834.35339	27180.281
834.40424	27287.566
834.45508	26621.268
834.50592	25547.449
834.5567	23921.73
834.60754	23361.352
834.65839	23841.318
834.70923	25390.635
834.76007	26660.773
834.81091	27431.908
834.86176	27688.602
834.91254	27492.221
834.96338	26861.512
835.01422	25678.664
835.06506	25424.916
835.11591	25901.65
835.16675	26789.154
835.21759	26620.584
835.26837	26388.52
835.31921	26558.422
835.37006	27529.557
835.4209	28241.84
835.47174	28273.162
835.52258	28133.975
835.57343	28345.156
835.62427	28491.459
835.67505	27568.141
835.72589	26998.844
835.77673	27072.115
835.82758	28126.656
835.87842	28582.725
835.92926	28482.418
835.9801	28057.342
836.03088	28350.211
836.08173	28999.996
836.13257	29249.895
836.18341	29144.918
836.23425	29034.043
836.2851	29368.859
836.33594	28464.678
836.38672	27299.623
836.43756	26484.414
836.4884	27050.305
836.53925	28149.859
836.59009	29213.779
836.64093	29302.115
836.69177	29254.766
836.74255	29395.41
836.7934	28651.604
836.84424	27682.234
836.89508	26955.174
836.94592	27511.91
836.99677	27710.641
837.04761	27530.664
837.09839	26949.668
837.14923	27394.346
837.20007	28370.041
837.25092	29308.029
837.30176	30025.336
837.3526	30157.916
837.40344	29973.473
837.45422	28733.77
837.50507	27437.346
837.55591	26081.773
837.60675	26464.16
837.65759	28119.73
837.70844	30035.313
837.75928	30741.119
837.81006	31113.08
837.8609	31210.977
837.91174	30452.303
837.96259	29386.16
838.01343	28340.424
838.06427	28694.18
838.11511	29554.34
838.16589	30703.361
838.21674	30376.617
838.26758	30136.424
838.31842	30552.979
838.36926	31526.615
838.4201	31801.637
838.47095	31293.795
838.52173	31580.896
838.57257	31704.488
838.62341	31806.127
838.67426	30647.225
838.7251	30430.16
838.77594	30656.691
838.82678	31528.281
838.87756	31455.508
838.92841	30701.703
838.97925	30694.23
839.03009	31302.693
839.08093	32417.57
839.13177	32150.713
839.18262	32353.607
839.2334	32170.494
839.28424	31831.061
839.33508	29966.871
839.38593	28556.27
839.43677	28259.662
839.48761	29630.355
839.53845	31399.975
839.58929	32434.404
839.64008	33079.355
839.69092	32557.445
839.74176	32194.178
839.7926	30497.574
839.84344	29375.6
839.89429	28886.176
839.94513	30043.377
839.99591	30607.953
840.04675	30523.746
840.0976	30648.324
840.14844	30987.291
840.19928	32331.813
840.25012	32421.746
840.30096	32703.334
840.35175	32216.037
840.40259	32575.098
840.45343	31569.119
840.50427	30173.246
840.55511	29296.832
840.60596	29905.594
840.6568	32222.279
840.70758	33712.066
840.75842	34684.07
840.80927	34410.855
840.86011	34958.441
840.91095	33804.41
840.96179	32669.174
841.01263	31652.549
841.06342	32405.777
841.11426	33641.813
841.1651	34034.891
841.21594	33994.578
841.26678	33300.336
841.31763	34174.961
841.36847	34625.246
841.41925	35275.395
841.47009	34498.305
841.52094	35012.629
841.57178	35146.816
841.62262	34862.344
841.67346	33916.434
841.7243	32694.783
841.77509	33717.945
841.82593	34026.539
841.87677	34681.902
841.92761	33360.469
841.97845	33554.324
842.0293	34093.543
842.08014	35264.824
842.13092	35549.676
842.18176	35151.469
842.2326	35243.223
842.28345	33931.449
842.33429	32684.158
842.38513	30456.16
842.43597	30708.818
842.48676	31849.475
842.5376	34403.352
842.58844	35943.129
842.63928	36524.125
842.69012	36764.016
842.74097	35313.738
842.79181	33898.363
842.84259	31389.08
842.89343	31357.605
842.94427	32104.824
842.99512	34347.117
843.04596	34678.957
843.0968	34761.305
843.14764	35303.465
843.19843	35832.406
843.24927	36443.805
843.30011	35231.523
843.35095	35705.09
843.40179	35296.688
843.45264	36259.855
843.50348	34493.441
843.55426	33677.902
843.6051	33963.211
843.65594	35806.605
843.70679	37865.945
843.75763	37839.313
843.80847	38466.973
843.85931	37655.789
843.91016	38526.477
843.96094	37023.793
844.01178	36162.762
844.06262	36001.676
844.11346	37294.664
844.16431	38359.18
844.21515	37260.824
844.26599	36990.344
844.31677	36396.344
844.36761	38421.031
844.41846	38453.906
844.4693	39300.102
844.52014	38659.375
844.57098	39267.012
844.62183	38890.938
844.67261	36711.012
844.72345	36120.586
844.77429	35125.004
844.82513	36957.703
844.87598	36939.32
844.92682	37828.863
844.97766	36767.504
845.02844	37418.211
845.07928	38562.652
845.13013	38650.582
845.18097	38601.375
845.23181	37418.605
845.28265	38245.793
845.3335	36199.441
845.38428	34905.438
845.43512	33057.949
845.48596	34584.965
845.5368	36885.191
845.58765	39332.645
845.63849	40986.742
845.68933	40627.324
845.74011	41092.988
845.79095	37980.32
845.8418	35950.52
845.89264	33766.598
845.94348	34788.574
845.99432	36823.48
846.04517	39020.145
846.09595	40403.516
846.14679	39752.813
846.19763	41169.852
846.24847	40365.223
846.29932	40470.91
846.35016	38674.637
846.401	39280.313
846.45178	40115.445
846.50262	40586.117
846.55347	39836.48
846.60431	38400.816
846.65515	39980.234
846.70599	41021.039
846.75684	43027.633
846.80762	41969.973
846.85846	42425.613
846.9093	42489.762
846.96014	42595.684
847.01099	42145.969
847.06183	40412.707
847.11267	41671.648
847.16345	41584.133
847.21429	42599.965
847.26514	40281.199
847.31598	39797.367
847.36682	39968.195
847.41766	41966.969
847.46851	43939.211
847.51929	43470.699
847.57013	44596.625
847.62097	43207.488
847.67181	42537.406
847.72266	39302.254
847.7735	37947.598
847.82434	38154.531
847.87512	39881.387
847.92596	41694.012
847.97681	41447.496
848.02765	42690.211
848.07849	42203.082
848.12933	43153.391
848.18018	41777.945
848.23102	41502.734
848.2818	41057.883
848.33264	41239.762
848.38348	40599.66
848.43433	38304.879
848.48517	38380.461
848.53601	38535.246
848.58685	42444.969
848.63763	44269.617
848.68848	45941.016
848.73932	45533.117
848.79016	45014.168
848.841	43609.977
848.89185	39833.254
848.94269	38638.086
848.99347	38354.219
849.04431	42450.879
849.09515	44482.855
849.146	45843.941
849.19684	45770.129
849.24768	46027.965
849.29852	46350.305
849.3493	44229.824
849.40015	44287.484
849.45099	43222.512
849.50183	45812.406
849.55267	45625.578
849.60352	45120.73
849.65436	44035.219
849.70514	44075.121
849.75598	46428.484
849.80682	46741.836
849.85767	47528.438
849.90851	45760.316
849.95935	47190.453
850.01019	47159.137
850.06097	46923.492
850.11182	45908.355
850.16266	44892.141
850.2135	46475.918
850.26434	45636.84
850.31519	44983.082
850.36603	42462.496
850.41681	43547.008
850.46765	45396.828
850.51849	47915.867
850.56934	49027.113
850.62018	48634.699
850.67102	49168.191
850.72186	45849.211
850.77264	43346.535
850.82349	40127.297
850.87433	40737.754
850.92517	42650.039
850.97601	45411.035
851.02686	47826.625
851.0777	47627.68
851.12848	48721.176
851.17932	47112
851.23016	46581.148
851.28101	43905.848
851.33185	43822.773
851.38269	44474.203
851.43353	44922.543
851.48431	44891.102
851.53516	43414.898
851.586	44720.16
851.63684	46214.191
851.68768	49486.227
851.73853	49945.484
851.78937	49962.828
851.84015	50280.578
851.89099	49230.715
851.94183	47490.691
851.99268	43977.402
852.04352	44356.98
852.09436	46043.879
852.1452	50238.5
852.19604	51310.016
852.24683	51187.371
852.29767	51406.848
852.34851	51152.156
852.39935	52084.883
852.4502	49707.586
852.50104	49897.832
852.55188	50355.633
852.60266	51926.152
852.6535	51312.953
852.70435	49284.52
852.75519	49024.23
852.80603	49404.781
852.85687	52165.047
852.90771	51964.422
852.9585	52229.477
853.00934	52094.309
853.06018	52554.652
853.11102	52539.535
853.16187	50549.461
853.21271	50405.637
853.26355	49648.934
853.31433	50698.695
853.36517	49031.066
853.41602	47672.66
853.46686	47002.008
853.5177	48584.188
853.56854	51934.121
853.61938	53183.988
853.67017	54764.141
853.72101	53518.945
853.77185	52940.875
853.82269	49357.242
853.87354	45321.066
853.92438	43448.867
853.97522	44463.074
854.026	48882.332
854.07684	52011.836
854.12769	54631.984
854.17853	54589.219
854.22937	54910.02
854.28021	53089.965
854.33105	49680.609
854.38184	47783.984
854.43268	47465.801
854.48352	50277.801
854.53436	51189.25
854.58521	51698.324
854.63605	50801.883
854.68689	52049.711
854.73767	54264.176
854.78851	55242.742
854.83936	55655.711
854.8902	54871.199
854.94104	55984.563
854.99188	54905.371
855.04272	53428.582
855.09351	51288.488
855.14435	51370.402
855.19519	54330.637
855.24603	56763.676
855.29688	58058.094
855.34772	56402.031
855.39856	56861.965
855.44934	57365.625
855.50018	57719.203
855.55103	57047.242
855.60187	56062.773
855.65271	57445.957
855.70355	57482.691
855.75439	56579.316
855.80518	53089.633
855.85602	52245.043
855.90686	53836.516
855.9577	56651.035
856.00854	58506.082
856.05939	57954.871
856.11023	58572.652
856.16101	58093.918
856.21185	57234.48
856.2627	54355.141
856.31354	52658.461
856.36438	53122.98
856.41522	54075.473
856.46606	54178.93
856.51691	52285.441
856.56769	52326.914
856.61853	53605.949
856.66937	56611.258
856.72021	58108.789
856.77106	58673.695
856.8219	59023.469
856.87274	57149.422
856.92352	54338.547
856.97437	49878.305
857.02521	47724.703
857.07605	48900.352
857.12689	53548.984
857.17773	57832.984
857.22858	60352.773
857.27936	61989.148
857.3302	60958.184
857.38104	59253.832
857.43188	55039.547
857.48273	51892.016
857.53357	51633.418
857.58441	54691.223
857.63519	57943.254
857.68604	58404.445
857.73688	58532.996
857.78772	58259.738
857.83856	60555.789
857.8894	61306.309
857.94025	60593.965
857.99103	60224.066
858.04187	60611.156
858.09271	61939.824
858.14355	60298.918
858.1944	58505.758
858.24524	57206.715
858.29608	59475.352
858.34686	61919.336
858.39771	62246.98
858.44855	61459.551
858.49939	60170.492
858.55023	61918.844
858.60107	62605.227
858.65192	63031.898
858.7027	62174.734
858.75354	62084.309
858.80438	62272.789
858.85522	59891.598
858.90607	57004.809
858.95691	53792.863
859.00775	55284.645
859.05853	58621.691
859.10938	62471.379
859.16022	63944.641
859.21106	63651.254
859.2619	64001.301
859.31274	61165.422
859.36359	58062.715
859.41437	54275.715
859.46521	53998.504
859.51605	55934
859.56689	57950.328
859.61774	58447.039
859.66858	56844.832
859.71942	58502.25
859.7702	59969.227
859.82104	61873.172
859.87189	61465.973
859.92273	60745.313
859.97357	61491.629
860.02441	59700.176
860.07526	57254.566
860.12604	52915.422
860.17688	52627.75
860.22772	55596.617
860.27856	60662.449
860.32941	63931.508
860.38025	64464.121
860.43109	64463.73
860.48193	64403.066
860.53271	63332.531
860.58356	58667.816
860.6344	55995.988
860.68524	58031.328
860.73608	61311.098
860.78693	63830.289
860.83777	63518.57
860.88855	63978.391
860.93939	64285.277
860.99023	64375.52
861.04108	64458.992
861.09192	64260
861.14276	64385.957
861.1936	64457.809
861.24438	64457.414
861.29523	63782.449
861.34607	62210.598
861.39691	62026.457
861.44775	63524.34
861.4986	64400.84
861.54944	63806.328
861.60022	64047.895
861.65106	63423.66
861.7019	64009.637
861.75275	64453.465
861.80359	64453.063
861.85443	64452.668
861.90527	64452.277
861.95605	64451.883
862.0069	61372.344
862.05774	57577.723
862.10858	56056.621
862.15942	57284.094
862.21027	62890.551
862.26111	64449.512
862.31189	64449.117
862.36273	64448.727
862.41357	64448.328
862.46442	64076.059
862.51526	58728.301
862.5661	55944.086
862.61694	54622.734
862.66772	59605.902
862.71857	62055.324
862.76941	63947.816
862.82025	64423.629
862.87109	64147.605
862.92194	64410.441
862.97278	64041.887
863.02356	64356.387
863.0744	62739.035
863.12524	63820.086
863.17609	64429.125
863.22693	62179.836
863.27777	60529.074
863.32861	58327.02
863.37939	63155.027
863.43024	64440.434
863.48108	64440.031
863.53192	64439.637
863.58276	64439.246
863.63361	64438.848
863.68445	64438.453
863.73523	64438.063
863.78607	62685.57
863.83691	63401.598
863.88776	64417.547
863.9386	64436.48
863.98944	64436.082
864.04028	64435.691
864.09106	64435.297
864.14191	64434.902
864.19275	64434.508
864.24359	64434.113
864.29443	64433.719
864.34528	64433.32
864.39612	64432.926
864.4469	64432.535
864.49774	64414.93
864.54858	63881.012
864.59943	64431.242
864.65027	64430.844
864.70111	64430.445
864.75195	64430.047
864.8028	64429.656
864.85358	64429.258
864.90442	64428.867
864.95526	64428.469
865.0061	64428.074
865.05695	64427.68
865.10779	64427.281
865.15863	64317.25
865.20941	62134.402
865.26025	58430.52
865.3111	60733.063
865.36194	63491.926
865.41278	64424.91
865.46362	64424.512
865.51447	64424.113
865.56525	64423.719
865.61609	64423.324
865.66693	63765.73
865.71777	58672.285
865.76862	57798.691
865.81946	60149.945
865.8703	63916.766
865.92108	64420.945
865.97192	64420.547
866.02277	64420.152
866.07361	64419.754
866.12445	64419.359
866.17529	64418.973
866.22614	64418.574
866.27692	64418.176
866.32776	64417.781
866.3786	64417.379
866.42944	64416.988
866.48029	64416.59
866.53113	64416.191
866.58197	64415.801
866.63275	64415.406
866.68359	64415.012
866.73444	64414.609
866.78528	64414.219
866.83612	64413.824
866.88696	64413.426
866.93781	64413.027
866.98859	64412.633
867.03943	64412.234
867.09027	64411.84
867.14111	64411.441
867.19196	64411.051
867.2428	64410.656
867.29364	64410.262
867.34442	64409.859
867.39526	64409.469
867.44611	64409.07
867.49695	64408.672
867.54779	64408.277
867.59863	64407.887
867.64948	64407.488
867.70026	64213.77
867.7511	63987.035
867.80194	64406.297
867.85278	64405.906
867.90363	64405.508
867.95447	64405.113
868.00531	64404.715
868.05609	64404.32
868.10693	64403.922
868.15778	64403.523
868.20862	64403.133
868.25946	64402.738
868.3103	64402.344
868.36115	64401.941
868.41193	63855.824
868.46277	63007.328
868.51361	63432.285
868.56445	64400.359
868.6153	64399.965
868.66614	64399.566
868.71698	64399.172
868.76782	64398.773
868.8186	64398.383
868.86945	64122.523
868.92029	61913.93
868.97113	60854.289
869.02197	63614.195
869.07281	64396.402
869.12366	64396.004
869.17444	64395.609
869.22528	64395.211
869.27612	64394.816
869.32697	64394.418
869.37781	64394.02
869.42865	64393.629
869.47949	64393.234
869.53027	64392.84
869.58112	64392.438
869.63196	64392.047
869.6828	64391.652
869.73364	64391.254
869.78448	64390.855
869.83533	64390.461
869.88611	64390.063
869.93695	64389.668
869.98779	64389.27
870.03864	64388.879
870.08948	64388.484
870.14032	64388.09
870.19116	64387.688
870.24194	64387.297
870.29279	64386.898
870.34363	64386.5
870.39447	64386.105
870.44531	64385.715
870.49615	64385.316
870.547	64384.918
870.59778	64384.52
870.64862	64384.125
870.69946	64383.734
870.75031	64383.336
870.80115	64382.941
870.85199	64170.309
870.90283	63630.895
870.95361	63370.133
871.00446	64060.242
871.0553	64380.961
871.10614	64380.566
871.15698	64380.172
871.20782	64379.77
871.25867	64379.379
871.30945	64378.98
871.36029	64378.586
871.41113	64378.188
871.46198	64219.531
871.51282	64324.977
871.56366	64377
871.6145	64376.602
871.66528	64376.211
871.71613	64375.813
871.76697	64375.422
871.81781	64375.02
871.86865	64374.629
871.91949	64374.23
871.97034	64373.832
872.02112	64373.438
872.07196	64373.039
872.1228	63840.102
872.17365	62838.625
872.22449	64093.68
872.27533	64371.453
872.32617	64371.063
872.37695	64370.664
872.4278	64370.273
872.47864	64369.875
872.52948	64369.48
872.58032	64369.082
872.63116	64368.684
872.68201	64368.289
872.73279	64367.891
872.78363	64367.5
872.83447	64367.102
872.88531	64366.707
872.93616	64366.309
872.987	64365.918
873.03784	64365.52
873.08868	64365.125
873.13947	64364.727
873.19031	64364.324
873.24115	64363.934
873.29199	64363.543
873.34283	64363.145
873.39368	64362.742
873.44452	64362.07
873.4953	64361.676
873.54614	64361.277
873.59698	64357.254
873.64783	64207.832
873.69867	64360.09
873.74951	64359.691
873.80035	64359.293
873.85114	64358.898
873.90198	64358.5
873.95282	64358.105
874.00366	64357.707
874.0545	64234.973
874.10535	62814.93
874.15619	59341.035
874.20697	60624.828
874.25781	63297.156
874.30865	64355.328
874.3595	64354.922
874.41034	64354.531
874.46118	64354.137
874.51202	64353.738
874.56281	64142.098
874.61365	62957.379
874.66449	61846.523
874.71533	63005.523
874.76617	63963.137
874.81702	64296.16
874.86786	64099.766
874.91864	64252.555
874.96948	64350.164
875.02032	64349.766
875.07117	64349.371
875.12201	64348.977
875.17285	64348.578
875.22369	64348.18
875.27448	64347.789
875.32532	64107.664
875.37616	63487.828
875.427	63657.051
875.47784	64006.457
875.52869	64345.801
875.57953	64345.402
875.63031	64345.008
875.68115	64344.609
875.73199	64344.211
875.78284	64343.816
875.83368	64343.422
875.88452	64343.023
875.93536	64342.625
875.98615	64342.223
876.03699	64341.824
876.08783	64341.438
876.13867	64266.82
876.18951	64140.355
876.24036	64212.27
876.2912	64339.844
876.34198	64339.449
876.39282	64339.051
876.44366	64338.652
876.49451	64338.254
876.54535	64318.355
876.59619	64146.461
876.64703	63823.625
876.69781	63772.246
876.74866	64111.809
876.7995	64098.961
876.85034	63849.844
876.90118	63679.578
876.95203	63700.316
877.00287	64114.082
877.05365	64333.895
877.10449	64333.496
877.15533	64333.098
877.20618	64332.703
877.25702	64135.012
877.30786	63540.578
877.3587	60726.355
877.40955	57814.926
877.46033	55882.043
877.51117	61676.98
877.56201	64037.012
877.61285	64329.523
877.6637	64329.125
877.71454	64328.73
877.76538	64171.852
877.81616	63752.684
877.867	62887.09
877.91785	59616.684
877.96869	59339.176
878.01953	63213.203
878.07037	64126.566
878.12122	64159.352
878.172	64066.48
878.22284	64243.625
878.27368	64264.891
878.32452	64292.762
878.37537	64165.551
878.42621	64087.996
878.47705	64244.195
878.52783	64212.887
878.57867	64195.477
878.62952	64024.559
878.68036	63988.449
878.7312	64148.129
878.78204	64239.133
878.83289	64307.48
878.88367	64246.461
878.93451	64237.883
878.98535	64280.34
879.03619	64270.77
879.08704	64307.57
879.13788	64232.301
879.18872	64256.758
879.2395	64278.5
879.29034	64276.051
879.34119	64266.246
879.39203	64208.066
879.44287	61802.395
879.49371	64221.273
879.54456	64314.047
879.59534	64314.043
879.64618	64314.047
879.69702	64314.047
879.74786	64314.047
879.79871	64314.047
879.84955	64314.043
879.90039	62091.32
879.95117	57284.941
880.00201	60303.914
880.05286	60663.641
880.1037	64307.906
880.15454	63866.703
880.20538	62452.73
880.25623	64037.832
880.30701	63369.68
880.35785	64298.027
880.40869	63894.766
880.45953	64240.531
880.51038	64205.18
880.56122	62140.723
880.61206	61502.176
880.66284	53248.906
880.71368	51813.371
880.76453	52267.074
880.81537	57197.402
880.86621	64314.047
880.91705	64314.047
880.9679	64314.047
881.01868	64314.047
881.06952	64070.559
881.12036	60976.43
881.1712	53135.031
881.22205	51429.148
881.27289	51754.828
881.32373	57290.887
881.37457	62306.254
881.42535	61745.559
881.4762	62037.637
881.52704	59915.852
881.57788	62201.387
881.62872	61822.156
881.67957	57753.48
881.73041	57659.641
881.78119	56577.258
881.83203	59796.832
881.88287	58985.461
881.93372	55027.617
881.98456	54073.379
882.0354	52778.453
882.08624	55945.645
882.13702	56756.977
882.18787	55434.227
882.23871	54309.133
882.28955	52452.965
882.34039	55230.406
882.39124	54159.703
882.44208	53453.711
882.49286	52352.891
882.5437	50749.531
882.59454	51852.781
882.64539	48319.363
882.69623	44705.891
882.74707	41633.566
882.79791	41171.766
882.84869	44824.703
882.89954	47160.637
882.95038	50305.176
883.00122	50175.391
883.05206	48914.754
883.10291	47509.355
883.15375	42141.922
883.20453	38222.637
883.25537	34973.152
883.30621	35112.969
883.35706	38132.004
883.4079	39926.262
883.45874	41655.715
883.50958	40536.895
883.56036	40541.723
883.61121	40727.273
883.66205	39336.621
883.71289	38308.824
883.76373	35983.512
883.81458	36219.27
883.86542	36673.734
883.9162	35558.871
883.96704	34153.523
884.01788	31807.27
884.06873	32352.127
884.11957	34462.121
884.17041	37135.805
884.22125	38901.543
884.27203	38281.094
884.32288	38573.41
884.37372	37391.832
884.42456	35123.617
884.4754	32169.605
884.52625	29583.91
884.57709	30452.426
884.62787	32366.113
884.67871	34953.328
884.72955	35519.375
884.7804	34039.676
884.83124	33804.746
884.88208	33568.441
884.93292	33836.609
884.9837	32823.23
885.03455	31548.314
885.08539	31668.994
885.13623	31879.709
885.18707	32386.82
885.23792	30573.963
885.28876	28412.002
885.33954	28328.393
885.39038	29030.561
885.44122	30506.701
885.49207	30030.568
885.54291	29106.402
885.59375	28856.523
885.64459	28885.561
885.69543	29631.793
885.74622	28485.518
885.79706	27539.549
885.8479	27132.613
885.89874	26846.465
885.94958	26440.039
886.00043	24012.627
886.05127	22447.139
886.10205	21987.234
886.15289	23226.918
886.20374	25612.771
886.25458	26703.541
886.30542	27951.006
886.35626	27623.457
886.4071	26479.475
886.45789	24539.113
886.50873	21199.141
886.55957	19473.721
886.61041	18788.953
886.66125	20168.383
886.7121	22723.031
886.76294	23964.375
886.81372	24958.873
886.86456	24474.678
886.91541	24691.531
886.96625	24223.988
887.01709	22271.059
887.06793	21359.633
887.11877	20518.266
887.16956	21596.295
887.2204	22648.818
887.27124	22104.881
887.32208	21537.451
887.37292	20604.426
887.42377	21968.582
887.47461	23478.592
887.52539	23940.785
887.57623	24352.102
887.62708	23557.037
887.67792	24070.205
887.72876	23946.443
887.7796	22607.223
887.83044	21704.904
887.88123	20254.32
887.93207	21704.021
887.98291	23027.859
888.03375	23492.551
888.08459	23403.047
888.13544	21876.322
888.18628	22573.586
888.23706	23114.791
888.2879	23156.518
888.33875	23342.646
888.38959	22069.279
888.44043	23360.139
888.49127	22972.504
888.54211	22158.611
888.5929	20984.117
888.64374	18887.479
888.69458	19786.004
888.74542	20686.328
888.79626	21827.078
888.84711	22503.932
888.89795	21220.287
888.94873	22085.285
888.99957	21593.416
889.05042	21187.303
889.10126	20791.502
889.1521	19029.207
889.20294	19656.07
889.25378	19696.975
889.30457	19417.604
889.35541	18690.096
889.40625	16846.822
889.45709	17641.721
889.50793	18174.578
889.55878	20174.18
889.60962	21421.48
889.66046	20994.725
889.71124	21885.939
889.76208	20577.035
889.81293	18954.715
889.86377	16950.268
889.91461	14622.938
889.96545	15033.975
890.0163	15946.323
890.06708	18442.125
890.11792	20196.816
890.16876	20105.795
890.2196	20776.936
890.27045	19849.465
890.32129	19250.754
890.37213	17962.424
890.42291	15958.313
890.47375	16206.978
890.5246	16483.896
890.57544	17825.682
890.62628	18058.143
890.67712	17107.838
890.72797	17089.957
890.77875	16769.305
890.82959	17655.771
890.88043	18085.314
890.93127	17055.531
890.98212	16975.502
891.03296	16799.248
891.0838	16979.605
891.13458	16793.756
891.18542	15375.451
891.23627	14986.037
891.28711	14832.898
891.33795	15671.712
891.38879	15798.038
891.43964	14836.028
891.49042	14223.009
891.54126	13908.354
891.5921	14413.718
891.64294	14745.626
891.69379	14623.751
891.74463	14563.686
891.79547	14202.367
891.84625	13975.134
891.89709	13007.256
891.94794	11478.221
891.99878	10648.218
892.04962	10348.664
892.10046	10951.105
892.15131	11713.913
892.20209	12085.519
892.25293	12209.825
892.30377	11983.389
892.35461	11750.232
892.40546	11004.174
892.4563	10025.881
892.50714	9352.6973
892.55792	8987.6074
892.60876	9208.0791
892.65961	9321.5381
892.71045	9125.9971
892.76129	8820.2031
892.81213	8614.3555
892.86298	8908.5156
892.91376	9227.7021
892.9646	9447.9658
893.01544	9464.4287
893.06628	9288.04
893.11713	9221.0322
893.16797	8715.0654
893.21881	7903.7549
893.26959	7117.686
893.32043	6662.1211
893.37128	7050.0684
893.42212	7650.9492
893.47296	8424.1611
893.5238	8776.874
893.57465	8698.8955
893.62543	8628.54
893.67627	8135.4917
893.72711	7654.2007
893.77795	7052.6816
893.8288	6544.8511
893.87964	6821.9126
893.93048	7131.8481
893.98132	7474.7573
894.0321	7318.793
894.08295	6873.019
894.13379	6904.6846
894.18463	7030.585
894.23547	7164.0239
894.28632	7054.0605
894.33716	6665.6431
894.38794	6763.4595
894.43878	6761.5386
894.48962	6731.9023
894.54047	6497.3887
894.59131	5979.8701
894.64215	5947.2695
894.69299	5952.6274
894.74377	6100.9028
894.79462	5930.6846
894.84546	5489.6821
894.8963	5424.7686
894.94714	5438.3384
894.99799	5749.394
895.04883	5904.1748
895.09961	5729.2188
895.15045	5800.3545
895.20129	5599.2944
895.25214	5279.439
895.30298	4794.665
895.35382	4209.0874
895.40466	3989.6953
895.45544	4054.0864
895.50629	4462.5752
895.55713	5036.2827
895.60797	5208.2231
895.65881	5358.6182
895.70966	5129.7363
895.7605	4905.1265
895.81128	4504.9204
895.86212	3894.4934
895.91296	3686.437
895.96381	3721.408
896.01465	3958.2832
896.06549	4324.5942
896.11633	4138.6948
896.16711	4074.3284
896.21796	4112.4639
896.2688	4139.0591
896.31964	4396.5728
896.37048	4185.2593
896.42133	4115.0645
896.47217	4168.9902
896.52295	4071.7058
896.57379	4032.7334
896.62463	3786.6868
896.67548	3534.8706
896.72632	3400.3013
896.77716	3650.9028
896.828	4042.5916
896.87878	4239.5522
896.92963	4270.1299
896.98047	4250.4624
897.03131	4192.3042
897.08215	4225.0752
897.133	3961.812
897.18384	3704.4114
897.23462	3550.3018
897.28546	3608.9497
897.3363	3947.373
897.38715	3978.4456
897.43799	3788.5806
897.48883	3637.1306
897.53967	3533.6167
897.59045	3786.0771
897.6413	3857.9033
897.69214	3777.7795
897.74298	3749.429
897.79382	3722.4287
897.84467	3838.6826
897.89551	3729.491
897.94635	3481.5225
897.99713	3301.0581
898.04797	3219.7273
898.09882	3272.0969
898.14966	3358.209
898.2005	3316.2539
898.25134	3251.6028
898.30219	3151.8198
898.35297	3225.7295
898.40381	3359.5234
898.45465	3426.0842
898.50549	3411.7881
898.55634	3349.4712
898.60718	3362.6631
898.65802	3203.8496
898.7088	2892.1355
898.75964	2599.0706
898.81049	2436.8979
898.86133	2531.0232
898.91217	2808.4983
898.96301	3190.8408
899.01385	3442.3242
899.06464	3523.2932
899.11548	3497.6062
899.16632	3279.8601
899.21716	2985.2239
899.26801	2635.7971
899.31885	2414.5449
899.36969	2475.2964
899.42047	2672.3555
899.47131	2935.5596
899.52216	3153.2393
899.573	3148.032
899.62384	3162.0603
899.67468	3197.0044
899.72552	3228.719
899.77631	3186.6951
899.82715	3008.0889
899.87799	2971.679
899.92883	3025.3176
899.97968	3121.3464
900.03052	3087.6726
900.08136	2887.7178
900.13214	2810.4714
900.18298	2940.6047
900.23383	3199.7957
900.28467	3429.0476
900.33551	3321.1016
900.38635	3256.9646
900.43719	3247.1094
900.48798	3242.6111
900.53882	3328.1663
900.58966	3190.3279
900.6405	3040.9155
900.69135	3098.1431
900.74219	3184.9351
900.79303	3321.7109
900.84381	3075.3623
900.89465	2880.0925
900.9455	2794.719
900.99634	2915.6272
901.04718	3166.468
901.09802	3185.6484
901.14886	3230.6724
901.19965	3274.6946
901.25049	3203.6584
901.30133	3156.8127
901.35217	2876.2598
901.40302	2542.2876
901.45386	2483.1543
901.5047	2501.8586
901.55548	2702.6296
901.60632	2773.7969
901.65717	2772.4314
901.70801	2728.7109
901.75885	2702.666
901.80969	2793.2422
901.86053	2761.8027
901.91132	2664.7876
901.96216	2619.7114
902.013	2559.5378
902.06384	2590.9292
902.11469	2494.2986
902.16553	2211.1223
902.21637	2028.483
902.26721	1955.6547
902.31799	2154.7312
902.36884	2360.0444
902.41968	2588.3389
902.47052	2816.7927
902.52136	2680.8735
902.5722	2671.7122
902.62305	2531.7322
902.67383	2158.3257
902.72467	1924.3617
902.77551	1771.6738
902.82635	1849.6549
902.8772	2094.8286
902.92804	2329.7681
902.97888	2355.4897
903.02966	2348.5039
903.08051	2268.4534
903.13135	2323.5613
903.18219	2198.1055
903.23303	2094.113
903.28387	1954.5598
903.33472	1931.5785
903.3855	2012.3314
903.43634	2056.7627
903.48718	2019.2333
903.53802	1877.3335
903.58887	1804.9148
903.63971	1923.9073
903.69055	1911.7642
903.74133	1955.4554
903.79218	1905.0947
903.84302	1778.6416
903.89386	1816.5684
903.9447	1824.3583
903.99554	1824.2814
904.04639	1763.6146
904.09717	1633.7413
904.14801	1670.2952
904.19885	1652.8517
904.24969	1581.4167
904.30054	1524.0675
904.35138	1347.3143
904.40222	1328.2823
904.453	1349.4889
904.50385	1452.2914
904.55469	1583.3702
904.60553	1571.7012
904.65637	1571.5947
904.70721	1539.5175
904.75806	1415.4176
904.80884	1250.5673
904.85968	1054.7805
904.91052	981.67975
904.96136	1024.1957
905.01221	1051.2
905.06305	1159.9911
905.11389	1176.2227
905.16467	1168.3167
905.21552	1190.8225
905.26636	1136.2573
905.3172	1150.7281
905.36804	1087.1307
905.41888	992.74518
905.46973	978.065
905.52051	977.70337
905.57135	998.39716
905.62219	968.80237
905.67303	880.15491
905.72388	847.52069
905.77472	848.69244
905.82556	931.05408
905.87634	1041.8191
905.92719	1036.1768
905.97803	1063.1814
906.02887	1052.8677
906.07971	1002.8646
906.13055	939.22504
906.1814	806.5929
906.23218	743.92133
906.28302	756.25604
906.33386	830.74432
906.3847	949.78082
906.43555	977.07928
906.48639	974.1969
906.53723	941.18921
906.58807	902.81921
906.63885	902.10443
906.6897	871.99768
906.74054	826.18713
906.79138	795.52594
906.84222	807.75598
906.89307	889.65082
906.94391	886.97607
906.99469	808.71167
907.04553	756.06763
907.09637	755.68073
907.14722	793.20209
907.19806	811.86469
907.2489	805.27228
907.29974	768.58881
907.35052	752.1557
907.40137	778.95496
907.45221	772.98907
907.50305	748.44678
907.55389	728.92462
907.60474	673.44958
907.65558	692.26019
907.70636	693.06006
907.7572	661.10803
907.80804	616.75256
907.85889	551.64392
907.90973	572.24249
907.96057	635.1214
908.01141	660.58405
908.06219	697.68524
908.11304	696.5072
908.16388	690.08795
908.21472	690.70978
908.26556	603.0802
908.31641	519.80817
908.36725	465.90479
908.41803	438.57092
908.46887	480.83545
908.51971	541.37592
908.57056	623.37891
908.6214	628.57117
908.67224	609.63953
908.72308	632.09015
908.77386	598.88861
908.82471	527.78815
908.87555	489.57333
908.92639	459.9382
908.97723	474.0571
909.02808	508.05685
909.07892	498.84769
909.1297	507.26135
909.18054	505.8613
909.23138	473.76102
909.28223	547.45856
909.33307	564.77509
909.38391	598.77179
909.43475	572.86896
909.48553	562.42523
909.53638	554.5788
909.58722	565.79785
909.63806	533.82996
909.6889	467.46533
909.73975	466.32849
909.79059	499.30637
909.84137	494.73166
909.89221	588.35175
909.94305	556.71393
909.9939	525.09271
910.04474	541.21796
910.09558	569.05481
910.14642	569.16876
910.1972	554.18921
910.24805	541.28613
910.29889	524.68579
910.34973	563.84698
910.40057	544.09216
910.45142	549.42169
910.50226	485.8432
910.5531	471.68604
910.60388	478.81912
910.65472	469.1929
910.70557	559.03217
910.75641	506.31384
910.80725	493.14075
910.85809	518.09607
910.90894	492.6492
910.95972	524.84052
911.01056	492.06305
911.0614	436.81119
911.11224	461.0881
911.16309	455.05103
911.21393	467.1651
911.26477	450.55563
911.31555	417.32571
911.36639	387.12506
911.41724	392.59503
911.46808	433.43329
911.51892	474.13907
911.56976	477.56842
911.62061	500.32159
911.67139	508.28458
911.72223	503.59769
911.77307	441.51035
911.82391	390.73123
911.87476	331.39862
911.9256	328.80759
911.97644	369.20044
912.02722	405.57813
912.07806	457.52298
912.12891	493.57156
912.17975	490.01691
912.23059	506.70792
912.28143	489.96817
912.33228	462.76968
912.38306	388.60651
912.4339	369.23871
912.48474	376.08502
912.53558	402.28967
912.58643	443.2168
912.63727	441.05255
912.68811	448.92868
912.73889	446.35962
912.78973	422.98959
912.84058	459.37122
912.89142	495.79053
912.94226	474.77243
912.9931	458.76105
913.04395	437.63559
913.09473	466.42484
913.14557	478.81476
913.19641	449.58069
913.24725	425.62198
913.2981	408.47263
913.34894	442.47662
913.39978	470.7265
913.45056	485.44754
913.5014	477.05057
913.55225	436.2388
913.60309	444.81235
913.65393	460.12534
913.70477	468.68924
913.75562	461.26416
913.8064	432.50708
913.85724	437.25906
913.90808	452.00024
913.95892	430.83429
914.00977	406.96506
914.06061	352.55173
914.11145	344.70914
914.16223	384.82611
914.21307	406.89282
914.26392	443.69519
914.31476	469.75739
914.3656	446.93216
914.41644	465.33832
914.46729	432.42712
914.51807	397.34583
914.56891	349.11606
914.61975	329.76547
914.67059	322.68185
914.72144	343.91272
914.77228	367.51688
914.82312	368.75934
914.87396	349.67569
914.92474	341.42438
914.97559	357.30411
915.02643	365.19049
915.07727	378.16605
915.12811	397.72241
915.17896	382.26205
915.2298	399.0433
915.28058	360.50562
915.33142	348.05643
915.38226	315.54425
915.43311	285.23792
915.48395	280.92197
915.53479	306.89505
915.58563	323.23505
915.63641	386.88382
915.68726	389.98007
915.7381	400.21515
915.78894	374.23099
915.83978	353.01352
915.89063	355.43744
915.94147	289.03714
915.99225	262.95621
916.04309	281.29419
916.09393	295.61798
916.14478	350.14328
916.19562	344.15674
916.24646	339.70248
916.2973	335.01035
916.34808	322.59311
916.39893	349.25406
916.44977	342.40442
916.50061	304.37555
916.55145	306.43109
916.60229	306.56488
916.65314	322.21475
916.70392	331.88757
916.75476	304.89612
916.8056	289.78244
916.85645	273.12656
916.90729	275.90063
916.95813	300.98663
917.00897	294.52344
917.05975	274.34113
917.1106	260.64877
917.16144	259.5433
917.21228	287.00339
917.26312	290.00931
917.31396	282.6926
917.36481	287.00427
917.41559	273.77463
917.46643	281.19199
917.51727	253.85179
917.56812	229.11514
917.61896	212.59836
917.6698	196.32088
917.72064	194.20706
917.77142	219.83502
917.82227	240.15027
917.87311	252.71918
917.92395	255.79576
917.97479	260.96106
918.02563	251.68758
918.07648	229.55348
918.12726	206.61961
918.1781	186.23563
918.22894	180.85262
918.27979	192.6506
918.33063	202.62785
918.38147	211.17914
918.43231	212.43584
918.48309	208.66931
918.53394	211.48651
918.58478	213.87578
918.63562	211.80363
918.68646	201.42744
918.7373	184.23921
918.78815	178.37518
918.83899	196.42075
918.88977	196.19978
918.94061	180.70125
918.99146	169.32895
919.0423	164.37968
919.09314	171.86694
919.14398	184.28397
919.19482	203.34119
919.24561	213.13548
919.29645	206.74568
919.34729	204.01424
919.39813	204.83791
919.44897	196.00244
919.49982	186.9677
919.55066	174.67609
919.60144	168.44859
919.65228	179.1055
919.70313	176.15192
919.75397	178.37997
919.80481	182.13884
919.85565	178.98869
919.90649	184.51755
919.95728	180.58302
920.00812	180.61484
920.05896	186.50122
920.1098	176.01006
920.16064	170.98264
920.21149	178.37547
920.26233	166.68291
920.31311	175.39093
920.36395	171.49039
920.41479	162.00375
920.46564	171.41216
920.51648	164.58437
920.56732	162.79744
920.61816	170.38548
920.66895	147.00784
920.71979	168.67491
920.77063	160.72095
920.82147	166.12376
920.87231	169.31941
920.92316	167.28773
920.974	154.38573
921.02478	166.27072
921.07562	158.5739
921.12646	162.65216
921.17731	134.83195
921.22815	122.9251
921.27899	124.941
921.32983	132.55446
921.38062	142.87996
921.43146	151.18036
921.4823	164.54836
921.53314	171.9536
921.58398	165.91252
921.63483	156.32896
921.68567	134.58655
921.73645	124.42628
921.78729	118.79975
921.83813	111.54792
921.88898	127.85778
921.93982	138.70349
921.99066	147.59209
922.0415	144.05922
922.09229	138.68073
922.14313	148.31192
922.19397	149.72641
922.24481	140.14638
922.29565	129.62622
922.3465	127.23219
922.39734	127.69387
922.44812	126.32951
922.49896	140.80496
922.5498	131.42578
922.60065	129.39615
922.65149	128.90334
922.70233	127.08656
922.75317	146.93855
922.80396	153.80968
922.8548	141.62822
922.90564	141.425
922.95648	141.14578
923.00732	145.3799
923.05817	147.63637
923.10901	138.07428
923.15985	132.03287
923.21063	134.45319
923.26147	135.67116
923.31232	137.53842
923.36316	138.91986
923.414	133.30095
923.46484	129.43036
923.51569	124.62685
923.56647	135.16064
923.61731	143.66446
923.66815	140.28758
923.71899	140.41702
923.76984	136.45691
923.82068	140.07793
923.87152	143.41586
923.9223	134.94336
923.97314	125.1198
924.02399	116.5585
924.07483	110.11879
924.12567	119.63557
924.17651	120.50958
924.22736	131.53792
924.27814	137.73326
924.32898	130.55354
924.37982	126.42527
924.43066	127.86069
924.48151	132.69777
924.53235	129.6474
924.58319	129.55031
924.63397	123.50777
924.68481	122.53831
924.73566	119.93684
924.7865	113.33152
924.83734	108.00815
924.88818	108.43305
924.93903	110.59435
924.98981	115.16721
925.04065	125.58056
925.09149	133.00642
925.14233	131.33226
925.19318	137.63187
925.24402	130.89464
925.29486	118.9426
925.34564	112.50515
925.39648	110.12135
925.44733	101.50974
925.49817	109.65609
925.54901	115.52711
925.59985	123.42829
925.6507	133.60374
925.70148	128.70221
925.75232	129.20184
925.80316	135.63626
925.854	128.99963
925.90485	115.19839
925.95569	108.97126
926.00653	112.14915
926.05731	123.21456
926.10815	114.54841
926.159	121.50094
926.20984	119.37588
926.26068	126.93981
926.31152	130.29543
926.36237	121.60676
926.41315	127.70166
926.46399	133.2052
926.51483	123.47025
926.56567	124.60625
926.61652	129.33661
926.66736	125.34237
926.7182	127.85281
926.76898	120.25906
926.81982	122.31197
926.87067	128.60143
926.92151	129.16624
926.97235	120.4145
927.02319	126.65117
927.07404	114.06342
927.12488	115.41031
927.17566	115.21853
927.2265	119.34143
927.27734	119.44001
927.32819	126.33475
927.37903	137.33676
927.42987	131.68295
927.48071	122.40372
927.53149	121.48071
927.58234	111.45001
927.63318	102.08022
927.68402	110.08667
927.73486	100.18826
927.78571	101.75484
927.83655	120.0102
927.88733	118.67178
927.93817	120.22552
927.98901	119.32024
928.03986	118.73292
928.0907	118.38936
928.14154	109.56046
928.19238	104.16531
928.24316	106.29387
928.29401	100.41193
928.34485	101.96286
928.39569	105.03402
928.44653	105.773
928.49738	99.573074
928.54822	96.177414
928.599	100.3855
928.64984	112.75357
928.70068	114.72464
928.75153	120.06674
928.80237	115.8687
928.85321	109.69487
928.90405	112.17638
928.95483	106.59541
929.00568	99.228714
929.05652	95.365753
929.10736	89.640823
929.1582	93.692825
929.20905	107.15436
929.25989	113.23036
929.31067	118.89676
929.36151	114.27242
929.41235	110.55371
929.4632	116.05062
929.51404	112.52548
929.56488	108.57766
929.61572	96.010719
929.6665	100.18863
929.71735	104.44724
929.76819	108.65494
929.81903	103.32842
929.86987	105.39027
929.92072	99.060875
929.97156	96.748726
930.02234	104.88898
930.07318	102.82857
930.12402	110.69695
930.17487	115.49886
930.22571	104.55273
930.27655	96.696075
930.32739	103.89621
930.37817	103.46834
930.42902	98.740112
930.47986	92.53791
930.5307	88.116669
930.58154	96.191353
930.63239	98.990974
930.68323	89.846245
930.73401	86.476059
930.78485	87.234428
930.83569	82.462677
930.88654	90.725517
930.93738	91.171791
930.98822	96.78289
931.03906	94.310188
931.08984	98.297943
931.14069	96.381889
931.19153	91.196724
931.24237	75.690521
931.29321	71.555862
931.34406	70.96888
931.3949	70.556808
931.44574	78.695244
931.49652	88.075859
931.54736	89.082443
931.59821	90.890152
931.64905	89.77607
931.69989	91.684196
931.75073	88.201088
931.80157	82.760201
931.85236	67.937904
931.9032	69.487274
931.95404	73.948883
932.00488	75.440254
932.05573	84.514977
932.10657	85.379601
932.15741	79.183342
932.20819	77.165428
932.25903	80.771095
932.30988	80.709663
932.36072	77.396614
932.41156	77.051712
932.4624	79.482567
932.51324	83.37162
932.56403	75.164314
932.61487	83.958145
932.66571	79.25663
932.71655	75.714203
932.7674	72.72744
932.81824	75.817184
932.86908	79.275475
932.91986	83.835899
932.9707	81.635002
933.02155	80.624725
933.07239	82.389267
933.12323	74.558968
933.17407	78.764397
933.22491	77.944756
933.2757	79.196053
933.32654	76.251823
933.37738	71.315216
933.42822	74.194832
933.47906	75.760391
933.52991	72.845032
933.58075	74.642151
933.63153	75.432861
933.68237	75.545479
933.73322	70.31414
933.78406	75.000679
933.8349	77.197601
933.88574	74.814674
933.93658	73.480621
933.98737	71.422501
934.03821	73.932022
934.08905	78.091888
934.13989	69.269043
934.19073	68.260941
934.24158	69.73465
934.29242	71.340652
934.3432	66.107788
934.39404	70.149445
934.44489	73.624863
934.49573	67.716141
934.54657	63.934994
934.59741	68.614403
934.64825	72.485062
934.69904	72.285576
934.74988	75.150398
934.80072	75.808372
934.85156	75.165565
934.9024	70.922737
934.95325	62.824905
935.00409	53.065041
935.05487	57.591721
935.10571	61.802814
935.15656	64.89006
935.2074	64.078796
935.25824	71.885292
935.30908	74.86335
935.35992	73.591171
935.41071	73.02417
935.46155	66.095253
935.51239	59.57156
935.56323	62.543568
935.61407	63.963547
935.66492	62.099419
935.71576	70.482796
935.7666	67.244812
935.81738	66.247932
935.86823	72.073517
935.91907	69.141701
935.96991	64.722198
936.02075	70.554695
936.07159	64.825294
936.12244	71.472458
936.17322	59.40863
936.22406	62.780243
936.2749	70.522125
936.32574	69.704178
936.37659	64.1791
936.42743	60.548248
936.47827	64.839088
936.52905	65.808777
936.5799	65.041237
936.63074	66.988297
936.68158	68.255882
936.73242	65.798233
936.78326	66.84417
936.83411	65.744995
936.88489	66.905533
936.93573	69.427292
936.98657	70.740334
937.03741	58.485985
937.08826	65.682632
937.1391	66.678024
937.18994	69.246086
937.24072	72.019211
937.29156	64.195442
937.34241	59.241817
937.39325	54.676544
937.44409	59.869991
937.49493	68.056877
937.54578	75.203987
937.59656	66.714798
937.6474	69.282837
937.69824	65.696365
937.74908	67.9496
937.79993	67.365181
937.85077	60.435879
937.90161	57.688465
937.95239	60.993572
938.00323	61.372829
938.05408	66.773239
938.10492	65.84095
938.15576	64.519943
938.2066	64.962761
938.25745	64.611603
938.30823	64.610901
938.35907	66.842262
938.40991	64.670097
938.46075	61.01067
938.5116	61.500904
938.56244	64.001846
938.61328	67.276588
938.66406	62.426006
938.7149	61.612091
938.76575	61.709805
938.81659	56.996929
938.86743	57.712154
938.91827	61.833263
938.96912	64.519096
939.0199	69.076447
939.07074	67.112999
939.12158	64.082527
939.17242	60.320972
939.22327	64.578529
939.27411	64.567673
939.32495	65.934822
939.37573	57.170193
939.42657	60.325298
939.47742	64.591988
939.52826	53.65675
939.5791	58.828915
939.62994	68.372581
939.68079	71.387695
939.73163	63.520458
939.78241	66.326416
939.83325	67.138229
939.88409	68.92717
939.93494	68.677742
939.98578	63.783573
940.03662	66.410164
940.08746	62.882023
940.13824	63.044594
940.18909	68.594116
940.23993	57.116665
940.29077	59.370419
940.34161	62.829178
940.39246	72.359833
940.4433	68.241814
940.49408	55.63546
940.54492	66.955498
940.59576	62.668648
940.64661	64.89904
940.69745	62.104301
940.74829	58.305157
940.79913	67.39547
940.84991	59.234352
940.90076	58.951378
940.9516	64.40126
941.00244	58.704025
941.05328	60.002155
941.10413	51.333843
941.15497	60.444363
941.20575	57.158005
941.25659	59.795292
941.30743	62.790104
941.35828	72.591438
941.40912	65.307045
941.45996	60.217793
941.5108	60.192879
941.56158	56.845474
941.61243	57.784332
941.66327	59.861992
941.71411	54.468544
941.76495	54.116589
941.8158	53.441448
941.86664	55.495365
941.91742	64.009125
941.96826	62.322071
942.0191	58.077763
942.06995	59.041023
942.12079	59.825134
942.17163	52.961308
942.22247	52.93734
942.27325	60.11623
942.3241	62.337486
942.37494	58.768242
942.42578	59.498699
942.47662	55.910557
942.52747	55.430634
942.57831	58.682899
942.62909	60.710258
942.67993	59.549725
942.73077	58.349045
942.78162	60.032997
942.83246	64.054024
942.8833	66
942.93414	74.943291
942.98492	65.650497
943.03577	57.333935
943.08661	57
943.13745	56.027878
943.18829	55.598633
943.23914	59.929432
943.28998	62.630096
943.34076	63
943.3916	58.113861
943.44244	63.596443
943.49329	62.431541
943.54413	67.556961
943.59497	68.671265
943.64581	61.099209
943.69659	58.243778
943.74744	62.824596
943.79828	63.598633
943.84912	56.486595
943.89996	58.670895
943.95081	56.247555
944.00165	54.694321
944.05249	58.382462
944.10327	59.558826
944.15411	54.726467
944.20496	56.575974
944.2558	54.598633
944.30664	54.57122
944.35748	53.269875
944.40833	61.480076
944.45911	58.377346
944.50995	49.487843
944.56079	59.980259
944.61163	54.316677
944.66248	59.944626
944.71332	55.995827
944.76416	62.308052
944.81494	60.279572
944.86578	58.49461
944.91663	56.42049
944.96747	50.609859
945.01831	54.598633
945.06915	52.614746
945.12	48.354141
945.17078	57.526066
945.22162	60.417873
945.27246	54.870148
945.3233	54.240772
945.37415	46.997192
945.42499	50.998474
945.47583	54.388256
945.52661	54.325882
945.57745	52.982609
945.6283	57.191582
945.67914	55.242584
945.72998	55.347527
945.78082	57.865383
945.83167	59.083916
945.88245	51.829357
945.93329	48.720959
945.98413	55.529625
946.03497	53.192207
946.08582	49.445881
946.13666	54.209728
946.1875	57.803711
946.23828	56.428699
946.28912	56.323856
946.33997	56.568958
946.39081	52.790436
946.44165	55.128494
946.49249	58.238987
946.54333	49.697083
946.59412	51.696453
946.64496	57.737144
946.6958	55.921791
946.74664	57.454556
946.79749	55.245739
946.84833	54
946.89917	55.213577
946.94995	55.598633
947.00079	57.492893
947.05164	53.979786
947.10248	55.455559
947.15332	59.000446
947.20416	53.145504
947.255	52.517021
947.30579	52.598633
947.35663	54.746548
947.40747	50.999943
947.45831	51.893757
947.50916	51.060341
947.56	58.248882
947.61084	51.812897
947.66162	51.598633
947.71246	44.006668
947.76331	55.956211
947.81415	52.939857
947.86499	51.209454
947.91583	55.318356
947.96667	51.421452
948.01752	56.090542
948.0683	50.213768
948.11914	44.86451
948.16998	53.588966
948.22083	50.93922
948.27167	50.999443
948.32251	52.635231
948.37335	52.978588
948.42413	58.567703
948.47498	48.317616
948.52582	44.977135
948.57666	47.740242
948.6275	47.990467
948.67834	50.017216
948.72919	46.272049
948.77997	44.08749
948.83081	49.722546
948.88165	48.352608
948.9325	48.631916
948.98334	49.534241
949.03418	51.600964
949.08502	49.75647
949.1358	47.14003
949.18665	47.157589
949.23749	46.75489
949.28833	45.551453
949.33917	46.598633
949.39001	49.135437
949.44086	51.285645
949.49164	51.322643
949.54248	53.263649
949.59332	50.60527
949.64417	48.184589
949.69501	51.847179
949.74585	50.298565
949.79669	45.213261
949.84747	48.142159
949.89832	52.592285
949.94916	53.598633
950	51.092728
