700	56.030037
700.05084	51.485294
700.10168	54.776669
700.15253	42.840031
700.20331	61.040359
700.25415	50.401867
700.30499	47.070843
700.35583	54.705704
700.40668	55.60902
700.45752	51.676357
700.50836	54.619354
700.55914	50.811768
700.60999	51.621223
700.66083	56.324764
700.71167	60.326473
700.76251	56.190304
700.81335	59.479073
700.8642	56.549126
700.91498	52.339996
700.96582	55.259747
701.01666	50.050117
701.0675	54.238815
701.11835	58.785816
701.16919	50.536697
701.22003	55.117359
701.27081	55.728203
701.32166	59.263958
701.3725	51.754101
701.42334	50.380329
701.47418	55.632694
701.52502	55.743618
701.57587	52.168121
701.62665	53.719288
701.67749	50.933716
701.72833	55.154305
701.77917	58.438446
701.83002	57.214558
701.88086	58.722469
701.9317	59.672852
701.98248	54.923294
702.03333	55.215366
702.08417	59.021503
702.13501	55.791145
702.18585	54.248234
702.23669	53.265129
702.28754	53.063679
702.33838	54.169113
702.38916	56.428146
702.44	56.847881
702.49084	54.938248
702.54169	58.543331
702.59253	55.904919
702.64337	55.488667
702.69421	55.686508
702.745	57.192387
702.79584	55.000149
702.84668	53.294868
702.89752	56.815514
702.94836	61.325344
702.99921	58.252354
703.05005	51.141773
703.10083	54.207504
703.15167	55.600674
703.20251	55.640026
703.25336	61.528397
703.3042	55.672852
703.35504	55.441433
703.40588	50.350433
703.45667	63.907852
703.50751	52.773884
703.55835	51.697353
703.60919	54.54874
703.66003	50.905914
703.71088	51.901703
703.76172	52.611706
703.8125	61.887035
703.86334	53.949615
703.91418	51.813232
703.96503	50.829132
704.01587	46.537811
704.06671	55.394207
704.11755	56.878696
704.16833	52.785339
704.21918	50.149837
704.27002	54.142212
704.32086	56.401711
704.3717	59.042721
704.42255	62.086159
704.47339	56.664131
704.52417	53.889675
704.57501	57.879868
704.62585	54.122349
704.6767	51.28685
704.72754	52.270405
704.77838	56.742283
704.82922	55.153286
704.88	47.831966
704.93085	50.002506
704.98169	55.358486
705.03253	56.336639
705.08337	55.70483
705.13422	55.608181
705.18506	53.964443
705.23584	51.977909
705.28668	52.414997
705.33752	49.463627
705.38837	51.15258
705.43921	56.794048
705.49005	56.884193
705.54089	56.334599
705.59167	52.878975
705.64252	50.261684
705.69336	56.513363
705.7442	55.589558
705.79504	59.129509
705.84589	54.914341
705.89673	56.123833
705.94751	56.628643
705.99835	54.410824
706.04919	60.136322
706.10004	52.14521
706.15088	48.154377
706.20172	51.386978
706.25256	54.22625
706.30341	56.192688
706.35419	57.893017
706.40503	56.888706
706.45587	59.689426
706.50671	53.833992
706.55756	58.672852
706.6084	58.671329
706.65924	56.702824
706.71002	56.672852
706.76086	56.031246
706.81171	56
706.86255	58.461464
706.91339	58.672852
706.96423	53.627155
707.01508	63.484547
707.06586	58.713459
707.1167	55.990349
707.16754	59.244179
707.21838	54.87756
707.26923	61.871204
707.32007	59.076649
707.37091	59.197651
707.42169	58.926193
707.47253	49.901688
707.52338	48.818443
707.57422	57.595783
707.62506	61
707.6759	56.99202
707.72675	62.613777
707.77753	61.152321
707.82837	56.758408
707.87921	57.617245
707.93005	55.726204
707.9809	55.393646
708.03174	57.788578
708.08258	56.504333
708.13336	53.620056
708.1842	55.903896
708.23505	59.333015
708.28589	59.82962
708.33673	59.384914
708.38757	58.371597
708.43842	60.450649
708.4892	63.672852
708.54004	60.068085
708.59088	54.672852
708.64172	55.413338
708.69257	56.672852
708.74341	55.9953
708.79425	56.288074
708.84503	59.058228
708.89587	56.601933
708.94672	56.485538
708.99756	62.391933
709.0484	59.690613
709.09924	58.281635
709.15009	63.314701
709.20087	60.544868
709.25171	54.856663
709.30255	56.009003
709.35339	58.17971
709.40424	59.999046
709.45508	54.317532
709.50592	58.752567
709.5567	56.702488
709.60754	57.074944
709.65839	58.180916
709.70923	60.896275
709.76007	58.624607
709.81091	57.126919
709.86176	66.656181
709.91254	52.913361
709.96338	62.660103
710.01422	64.904961
710.06506	59.379185
710.11591	61.46188
710.16675	53.515182
710.21759	55.345207
710.26837	61.805458
710.31921	60.372868
710.37006	62.534294
710.4209	60.238419
710.47174	53.156998
710.52258	54.871628
710.57343	55.672848
710.62427	60.283634
710.67505	55.643883
710.72589	54.652523
710.77673	61.509705
710.82758	56.689468
710.87842	55.285519
710.92926	53.289562
710.9801	57.084488
711.03088	57.083553
711.08173	54.408173
711.13257	59.843258
711.18341	57.050644
711.23425	59.713917
711.2851	58.384174
711.33594	55.898735
711.38672	57.672852
711.43756	56.092426
711.4884	53.305328
711.53925	55.312992
711.59009	59.635551
711.64093	60.359188
711.69177	62.255325
711.74255	63.985718
711.7934	58.460068
711.84424	56.868042
711.89508	64.172874
711.94592	64.494438
711.99677	57.906441
712.04761	53.441402
712.09839	58.00985
712.14923	58.3592
712.20007	59.492031
712.25092	53.672852
712.30176	55.392071
712.3526	60.172447
712.40344	60.510208
712.45422	59.244225
712.50507	56.105316
712.55591	55.377831
712.60675	61.304901
712.65759	63.398499
712.70844	65.573448
712.75928	59.366299
712.81006	67.749298
712.8609	52.538757
712.91174	59.204502
712.96259	55.304913
713.01343	62.756927
713.06427	63.496235
713.11511	53.77549
713.16589	56.731781
713.21674	59.637325
713.26758	52.73793
713.31842	57.871819
713.36926	63.447258
713.4201	59.25412
713.47095	58.068951
713.52173	58.616653
713.57257	63.182407
713.62341	60.413773
713.67426	53.605049
713.7251	65.545944
713.77594	60.080112
713.82678	61.989128
713.87756	58.600349
713.92841	60.072647
713.97925	60.929787
714.03009	59.977039
714.08093	56.647945
714.13177	60.864452
714.18262	59.037407
714.2334	61.468555
714.28424	54.624577
714.33508	54.193348
714.38593	50.541134
714.43677	59.122189
714.48761	62.232021
714.53845	66.298836
714.58929	61.125282
714.64008	53.483932
714.69092	58.786636
714.74176	65.37336
714.7926	61.330856
714.84344	60.053894
714.89429	61.624229
714.94513	59.653358
714.99591	59.663208
715.04675	62.59528
715.0976	63.427197
715.14844	63.660152
715.19928	60.853916
715.25012	58.623051
715.30096	61.82148
715.35175	61.039131
715.40259	61.630768
715.45343	57.891998
715.50427	57.421886
715.55511	55.371159
715.60596	61.101151
715.6568	61.382965
715.70758	59.903568
715.75842	59.953049
715.80927	61.204739
715.86011	60.150414
715.91095	55.524956
715.96179	65.192055
716.01263	65.052628
716.06342	57.477703
716.11426	55.40876
716.1651	50.17149
716.21594	52.825481
716.26678	55.100334
716.31763	64.083893
716.36847	64.452637
716.41925	62.704144
716.47009	62.507069
716.52094	57.113068
716.57178	58.407448
716.62262	53.88398
716.67346	59.11726
716.7243	63.637817
716.77509	60.681957
716.82593	64.929497
716.87677	60.154217
716.92761	57.132843
716.97845	60.764809
717.0293	49.577236
717.08014	63.283199
717.13092	58.382084
717.18176	62.983807
717.2326	60.185814
717.28345	59.953331
717.33429	67.317909
717.38513	57.332748
717.43597	62.342068
717.48676	58.127773
717.5376	59.293976
717.58844	56.132599
717.63928	55.759815
717.69012	56.000004
717.74097	63.321419
717.79181	60.736
717.84259	63.128357
717.89343	64.774124
717.94427	60.610638
717.99512	54.695751
718.04596	54.619995
718.0968	62.029335
718.14764	58.418045
718.19843	58.861294
718.24927	66.159828
718.30011	65.90934
718.35095	61.97403
718.40179	61.778599
718.45264	61.230927
718.50348	59.828106
718.55426	60.351673
718.6051	61
718.65594	61.969368
718.70679	61.117104
718.75763	61.134079
718.80847	61.013084
718.85931	59.103168
718.91016	60.447903
718.96094	60.878574
719.01178	60.080402
719.06262	58.503025
719.11346	60.259251
719.16431	58.089821
719.21515	62.334507
719.26599	62.254574
719.31677	61.900517
719.36761	63.888329
719.41846	62.840343
719.4693	65.266716
719.52014	63.21357
719.57098	55.641247
719.62183	58.578892
719.67261	63.590832
719.72345	68.940811
719.77429	61.939125
719.82513	61.900749
719.87598	63.106525
719.92682	62.850746
719.97766	57.825455
720.02844	56.909081
720.07928	59.301151
720.13013	64.033646
720.18097	58.165829
720.23181	63.591816
720.28265	58.098473
720.3335	65.912132
720.38428	63.706688
720.43512	64.983948
720.48596	63.674259
720.5368	68.921646
720.58765	60.252979
720.63849	58.72794
720.68933	64.343391
720.74011	61.877785
720.79095	57.081413
720.8418	63.303089
720.89264	67.274292
720.94348	67.672852
720.99432	63.626778
721.04517	61.016182
721.09595	68.224449
721.14679	67.195854
721.19763	64.236061
721.24847	66.872093
721.29932	63.21032
721.35016	58.654049
721.401	56.153164
721.45178	62.398819
721.50262	64.672852
721.55347	60.347885
721.60431	65.039688
721.65515	68.367699
721.70599	60.032387
721.75684	58.673634
721.80762	61.750736
721.85846	63.525368
721.9093	64.629387
721.96014	66.231979
722.01099	65.596024
722.06183	64.672852
722.11267	58.326172
722.16345	57.24287
722.21429	62.576393
722.26514	65.926231
722.31598	65.948524
722.36682	63.80772
722.41766	64.834373
722.46851	64.893898
722.51929	59.984608
722.57013	59.615761
722.62097	64.015953
722.67181	65.815102
722.72266	67.128166
722.7735	67.988373
722.82434	62.90564
722.87512	59.482956
722.92596	62.14576
722.97681	59.357872
723.02765	60.922752
723.07849	63.005074
723.12933	63.033627
723.18018	63.512314
723.23102	64.241058
723.2818	58.247437
723.33264	65.522484
723.38348	70.438698
723.43433	69.99929
723.48517	62.133945
723.53601	63.020641
723.58685	62.584259
723.63763	70
723.68848	69.941269
723.73932	68.168983
723.79016	61.596119
723.841	66.389557
723.89185	65.189903
723.94269	67.782799
723.99347	61.207539
724.04431	62.878658
724.09515	62.375946
724.146	70.7603
724.19684	71.571228
724.24768	64
724.29852	63.990837
724.3493	63.662231
724.40015	62.982262
724.45099	58.050373
724.50183	57.999996
724.55267	50.924366
724.60352	56.393505
724.65436	67.954018
724.70514	55.987244
724.75598	62.324516
724.80682	58.187805
724.85767	68.366096
724.90851	65.56601
724.95935	53.463814
725.01019	66.177681
725.06097	57.174057
725.11182	64.674042
725.16266	63.406719
725.2135	65.085762
725.26434	62.504562
725.31519	64.012375
725.36603	61.090168
725.41681	57.490685
725.46765	61.367363
725.51849	62.270267
725.56934	66.305016
725.62018	65.884186
725.67102	61.534798
725.72186	64.084862
725.77264	61.769798
725.82349	61.641899
725.87433	65.89344
725.92517	68.304741
725.97601	64.335251
726.02686	63.495129
726.0777	65.462761
726.12848	63.477425
726.17932	64.713242
726.23016	69.234016
726.28101	65.53727
726.33185	62.963787
726.38269	67.458939
726.43353	68.467697
726.48431	67.833977
726.53516	68.672852
726.586	65.8284
726.63684	63.596542
726.68768	66.920921
726.73853	68.502403
726.78937	67.286865
726.84015	68.222435
726.89099	69.803757
726.94183	72.431114
726.99268	71.776993
727.04352	66.149147
727.09436	65.496994
727.1452	67
727.19604	67
727.24683	65.306892
727.29767	63.917927
727.34851	68.117477
727.39935	65.154167
727.4502	64.890236
727.50104	67.930656
727.55188	62.905132
727.60266	64.50042
727.6535	62.084839
727.70435	66.578133
727.75519	65.133858
727.80603	66.109558
727.85687	67.065475
727.90771	61.36573
727.9585	57.107281
728.00934	69.973244
728.06018	65.714676
728.11102	66.66172
728.16187	71.288895
728.21271	68.43631
728.26355	72.618195
728.31433	71.416298
728.36517	63.846447
728.41602	67.038361
728.46686	74.1194
728.5177	58.762398
728.56854	62.653923
728.61938	61.00145
728.67017	69.569008
728.72101	63.817993
728.77185	69.461189
728.82269	66.174332
728.87354	61.926334
728.92438	76.558662
728.97522	63.899624
729.026	72.947266
729.07684	71.917343
729.12769	62.835274
729.17853	74.747833
729.22937	66.628883
729.28021	81.710075
729.33105	72.950012
729.38184	74.24749
729.43268	64.964828
729.48352	68.555031
729.53436	75.542145
729.58521	69.202484
729.63605	67.517044
729.68689	63.885979
729.73767	70.37104
729.78851	70.797783
729.83936	66.384926
729.8902	67.135872
729.94104	70.100204
729.99188	67.331436
730.04272	69.060837
730.09351	68.891289
730.14435	72.368744
730.19519	72.953575
730.24603	68.206924
730.29688	68.281288
730.34772	72.312691
730.39856	70.214493
730.44934	69.433136
730.50018	69.709785
730.55103	67.870705
730.60187	68.660767
730.65271	71.992638
730.70355	72.080322
730.75439	69.285034
730.80518	68.341927
730.85602	70.823936
730.90686	72.354935
730.9577	68.822861
731.00854	66.600731
731.05939	71.896965
731.11023	73.762672
731.16101	73.980537
731.21185	77.291893
731.2627	73.049004
731.31354	68.889679
731.36438	64.672852
731.41522	69.676941
731.46606	75.08461
731.51691	68.824303
731.56769	70.43824
731.61853	76.456215
731.66937	74.855827
731.72021	74.818039
731.77106	71.366524
731.8219	71.851913
731.87274	69.275963
731.92352	67.880753
731.97437	65.807724
732.02521	75.300468
732.07605	69.206795
732.12689	68.850548
732.17773	74.707596
732.22858	68.118805
732.27936	69.283669
732.3302	68.249329
732.38104	75.461739
732.43188	73.886932
732.48273	76.733421
732.53357	81.112633
732.58441	77.311089
732.63519	77.419678
732.68604	74.316711
732.73688	69.453102
732.78772	68.467667
732.83856	64.728798
732.8894	73.538368
732.94025	65.90007
732.99103	70.670113
733.04187	72.775696
733.09271	70.991829
733.14355	73.554413
733.1944	76.025803
733.24524	74.378914
733.29608	74.851883
733.34686	81.912704
733.39771	74.439087
733.44855	76.809494
733.49939	72.122849
733.55023	70.821335
733.60107	74.436157
733.65192	65.532433
733.7027	73.106972
733.75354	64.666313
733.80438	69.013519
733.85522	74.954826
733.90607	69.169327
733.95691	73.085167
734.00775	73.733994
734.05853	74.820717
734.10938	69.881622
734.16022	70.211685
734.21106	75.064293
734.2619	78.922379
734.31274	69.892387
734.36359	70.735565
734.41437	73.938042
734.46521	74.338959
734.51605	74.812996
734.56689	72.021736
734.61774	69.520401
734.66858	76.705811
734.71942	75.824516
734.7702	72.142136
734.82104	71.274864
734.87189	70.894608
734.92273	73.500732
734.97357	72.179939
735.02441	71.205513
735.07526	77.698578
735.12604	77.597397
735.17688	77.341568
735.22772	72.739471
735.27856	75.641342
735.32941	76.237633
735.38025	72.911972
735.43109	75.386269
735.48193	76.057838
735.53271	70.834953
735.58356	75.06295
735.6344	78.726486
735.68524	73.716469
735.73608	72.037514
735.78693	74.695557
735.83777	80.915291
735.88855	80.466934
735.93939	80.558929
735.99023	78.697075
736.04108	71.952156
736.09192	73.273689
736.14276	77.273209
736.1936	73.729187
736.24438	74.087624
736.29523	81.247253
736.34607	74.610954
736.39691	74.248077
736.44775	80.96402
736.4986	78.061241
736.54944	75.900711
736.60022	74.020523
736.65106	74.731689
736.7019	70.266312
736.75275	79.509491
736.80359	82.70813
736.85443	78.364037
736.90527	72.749969
736.95605	76.337471
737.0069	78.88163
737.05774	80.978203
737.10858	76.549179
737.15942	77.395172
737.21027	74.472969
737.26111	76.031013
737.31189	75.181755
737.36273	84.712143
737.41357	78.441399
737.46442	76.777069
737.51526	72.038345
737.5661	76.995987
737.61694	81.790741
737.66772	77.859871
737.71857	75.640335
737.76941	78.727791
737.82025	75.7313
737.87109	73.864998
737.92194	78.600662
737.97278	64.67012
738.02356	81.556839
738.0744	75.41655
738.12524	73.958115
738.17609	89.116432
738.22693	70.292969
738.27777	79.645905
738.32861	75.118362
738.37939	80.156319
738.43024	79.048393
738.48108	80.380386
738.53192	78.90509
738.58276	82.368362
738.63361	75.695427
738.68445	78.132774
738.73523	77.421822
738.78607	82.678299
738.83691	82.296837
738.88776	75.326309
738.9386	82.696228
738.98944	77.944504
739.04028	81.672501
739.09106	85.419296
739.14191	80.7258
739.19275	80.497482
739.24359	75.960899
739.29443	78.112411
739.34528	85.235382
739.39612	76.721741
739.4469	74.736099
739.49774	77.121811
739.54858	83.217781
739.59943	80.124847
739.65027	76.000946
739.70111	77.718689
739.75195	81.684746
739.8028	81.605522
739.85358	80.673546
739.90442	76.101234
739.95526	84.454407
740.0061	83.399925
740.05695	81.701317
740.10779	77.701736
740.15863	75.878403
740.20941	76.826149
740.26025	78.465187
740.3111	80.361336
740.36194	77.923714
740.41278	80.210304
740.46362	82.448082
740.51447	81.332413
740.56525	79.555687
740.61609	78.798294
740.66693	77.743843
740.71777	80.253342
740.76862	82.495995
740.81946	82.276672
740.8703	81.593361
740.92108	80.790741
740.97192	81.330177
741.02277	83.374603
741.07361	84.133057
741.12445	83.525345
741.17529	79.506721
741.22614	80.435959
741.27692	88.252403
741.32776	89.329765
741.3786	84.133171
741.42944	81.455101
741.48029	87.857315
741.53113	81.005539
741.58197	83.12114
741.63275	87.817612
741.68359	85.947105
741.73444	88.471832
741.78528	82.438904
741.83612	85.858826
741.88696	88.234207
741.93781	79.184143
741.98859	77.010674
742.03943	80.630394
742.09027	83.266472
742.14111	89.222214
742.19196	85.95359
742.2428	83.672745
742.29364	79.047287
742.34442	88.52916
742.39526	81.564041
742.44611	87.107925
742.49695	86.229599
742.54779	86.652298
742.59863	88.047005
742.64948	82.314453
742.70026	91.734627
742.7511	93.487427
742.80194	85.219704
742.85278	85.935585
742.90363	85.139168
742.95447	85.353378
743.00531	90.038261
743.05609	90.280945
743.10693	88.312469
743.15778	85.499542
743.20862	86.639091
743.25946	77.341454
743.3103	82.626991
743.36115	82.545479
743.41193	82.06572
743.46277	86.543228
743.51361	92.063194
743.56445	88.716652
743.6153	85.403122
743.66614	88.566376
743.71698	91.205666
743.76782	78.828941
743.8186	87.082306
743.86945	88.450493
743.92029	87.618935
743.97113	86.130615
744.02197	78.221733
744.07281	87.376564
744.12366	86.209686
744.17444	87.57074
744.22528	85.238174
744.27612	83.307884
744.32697	90.5774
744.37781	89.465591
744.42865	91.668152
744.47949	92.979797
744.53027	89.104851
744.58112	92.39106
744.63196	87.907982
744.6828	94.251617
744.73364	88.704498
744.78448	92.535683
744.83533	97.416046
744.88611	90.459755
744.93695	95.144913
744.98779	94.744736
745.03864	88.81337
745.08948	89.537567
745.14032	89.985741
745.19116	91.389824
745.24194	89.266533
745.29279	90.016312
745.34363	85.843887
745.39447	94.878304
745.44531	91.28727
745.49615	92.215668
745.547	87.153244
745.59778	90.135353
745.64862	91.639275
745.69946	90.005142
745.75031	84.718071
745.80115	88.481346
745.85199	86.218864
745.90283	99.103539
745.95361	90.824753
746.00446	83.147919
746.0553	94.113968
746.10614	89.213776
746.15698	94.366135
746.20782	95.758507
746.25867	88.645607
746.30945	92.337379
746.36029	93.639435
746.41113	95.716988
746.46198	99.105507
746.51282	96.490883
746.56366	94.51712
746.6145	98.165985
746.66528	98.958565
746.71613	93.489975
746.76697	92.397934
746.81781	100.80987
746.86865	99.340286
746.91949	95.558037
746.97034	97.083443
747.02112	93.434357
747.07196	88.966988
747.1228	92.580414
747.17365	95.463898
747.22449	96.344093
747.27533	101.34939
747.32617	103.25378
747.37695	100.31692
747.4278	96.625359
747.47864	96.082207
747.52948	99.42392
747.58032	101.92192
747.63116	102.13438
747.68201	101.10742
747.73279	93.737999
747.78363	92.93103
747.83447	95.672852
747.88531	95.707626
747.93616	93.682236
747.987	95.046623
748.03784	99.445267
748.08868	98.077293
748.13947	102.47325
748.19031	104.76152
748.24115	92.115417
748.29199	89.97982
748.34283	94.076775
748.39368	98.178795
748.44452	99.982887
748.4953	98.217361
748.54614	92.855049
748.59698	97.237411
748.64783	95.095238
748.69867	95.840012
748.74951	106.27099
748.80035	106.88261
748.85114	103.27127
748.90198	105.18047
748.95282	103.22742
749.00366	104.18092
749.0545	101.22151
749.10535	97.67981
749.15619	99.790703
749.20697	101.91313
749.25781	94.969933
749.30865	97.77317
749.3595	98.274261
749.41034	101.89462
749.46118	107.32368
749.51202	105.67677
749.56281	109.92702
749.61365	111.87979
749.66449	105.08366
749.71533	103.76049
749.76617	99.213135
749.81702	102.04757
749.86786	104.29575
749.91864	106.26171
749.96948	98.194565
750.02032	94.94928
750.07117	101.64095
750.12201	106.14924
750.17285	106.50104
750.22369	113.97009
750.27448	104.56631
750.32532	96.432327
750.37616	104.23005
750.427	114.17419
750.47784	108.42279
750.52869	107.57243
750.57953	114.70474
750.63031	105.02026
750.68115	111.69294
750.73199	109.9795
750.78284	93.867615
750.83368	107.57169
750.88452	103.74826
750.93536	117.93197
750.98615	106.02486
751.03699	94.436913
751.08783	105.65981
751.13867	109.61111
751.18951	112.44405
751.24036	106.76565
751.2912	116.24821
751.34198	100.53091
751.39282	106.9398
751.44366	97.989578
751.49451	107.8978
751.54535	109.95144
751.59619	108.12416
751.64703	111.61736
751.69781	111.76971
751.74866	104.39257
751.7995	110.78748
751.85034	106.81634
751.90118	109.63316
751.95203	115.08814
752.00287	107.15118
752.05365	107.78531
752.10449	105.89032
752.15533	114.37984
752.20618	110.91631
752.25702	108.34077
752.30786	113.13006
752.3587	115.45512
752.40955	114.18137
752.46033	104.43744
752.51117	111.02761
752.56201	109.88729
752.61285	118.49384
752.6637	112.48961
752.71454	115.37055
752.76538	117.60426
752.81616	119.55111
752.867	115.72366
752.91785	121.36024
752.96869	110.0738
753.01953	102.0953
753.07037	117.66431
753.12122	119.06223
753.172	116.22338
753.22284	114.34579
753.27368	120.4575
753.32452	122.33629
753.37537	111.09038
753.42621	115.81661
753.47705	129.7287
753.52783	120.73573
753.57867	113.99498
753.62952	113.80109
753.68036	112.31274
753.7312	117.78859
753.78204	122.7712
753.83289	125.92957
753.88367	126.76041
753.93451	122.93546
753.98535	118.66182
754.03619	124.842
754.08704	122.49386
754.13788	117.69977
754.18872	120.77569
754.2395	116.72226
754.29034	125.11622
754.34119	127.7981
754.39203	121.69312
754.44287	116.79221
754.49371	123.98353
754.54456	122.95371
754.59534	112.31033
754.64618	117.10943
754.69702	125.88628
754.74786	114.82973
754.79871	118.58474
754.84955	126.49934
754.90039	131.95132
754.95117	122.47905
755.00201	124.4466
755.05286	120.74422
755.1037	127.35606
755.15454	111.32828
755.20538	124.38
755.25623	126.04454
755.30701	126.31599
755.35785	122.93739
755.40869	118.97918
755.45953	124.00716
755.51038	125.29457
755.56122	127.5918
755.61206	124.80966
755.66284	117.0893
755.71368	119.29462
755.76453	124.28835
755.81537	134.10529
755.86621	106.59602
755.91705	115.72761
755.9679	127.04204
756.01868	129.73933
756.06952	128.08505
756.12036	133.21088
756.1712	138.16563
756.22205	114.0756
756.27289	126.84121
756.32373	126.00083
756.37457	113.96821
756.42535	116.79301
756.4762	132.54126
756.52704	143.44572
756.57788	116.35522
756.62872	129.02104
756.67957	148.67906
756.73041	126.85829
756.78119	136.78175
756.83203	130.72849
756.88287	123.71142
756.93372	136.21033
756.98456	146.6478
757.0354	145.36728
757.08624	140.68817
757.13702	140.72359
757.18787	141.82013
757.23871	134.35799
757.28955	141.10246
757.34039	151.82982
757.39124	141.7321
757.44208	133.38263
757.49286	131.09137
757.5437	130.96677
757.59454	135.6306
757.64539	140.69981
757.69623	142.6021
757.74707	145.19472
757.79791	142.20981
757.84869	143.13988
757.89954	128.2149
757.95038	131.10281
758.00122	139.15312
758.05206	141.58646
758.10291	132.39893
758.15375	130.02097
758.20453	135.554
758.25537	145.05878
758.30621	143.77563
758.35706	129.42575
758.4079	130.39603
758.45874	134.32227
758.50958	137.05771
758.56036	141.41136
758.61121	151.91206
758.66205	156.2437
758.71289	146.83846
758.76373	140.28061
758.81458	147.11987
758.86542	147.89302
758.9162	137.96954
758.96704	133.53322
759.01788	135.57355
759.06873	135.96838
759.11957	132.46446
759.17041	138.9713
759.22125	144.98766
759.27203	138.96263
759.32288	148.60065
759.37372	154.96753
759.42456	139.09412
759.4754	132.71927
759.52625	142.7448
759.57709	144.67915
759.62787	142.6953
759.67871	155.73622
759.72955	148.45772
759.7804	136.2438
759.83124	134.52711
759.88208	141.45912
759.93292	152.55449
759.9837	141.84863
760.03455	144.01906
760.08539	145.24364
760.13623	140.28568
760.18707	140.89827
760.23792	144.14384
760.28876	153.69365
760.33954	156.62112
760.39038	144.43416
760.44122	136.70459
760.49207	145.51196
760.54291	149.30988
760.59375	149.45215
760.64459	149.45906
760.69543	141.62262
760.74622	158.96432
760.79706	154.52943
760.8479	144.45905
760.89874	158.74022
760.94958	152.09354
761.00043	156.19203
761.05127	153.40706
761.10205	154.59976
761.15289	152.26846
761.20374	166.23526
761.25458	152.63933
761.30542	156.85506
761.35626	156.11652
761.4071	156.46245
761.45789	154.71439
761.50873	161.33748
761.55957	164
761.61041	163.50414
761.66125	158.13959
761.7121	152.129
761.76294	166.84865
761.81372	166.97621
761.86456	168.39903
761.91541	160.99129
761.96625	163.61452
762.01709	158.74686
762.06793	180.35387
762.11877	153.81612
762.16956	151.95451
762.2204	165.84875
762.27124	168.82545
762.32208	156.20781
762.37292	185.14079
762.42377	155.03154
762.47461	154.96005
762.52539	152.14241
762.57623	153.74489
762.62708	150.10345
762.67792	157.27882
762.72876	172.72812
762.7796	173.86186
762.83044	154.07524
762.88123	156.35162
762.93207	170.18236
762.98291	162.15475
763.03375	160.9809
763.08459	178.19327
763.13544	180.84863
763.18628	172.47569
763.23706	168.34509
763.2879	164.63525
763.33875	150.63603
763.38959	169.9859
763.44043	181.46274
763.49127	172.43071
763.54211	169.05251
763.5929	170.54524
763.64374	175.56837
763.69458	170.66
763.74542	178.92332
763.79626	174.29982
763.84711	177.97041
763.89795	173.9395
763.94873	175.52411
763.99957	182.68462
764.05042	166.87056
764.10126	162.73347
764.1521	173.60873
764.20294	176.86575
764.25378	170.54533
764.30457	181.59483
764.35541	180.10513
764.40625	175.67938
764.45709	175.89612
764.50793	174.92653
764.55878	165.8575
764.60962	166.39905
764.66046	164.11041
764.71124	167.22122
764.76208	178.39
764.81293	179.50594
764.86377	174.43091
764.91461	178.96104
764.96545	177.27014
765.0163	177.9547
765.06708	178.88263
765.11792	167.16508
765.16876	167.94156
765.2196	188.32567
765.27045	183.04636
765.32129	174.16911
765.37213	174.98567
765.42291	180.78891
765.47375	179.13986
765.5246	170.85269
765.57544	180.53954
765.62628	183.71803
765.67712	188.21935
765.72797	194.29681
765.77875	182.77139
765.82959	180.28366
765.88043	186.23094
765.93127	176.35442
765.98212	171.60201
766.03296	182.05907
766.0838	175.84363
766.13458	166.65691
766.18542	176.84607
766.23627	181.8938
766.28711	183.57974
766.33795	180.45613
766.38879	171.92082
766.43964	183.19418
766.49042	180.52705
766.54126	182.24828
766.5921	181.18365
766.64294	175.50459
766.69379	174.71426
766.74463	182.33034
766.79547	195.12982
766.84625	184.2292
766.89709	186.64713
766.94794	189.63969
766.99878	194.48137
767.04962	187.72586
767.10046	186.10565
767.15131	199.34859
767.20209	196.44006
767.25293	179.7957
767.30377	188.34972
767.35461	181.05769
767.40546	174.76968
767.4563	194.47153
767.50714	200.46248
767.55792	190.5882
767.60876	192.95386
767.65961	190.86058
767.71045	189.62889
767.76129	190.52016
767.81213	187.29994
767.86298	201.94949
767.91376	202.90179
767.9646	189.90776
768.01544	189.11569
768.06628	201.20203
768.11713	199.67569
768.16797	190.72427
768.21881	205.93547
768.26959	205.08417
768.32043	201.06348
768.37128	202.71503
768.42212	188.37144
768.47296	174.68546
768.5238	196.12137
768.57465	191.04729
768.62543	203.81815
768.67627	186.97131
768.72711	216.81433
768.77795	206.09073
768.8288	203.89159
768.87964	197.84668
768.93048	200.02731
768.98132	198.73763
769.0321	205.11298
769.08295	215.87468
769.13379	204.7562
769.18463	205.133
769.23547	202.48376
769.28632	196.73656
769.33716	196.61913
769.38794	201.56825
769.43878	203.4025
769.48962	202.24966
769.54047	202.95361
769.59131	199.92938
769.64215	215.72841
769.69299	205.20587
769.74377	208.63016
769.79462	205.54045
769.84546	212.20245
769.8963	207.65741
769.94714	206.80058
769.99799	205.78548
770.04883	206.7083
770.09961	210.75911
770.15045	216.37402
770.20129	201.06491
770.25214	210.19234
770.30298	203.57059
770.35382	206.91179
770.40466	222.53009
770.45544	216.38086
770.50629	210.51253
770.55713	218.6051
770.60797	226.16925
770.65881	219.07948
770.70966	216.93417
770.7605	232.91222
770.81128	221.54895
770.86212	226.06213
770.91296	224.26109
770.96381	205.93452
771.01465	214.98566
771.06549	221.28427
771.11633	228.06073
771.16711	230.88806
771.21796	213.26825
771.2688	216.33353
771.31964	222.34769
771.37048	218.98416
771.42133	214.67015
771.47217	220.51103
771.52295	221.13875
771.57379	227.90723
771.62463	221.65001
771.67548	224.53497
771.72632	222.93269
771.77716	216.11017
771.828	226.31487
771.87878	231.28333
771.92963	217.71538
771.98047	222.55406
772.03131	222.03574
772.08215	226.70377
772.133	234.7061
772.18384	227.37276
772.23462	226.29156
772.28546	226.21619
772.3363	223.03394
772.38715	230.27722
772.43799	222.65324
772.48883	221.52791
772.53967	228.52197
772.59045	230.38304
772.6413	227.90024
772.69214	225.6322
772.74298	230.93349
772.79382	227.71399
772.84467	229.91139
772.89551	238.90131
772.94635	235.37593
772.99713	228.04521
773.04797	225.82349
773.09882	219.14615
773.14966	223.57967
773.2005	237.9673
773.25134	238.78059
773.30219	240.39789
773.35297	242.26903
773.40381	239.23035
773.45465	235.93292
773.50549	224.92194
773.55634	223.08092
773.60718	227.55199
773.65802	229.75058
773.7088	237.16284
773.75964	241.52803
773.81049	238.00848
773.86133	239.19942
773.91217	244.25914
773.96301	235.75986
774.01385	226.56
774.06464	234.80037
774.11548	250.19992
774.16632	251.66364
774.21716	237.59811
774.26801	236.6041
774.31885	236.80069
774.36969	242.09489
774.42047	238.73456
774.47131	244.80457
774.52216	249.28815
774.573	249.40442
774.62384	249.23488
774.67468	243.022
774.72552	240.97795
774.77631	246.12173
774.82715	250.81558
774.87799	253.64717
774.92883	254.92787
774.97968	245.66599
775.03052	248.30632
775.08136	244.39468
775.13214	248.28473
775.18298	236.03032
775.23383	234.71989
775.28467	232.83989
775.33551	244.64948
775.38635	252.2697
775.43719	248.73633
775.48798	245.26241
775.53882	256.1366
775.58966	253.59273
775.6405	244.88423
775.69135	247.52443
775.74219	265.2005
775.79303	239.17712
775.84381	248.25946
775.89465	251.51968
775.9455	269.09592
775.99634	259.61859
776.04718	272.76733
776.09802	265.4541
776.14886	243.66496
776.19965	238.86462
776.25049	242.96548
776.30133	250.20012
776.35217	262.18994
776.40302	267.22461
776.45386	249.21971
776.5047	257.69818
776.55548	258.01212
776.60632	263.88065
776.65717	252.28844
776.70801	250.66185
776.75885	263.02551
776.80969	279.35733
776.86053	269.65213
776.91132	280.19583
776.96216	266.86819
777.013	265.56503
777.06384	276.11179
777.11469	265.98898
777.16553	259.71152
777.21637	262.74963
777.26721	277.20721
777.31799	269.86469
777.36884	279.90109
777.41968	270.59061
777.47052	261.38354
777.52136	274.95264
777.5722	269.06805
777.62305	262.52783
777.67383	272.24158
777.72467	279.35629
777.77551	268.4874
777.82635	261.11264
777.8772	273.07602
777.92804	279.21454
777.97888	268.84396
778.02966	262.77185
778.08051	265.72421
778.13135	271.8175
778.18219	280.35007
778.23303	273.00089
778.28387	269.90024
778.33472	267.20139
778.3855	271.17435
778.43634	275.56995
778.48718	284.49933
778.53802	275.59399
778.58887	275.11417
778.63971	278.83319
778.69055	277.84775
778.74133	262.27914
778.79218	285.14334
778.84302	290.6001
778.89386	284.29565
778.9447	288.36597
778.99554	288.51797
779.04639	282.85773
779.09717	274.75433
779.14801	276.94907
779.19885	282.77606
779.24969	286.12109
779.30054	278.41022
779.35138	290.26862
779.40222	282.56635
779.453	293.28598
779.50385	291.63235
779.55469	296.39435
779.60553	293.06412
779.65637	292.44003
779.70721	287.6611
779.75806	296.30814
779.80884	294.40906
779.85968	285.16202
779.91052	281.78424
779.96136	309.03351
780.01221	305.76364
780.06305	287.21866
780.11389	280.17163
780.16467	294.31546
780.21552	298.71161
780.26636	286.48373
780.3172	306.7092
780.36804	306.17477
780.41888	307.54468
780.46973	300.06036
780.52051	309.80136
780.57135	302.64578
780.62219	278.19873
780.67303	293.22491
780.72388	305.13632
780.77472	310.45297
780.82556	289.90167
780.87634	298.20248
780.92719	297.43121
780.97803	299.24557
781.02887	304.07001
781.07971	309.32797
781.13055	300.2326
781.1814	293.84671
781.23218	305.94229
781.28302	308.39066
781.33386	317.36145
781.3847	320.12949
781.43555	321.48758
781.48639	308.96396
781.53723	313.15848
781.58807	301.59903
781.63885	306.02628
781.6897	306.48132
781.74054	322.28851
781.79138	305.1145
781.84222	333.96945
781.89307	307.08261
781.94391	319.8049
781.99469	300.60663
782.04553	305.58572
782.09637	326.5795
782.14722	322.73776
782.19806	308.82523
782.2489	329.19174
782.29974	307.95981
782.35052	298.74731
782.40137	303.33844
782.45221	317.83578
782.50305	322.09952
782.55389	329.23767
782.60474	314.91708
782.65558	326.43549
782.70636	302.11713
782.7572	310.31424
782.80804	321.1763
782.85889	319.44388
782.90973	330.56406
782.96057	318.82135
783.01141	330.7305
783.06219	322.13528
783.11304	325.46036
783.16388	312.76886
783.21472	324.03537
783.26556	302.4176
783.31641	295.06631
783.36725	325.49503
783.41803	344.72467
783.46887	336.31732
783.51971	324.16666
783.57056	326.18716
783.6214	310.47546
783.67224	323.29752
783.72308	312.96829
783.77386	330.31274
783.82471	336.79175
783.87555	330.00735
783.92639	327.26895
783.97723	345.67548
784.02808	342.47757
784.07892	341.23489
784.1297	344.3967
784.18054	345.54648
784.23138	338.20868
784.28223	345.41608
784.33307	340.97586
784.38391	346.65106
784.43475	342.51352
784.48553	314.17377
784.53638	341.87195
784.58722	345.3941
784.63806	348.66367
784.6889	349.05356
784.73975	358.46521
784.79059	349.12537
784.84137	351.6767
784.89221	345.64233
784.94305	365.24945
784.9939	370.06073
785.04474	353.47223
785.09558	344.68286
785.14642	356.11029
785.1972	354.40613
785.24805	350.99768
785.29889	342.4856
785.34973	366.73126
785.40057	353.22861
785.45142	345.58972
785.50226	368.17654
785.5531	380.74545
785.60388	370.85034
785.65472	347.75333
785.70557	353.81442
785.75641	361.25113
785.80725	351.36197
785.85809	354.44482
785.90894	355.57834
785.95972	354.71115
786.01056	365.6705
786.0614	367.65518
786.11224	366.9249
786.16309	363.73587
786.21393	356.95587
786.26477	370.853
786.31555	384.78864
786.36639	369.91064
786.41724	355.26294
786.46808	369.26965
786.51892	377.97491
786.56976	381.65982
786.62061	392.69046
786.67139	386.72546
786.72223	378.26477
786.77307	387.11752
786.82391	395.99429
786.87476	381.60193
786.9256	386.17853
786.97644	395.46036
787.02722	400.26404
787.07806	383.12018
787.12891	409.03531
787.17975	402.45233
787.23059	400.03162
787.28143	379.22269
787.33228	389.08813
787.38306	396.09491
787.4339	401.96451
787.48474	364.17249
787.53558	385.19751
787.58643	410.62302
787.63727	394.23904
787.68811	394.9798
787.73889	401.95667
787.78973	383.52109
787.84058	371.31635
787.89142	394.44739
787.94226	394.89584
787.9931	401.58698
788.04395	405.29022
788.09473	406.22583
788.14557	410.06644
788.19641	392.17355
788.24725	391.72101
788.2981	419.42487
788.34894	414.91132
788.39978	391.81293
788.45056	378.99158
788.5014	403.38156
788.55225	402.85776
788.60309	410.78842
788.65393	419.2941
788.70477	436.54663
788.75562	400.49829
788.8064	429.23706
788.85724	407.87485
788.90808	417.48218
788.95892	425.52426
789.00977	426.25662
789.06061	422.71677
789.11145	427.172
789.16223	426.93362
789.21307	418.72864
789.26392	422.12054
789.31476	421.84753
789.3656	413.68192
789.41644	420.60446
789.46729	431.93298
789.51807	429.67023
789.56891	434.42175
789.61975	415.15109
789.67059	414.75751
789.72144	425.50055
789.77228	444.07721
789.82312	427.17978
789.87396	427.40286
789.92474	451.3779
789.97559	438.2074
790.02643	416.03748
790.07727	435.09607
790.12811	401.32755
790.17896	440.35535
790.2298	456.15375
790.28058	450.07501
790.33142	433.07959
790.38226	448.25327
790.43311	439.04944
790.48395	407.5787
790.53479	419.78897
790.58563	450.57489
790.63641	450.03369
790.68726	473.23138
790.7381	462.69058
790.78894	462.96841
790.83978	460.14243
790.89063	455.26312
790.94147	456.18146
790.99225	463.51257
791.04309	471.4465
791.09393	422.01862
791.14478	436.64233
791.19562	440.99976
791.24646	472.87741
791.2973	424.64584
791.34808	467.84482
791.39893	454.23843
791.44977	486.69174
791.50061	461.8154
791.55145	466.79233
791.60229	451.39243
791.65314	477.70908
791.70392	444.16061
791.75476	482.1051
791.8056	457.41382
791.85645	494.47641
791.90729	478.57178
791.95813	498.59149
792.00897	488.24051
792.05975	485.87238
792.1106	453.8342
792.16144	487.17136
792.21228	474.00381
792.26312	482.7619
792.31396	478.96487
792.36481	459.67099
792.41559	461.41223
792.46643	490.8548
792.51727	477.8447
792.56812	492.33121
792.61896	487.14166
792.6698	482.45856
792.72064	470.71091
792.77142	481.50873
792.82227	475.41364
792.87311	496.79321
792.92395	519.17706
792.97479	509.17981
793.02563	503.26324
793.07648	474.64151
793.12726	466.97641
793.1781	479.55951
793.22894	480.59396
793.27979	481.39395
793.33063	495.71628
793.38147	513.03302
793.43231	517.47839
793.48309	489.4823
793.53394	515.71674
793.58478	518.09991
793.63562	511.93396
793.68646	501.44281
793.7373	489.54456
793.78815	484.25418
793.83899	517.66882
793.88977	516.84497
793.94061	520.79529
793.99146	527.5163
794.0423	528.54114
794.09314	506.88086
794.14398	511.22458
794.19482	512.33838
794.24561	519.77698
794.29645	516.06781
794.34729	523.90613
794.39813	531.77533
794.44897	533.4317
794.49982	527.76111
794.55066	543.51147
794.60144	543.42139
794.65228	538.72144
794.70313	531.45685
794.75397	524.72949
794.80481	525.10736
794.85565	510.11096
794.90649	510.9426
794.95728	526.76874
795.00812	530.46332
795.05896	519.80835
795.1098	528.11194
795.16064	535.66846
795.21149	536.13678
795.26233	540.11713
795.31311	527.30475
795.36395	509.36356
795.41479	506.93246
795.46564	534.24512
795.51648	546.93732
795.56732	549.54022
795.61816	560.6333
795.66895	565.6687
795.71979	560.74341
795.77063	557.70959
795.82147	546.88666
795.87231	543.22009
795.92316	550.81348
795.974	545.98102
796.02478	552.69977
796.07562	563.33185
796.12646	561.79175
796.17731	538.66919
796.22815	543.39893
796.27899	562.84009
796.32983	564.56537
796.38062	566.66522
796.43146	575.50275
796.4823	578.79602
796.53314	569.74066
796.58398	558.52313
796.63483	554.50092
796.68567	560.90729
796.73645	560.25024
796.78729	572.89948
796.83813	588.19641
796.88898	581.43829
796.93982	559.48737
796.99066	555.73956
797.0415	552.51019
797.09229	550.26062
797.14313	558.74841
797.19397	567.6676
797.24481	593.23077
797.29565	599.30981
797.3465	594.67194
797.39734	577.99902
797.44812	534.9187
797.49896	557.41644
797.5498	552.67474
797.60065	568.67865
797.65149	570.43854
797.70233	592.04175
797.75317	590.28802
797.80396	601.20837
797.8548	599.10724
797.90564	587.98694
797.95648	577.02362
798.00732	581.72009
798.05817	591.0752
798.10901	578.66101
798.15985	596.79248
798.21063	615.13403
798.26147	601.44666
798.31232	616.64026
798.36316	600.91205
798.414	604.52081
798.46484	576.23553
798.51569	580.6521
798.56647	577.99536
798.61731	583.78064
798.66815	619.57129
798.71899	622.43109
798.76984	607.93604
798.82068	632.58075
798.87152	631.54327
798.9223	632.25256
798.97314	623.40381
799.02399	632.67139
799.07483	629.94659
799.12567	622.45691
799.17651	604.39502
799.22736	618.76337
799.27814	635.3324
799.32898	625.0697
799.37982	640.12024
799.43066	630.6687
799.48151	646.25555
799.53235	640.75928
799.58319	628.76239
799.63397	626.27704
799.68481	615.37634
799.73566	633.69586
799.7865	612.2572
799.83734	638.96735
799.88818	638.23004
799.93903	679.25299
799.98981	668.51068
800.04065	658.90363
800.09149	632.07861
800.14233	625.92932
800.19318	593.31573
800.24402	607.6842
800.29486	640.15906
800.34564	673.94348
800.39648	650.21777
800.44733	669.22754
800.49817	629.79108
800.54901	645.15857
800.59985	634.96698
800.6507	649.89227
800.70148	639.68536
800.75232	667.76007
800.80316	643.29181
800.854	646.68048
800.90485	666.54541
800.95569	684.30396
801.00653	655.7088
801.05731	697.18695
801.10815	681.39758
801.159	660.38727
801.20984	679.00061
801.26068	668.54175
801.31152	689.27014
801.36237	689.24396
801.41315	691.1142
801.46399	668.54016
801.51483	702.61731
801.56567	699.75879
801.61652	664.0274
801.66736	669.6319
801.7182	692.42487
801.76898	697.72058
801.81982	689.508
801.87067	674.24811
801.92151	693.44073
801.97235	714.51025
802.02319	722.05988
802.07404	699.68494
802.12488	735.59259
802.17566	744.99707
802.2265	673.10925
802.27734	677.20715
802.32819	681.91351
802.37903	724.40179
802.42987	695.08826
802.48071	702.99927
802.53149	686.29755
802.58234	691.11639
802.63318	713.68188
802.68402	720.77631
802.73486	713.70801
802.78571	712.88751
802.83655	683.71484
802.88733	677.36139
802.93817	660.7326
802.98901	695.0824
803.03986	711.18927
803.0907	756.17993
803.14154	733.354
803.19238	737.89899
803.24316	704.12885
803.29401	674.69385
803.34485	703.29706
803.39569	693.67371
803.44653	725.63782
803.49738	728.56183
803.54822	711.97693
803.599	712.1059
803.64984	730.10657
803.70068	759.54364
803.75153	739.16559
803.80237	769.58313
803.85321	718.68506
803.90405	751.16162
803.95483	718.28369
804.00568	772.43945
804.05652	756.00079
804.10736	784.08026
804.1582	755.65063
804.20905	761.44434
804.25989	773.54285
804.31067	790.85773
804.36151	754.08997
804.41235	767.8089
804.4632	774.19208
804.51404	773.47314
804.56488	738.95624
804.61572	747.51117
804.6665	758.96356
804.71735	765.6308
804.76819	778.93604
804.81903	806.9881
804.86987	777.19098
804.92072	786.71503
804.97156	753.93225
805.02234	758.60992
805.07318	754.68433
805.12402	799.07239
805.17487	767.05933
805.22571	756.10822
805.27655	761.97656
805.32739	794.41107
805.37817	796.40363
805.42902	799.14191
805.47986	814.6944
805.5307	813.30573
805.58154	768.03027
805.63239	755.25372
805.68323	747.11462
805.73401	800.06409
805.78485	813.39301
805.83569	842.93311
805.88654	812.89587
805.93738	824.27362
805.98822	811.9649
806.03906	749.42407
806.08984	801.24536
806.14069	818.59265
806.19153	813.83441
806.24237	821.21161
806.29321	810.26312
806.34406	837.9726
806.3949	837.53229
806.44574	834.07452
806.49652	805.35718
806.54736	826.24524
806.59821	838.94958
806.64905	798.48584
806.69989	804.1626
806.75073	810.43616
806.80157	876.77313
806.85236	852.54767
806.9032	845.25458
806.95404	871.71283
807.00488	871.71637
807.05573	856.15765
807.10657	851.26141
807.15741	851.0448
807.20819	856.31281
807.25903	807.28766
807.30988	845.12842
807.36072	809.27161
807.41156	848.51746
807.4624	868.64276
807.51324	866.40765
807.56403	877.33521
807.61487	892.97156
807.66571	848.97626
807.71655	843.37433
807.7674	822.00934
807.81824	847.0274
807.86908	835.04688
807.91986	838.32166
807.9707	833.37421
808.02155	850.99768
808.07239	876.20636
808.12323	900.13202
808.17407	881.26288
808.22491	883.46661
808.2757	889.90314
808.32654	834.88336
808.37738	829.43097
808.42822	832.88989
808.47906	865.66583
808.52991	903.15253
808.58075	916.53961
808.63153	923.95428
808.68237	919.53369
808.73322	906.93402
808.78406	875.61078
808.8349	864.0874
808.88574	853.36444
808.93658	889.90369
808.98737	901.21539
809.03821	888.00726
809.08905	901.00732
809.13989	940.63538
809.19073	927.9162
809.24158	909.26251
809.29242	912.67883
809.3432	932.25385
809.39404	936.2981
809.44489	928.01587
809.49573	911.92438
809.54657	906.09314
809.59741	927.91669
809.64825	914.84534
809.69904	917.80475
809.74988	929.23273
809.80072	967.44586
809.85156	943.05817
809.9024	966.24011
809.95325	947.72314
810.00409	960.24927
810.05487	921.77618
810.10571	912.7666
810.15656	867.77954
810.2074	930.27441
810.25824	941.133
810.30908	997.6051
810.35992	954.44525
810.41071	937.80853
810.46155	907.89679
810.51239	875.60406
810.56323	851.16565
810.61407	897.29004
810.66492	911.37421
810.71576	926.19006
810.7666	942.89038
810.81738	964.44556
810.86823	955.98328
810.91907	956.62439
810.96991	952.43945
811.02075	968.29443
811.07159	965.60803
811.12244	948.94116
811.17322	921.19812
811.22406	936.61267
811.2749	965.09027
811.32574	1009.0468
811.37659	1034.6039
811.42743	1026.7325
811.47827	1020.4299
811.52905	991.45258
811.5799	992.96991
811.63074	953.23712
811.68158	994.64972
811.73242	1001.4095
811.78326	998.9234
811.83411	960.53217
811.88489	991.19159
811.93573	1008.9337
811.98657	1078.2809
812.03741	1005.8969
812.08826	1029.9487
812.1391	1029.9084
812.18994	1026.2739
812.24072	947.48767
812.29156	996.60754
812.34241	999.38129
812.39325	1035.8446
812.44409	1001.1832
812.49493	1027.1132
812.54578	1019.7201
812.59656	1038.1836
812.6474	1014.301
812.69824	1024.1079
812.74908	1027.1632
812.79993	1015.8708
812.85077	1011.5618
812.90161	967.57227
812.95239	997.01733
813.00323	993.81567
813.05408	1024.4673
813.10492	1078.9611
813.15576	1058.0739
813.2066	1023.3909
813.25745	1021.218
813.30823	972.13342
813.35907	977.7879
813.40991	971.8717
813.46075	1061.2129
813.5116	1067.9066
813.56244	1089.2214
813.61328	1057.4961
813.66406	1090.3459
813.7149	1057.8567
813.76575	1032.24
813.81659	1054.9271
813.86743	1084.2133
813.91827	1052.7085
813.96912	1062.4812
814.0199	1058.0269
814.07074	1098.5543
814.12158	1092.8519
814.17242	1095.5913
814.22327	1123.4517
814.27411	1159.3065
814.32495	1107.3361
814.37573	1067.3448
814.42657	1070.4666
814.47742	1117.3107
814.52826	1099.611
814.5791	1115.1218
814.62994	1105.7213
814.68079	1094.9467
814.73163	1140.3547
814.78241	1100.8173
814.83325	1126.6323
814.88409	1184.9083
814.93494	1167.4382
814.98578	1125.7202
815.03662	1101.476
815.08746	1080.3938
815.13824	1130.7084
815.18909	1144.4795
815.23993	1180.2677
815.29077	1178.9429
815.34161	1165.4088
815.39246	1131.094
815.4433	1177.7137
815.49408	1118.5376
815.54492	1132.8319
815.59576	1117.0968
815.64661	1144.9374
815.69745	1062.1942
815.74829	1049.6321
815.79913	1122.3551
815.84991	1157.5177
815.90076	1212.3904
815.9516	1250.1333
816.00244	1204.6102
816.05328	1139.1053
816.10413	1108.4482
816.15497	1066.9757
816.20575	1111.0366
816.25659	1191.0499
816.30743	1222.4866
816.35828	1207.438
816.40912	1246.554
816.45996	1217.0388
816.5108	1217.1613
816.56158	1158.0492
816.61243	1215.6312
816.66327	1190.1365
816.71411	1233.2418
816.76495	1193.0117
816.8158	1199.5707
816.86664	1208.9374
816.91742	1320.0746
816.96826	1260.1769
817.0191	1293.6687
817.06995	1266.8572
817.12079	1272.6339
817.17163	1247.9821
817.22247	1223.9133
817.27325	1231.5433
817.3241	1241.1656
817.37494	1269.5421
817.42578	1266.6663
817.47662	1224.6066
817.52747	1209.9933
817.57831	1225.4954
817.62909	1250.3262
817.67993	1317.2222
817.73077	1295.293
817.78162	1310.8707
817.83246	1227.5402
817.8833	1209.283
817.93414	1184.5659
817.98492	1267.8368
818.03577	1302.068
818.08661	1332.7006
818.13745	1295.6205
818.18829	1329.6948
818.23914	1329.0797
818.28998	1255.6317
818.34076	1233.4539
818.3916	1264.7972
818.44244	1225.3674
818.49329	1274.9401
818.54413	1289.6771
818.59497	1274.0225
818.64581	1315.8066
818.69659	1371.1074
818.74744	1389.9542
818.79828	1341.6176
818.84912	1323.5282
818.89996	1278.9434
818.95081	1281.2362
819.00165	1270.5072
819.05249	1323.2571
819.10327	1312.6239
819.15411	1388.5254
819.20496	1401.2117
819.2558	1406.6808
819.30664	1377.3632
819.35748	1351.1946
819.40833	1335.3323
819.45911	1357.3906
819.50995	1396.5674
819.56079	1394.5332
819.61163	1355.9902
819.66248	1386.2581
819.71332	1395.196
819.76416	1371.259
819.81494	1418.2635
819.86578	1407.5663
819.91663	1454.8213
819.96747	1470.1019
820.01831	1474.8793
820.06915	1414.4637
820.12	1411.7175
820.17078	1387.5468
820.22162	1404.0092
820.27246	1395.6357
820.3233	1392.4979
820.37415	1466.714
820.42499	1496.5327
820.47583	1475.8844
820.52661	1494.9041
820.57745	1489.7067
820.6283	1460.0369
820.67914	1412.4639
820.72998	1323.9655
820.78082	1288.84
820.83167	1351.7947
820.88245	1429.1254
820.93329	1480.1655
820.98413	1521.9891
821.03497	1500.9686
821.08582	1477.2186
821.13666	1416.4285
821.1875	1386.156
821.23828	1413.2574
821.28912	1440.4733
821.33997	1425.8342
821.39081	1428.1121
821.44165	1442.0687
821.49249	1492.764
821.54333	1516.5925
821.59412	1522.1837
821.64496	1538.1433
821.6958	1532.4811
821.74664	1528
821.79749	1476.4677
821.84833	1447.1195
821.89917	1467.7996
821.94995	1539.9918
822.00079	1566.4226
822.05164	1558.8088
822.10248	1562.4838
822.15332	1586.0891
822.20416	1534.0128
822.255	1487.9254
822.30579	1503.3391
822.35663	1531.4491
822.40747	1542.5784
822.45831	1562.6935
822.50916	1536.9437
822.56	1520.683
822.61084	1599.8296
822.66162	1642.0358
822.71246	1654.0089
822.76331	1648.1982
822.81415	1629.412
822.86499	1617.8333
822.91583	1582.0132
822.96667	1534.2015
823.01752	1560.5253
823.0683	1577.2642
823.11914	1565.0822
823.16998	1523.8865
823.22083	1549.9045
823.27167	1602.7909
823.32251	1614.009
823.37335	1637.0276
823.42413	1644.2855
823.47498	1636.765
823.52582	1577.2914
823.57666	1517.6661
823.6275	1479.8339
823.67834	1514.6782
823.72919	1561.854
823.77997	1642.2502
823.83081	1714.746
823.88165	1709.766
823.9325	1668.8636
823.98334	1584.7101
824.03418	1494.6791
824.08502	1474.7091
824.1358	1555.8379
824.18665	1638.4303
824.23749	1644.9506
824.28833	1674.8573
824.33917	1733.3154
824.39001	1730.0176
824.44086	1707.0449
824.49164	1681.3951
824.54248	1694.4271
824.59332	1732.7078
824.64417	1738.3069
824.69501	1643.6298
824.74585	1622.619
824.79669	1674.729
824.84747	1742.287
824.89832	1797.3075
824.94916	1757.7448
825	1744.5476
825.05084	1735.4326
825.10168	1750.9349
825.15253	1760.7784
825.20331	1770.7473
825.25415	1762.6158
825.30499	1768.201
825.35583	1741.2271
825.40668	1718.3636
825.45752	1721.9487
825.50836	1770.095
825.55914	1786.5281
825.60999	1814.8398
825.66083	1865.1517
825.71167	1833.4423
825.76251	1757.5157
825.81335	1704.6409
825.8642	1698.9446
825.91498	1714.8718
825.96582	1758.4146
826.01666	1730.4196
826.0675	1749.4318
826.11835	1731.6974
826.16919	1759.4326
826.22003	1768.5602
826.27081	1758.5707
826.32166	1815.7631
826.3725	1814.873
826.42334	1729.9368
826.47418	1641.5643
826.52502	1656.0834
826.57587	1715.6409
826.62665	1832.0588
826.67749	1853.6176
826.72833	1874.3914
826.77917	1810.4243
826.83002	1780.6881
826.88086	1743.7749
826.9317	1695.1997
826.98248	1703.0951
827.03333	1818.3075
827.08417	1852.6365
827.13501	1860.1349
827.18585	1853.6267
827.23669	1846.1868
827.28754	1867.3286
827.33838	1841.5219
827.38916	1851.0199
827.44	1840.1638
827.49084	1877.3082
827.54169	1862.8451
827.59253	1841.8156
827.64337	1786.5508
827.69421	1866.9026
827.745	1933.4642
827.79584	1916.4886
827.84668	1894.8712
827.89752	1912.7566
827.94836	1925.9414
827.99921	1913.8898
828.05005	1904.2745
828.10083	1908.6963
828.15167	1951.6797
828.20251	1889.6753
828.25336	1838.4463
828.3042	1786.8839
828.35504	1831.8855
828.40588	1891.4041
828.45667	1971.8148
828.50751	1990.755
828.55835	1972.3794
828.60919	1951.4877
828.66003	1886.1917
828.71088	1775.088
828.76172	1767.5037
828.8125	1856.9417
828.86334	1886.0714
828.91418	1934.5905
828.96503	1957.0435
829.01587	1969.9905
829.06671	1932.4198
829.11755	1932.2957
829.16833	1886.0167
829.21918	1926.343
829.27002	1935.7869
829.32086	1872.2378
829.3717	1808.6934
829.42255	1807.718
829.47339	1898.9889
829.52417	1970.2361
829.57501	2020.4186
829.62585	2037.8856
829.6767	2101.9453
829.72754	2049.5691
829.77838	1992.1588
829.82922	1894.6334
829.88	1912.931
829.93085	1938.8367
829.98169	1993.3883
830.03253	2061.4429
830.08337	2088.9585
830.13422	2089.5803
830.18506	2131.2471
830.23584	2111.7393
830.28668	2060.9929
830.33752	2082.0208
830.38837	2049.7266
830.43921	2058.7166
830.49005	2009.7391
830.54089	1970.1
830.59167	2027.5928
830.64252	2139.4236
830.69336	2123.4004
830.7442	2104.063
830.79504	2118.8442
830.84589	2112.3259
830.89673	2126.7754
830.94751	2086.741
830.99835	2069.26
831.04919	2063.7859
831.10004	2055.9282
831.15088	1994.4546
831.20172	1986.7158
831.25256	1983.4625
831.30341	2044.8977
831.35419	2099.8403
831.40503	2188.9827
831.45587	2239.8806
831.50671	2175.3513
831.55756	2062.7461
831.6084	1948.547
831.65924	1867.9089
831.71002	1906.9803
831.76086	2012.3148
831.81171	2101.9954
831.86255	2175.7898
831.91339	2202.2463
831.96423	2197.4597
832.01508	2129.1018
832.06586	2089.7336
832.1167	2059.1877
832.16754	2076.3271
832.21838	2121.7205
832.26923	2105.4282
832.32007	2049.958
832.37091	2059.7949
832.42169	2183.2219
832.47253	2245.436
832.52338	2262.8784
832.57422	2285.624
832.62506	2308.4036
832.6759	2266.2427
832.72675	2184.6716
832.77753	2093.0898
832.82837	2121.2991
832.87921	2231.7031
832.93005	2313.4365
832.9809	2292.9468
833.03174	2288.8953
833.08258	2296.3755
833.13336	2298.3438
833.1842	2338.6833
833.23505	2318.0598
833.28589	2354.0317
833.33673	2350.7981
833.38757	2293.6553
833.43842	2190.8784
833.4892	2166.7483
833.54004	2231.0212
833.59088	2286.7529
833.64172	2319.9104
833.69257	2338.3706
833.74341	2321.1519
833.79425	2320.3423
833.84503	2328.6606
833.89587	2281.3584
833.94672	2275.2798
833.99756	2272.3389
834.0484	2263.5662
834.09924	2186.0498
834.15009	2137.7759
834.20087	2165.9294
834.25171	2259.2463
834.30255	2382.4241
834.35339	2459.1089
834.40424	2457.209
834.45508	2389.907
834.50592	2300.3176
834.5567	2151.3696
834.60754	2101.0515
834.65839	2145.6531
834.70923	2271.9214
834.76007	2372.5593
834.81091	2431.6829
834.86176	2473.6489
834.91254	2460.397
834.96338	2413.7278
835.01422	2292.0076
835.06506	2283.2715
835.11591	2321.3518
835.16675	2384.2612
835.21759	2381.283
835.26837	2357.4873
835.31921	2345.0479
835.37006	2437.4392
835.4209	2519.907
835.47174	2484.9924
835.52258	2475.5085
835.57343	2540.3701
835.62427	2563.3481
835.67505	2460.2456
835.72589	2452.8684
835.77673	2442.1448
835.82758	2492.6929
835.87842	2549.9253
835.92926	2548.1765
835.9801	2498.1687
836.03088	2507.7715
836.08173	2578.9314
836.13257	2594.0554
836.18341	2617.8308
836.23425	2634.0396
836.2851	2641.8872
836.33594	2533.1018
836.38672	2424.9956
836.43756	2350.4546
836.4884	2432.7615
836.53925	2518.8892
836.59009	2570.54
836.64093	2612.9531
836.69177	2608.9773
836.74255	2600.6101
836.7934	2570.5217
836.84424	2531.9226
836.89508	2444.438
836.94592	2452.9038
836.99677	2449.3469
837.04761	2446.6086
837.09839	2429.2419
837.14923	2445.3591
837.20007	2536.5532
837.25092	2624.8154
837.30176	2700.9448
837.3526	2697.1055
837.40344	2673.4849
837.45422	2555.5107
837.50507	2413.397
837.55591	2322.439
837.60675	2368.6951
837.65759	2481.6223
837.70844	2701.6292
837.75928	2795.5088
837.81006	2796.3887
837.8609	2790.4128
837.91174	2692.4316
837.96259	2631.0171
838.01343	2540.3457
838.06427	2543.3542
838.11511	2605.7842
838.16589	2708.4678
838.21674	2725.155
838.26758	2686.3357
838.31842	2728.8684
838.36926	2814.5313
838.4201	2833.2153
838.47095	2743.0154
838.52173	2741.2507
838.57257	2757.8152
838.62341	2801.2424
838.67426	2690.3848
838.7251	2678.1833
838.77594	2714.437
838.82678	2810.2939
838.87756	2790.1289
838.92841	2701.0139
838.97925	2744.7861
839.03009	2788.3674
839.08093	2888.3413
839.13177	2851.5964
839.18262	2871.2083
839.2334	2818.4873
839.28424	2824.2769
839.33508	2642.2776
839.38593	2507.988
839.43677	2509.3325
839.48761	2608.4702
839.53845	2755.7537
839.58929	2816.946
839.64008	2924.7583
839.69092	2887.3503
839.74176	2842.259
839.7926	2693.5623
839.84344	2579.8635
839.89429	2560.1497
839.94513	2658.4136
839.99591	2692.928
840.04675	2698.188
840.0976	2752.571
840.14844	2756.344
840.19928	2843.0615
840.25012	2841.4326
840.30096	2873.3833
840.35175	2812.0903
840.40259	2847.3057
840.45343	2785.7234
840.50427	2599.5227
840.55511	2500.0664
840.60596	2568.78
840.6568	2810.8164
840.70758	2973.8254
840.75842	3075.3049
840.80927	3076.8442
840.86011	3104.2002
840.91095	3002.2144
840.96179	2903.2534
841.01263	2750.571
841.06342	2796.5288
841.11426	2982.9949
841.1651	3036.2725
841.21594	3028.8137
841.26678	2904.2307
841.31763	2978.0806
841.36847	3014.2126
841.41925	3068.3984
841.47009	2996.2141
841.52094	3075.8806
841.57178	3109.8406
841.62262	3117.6382
841.67346	3002.6162
841.7243	2833.0554
841.77509	2930.96
841.82593	2938.2722
841.87677	3012.02
841.92761	2928.1804
841.97845	2932.7231
842.0293	3021.2615
842.08014	3162.5576
842.13092	3188.468
842.18176	3089.585
842.2326	3122.6292
842.28345	3037.4102
842.33429	2921.9187
842.38513	2682.4419
842.43597	2637.3792
842.48676	2766.2095
842.5376	3000.7734
842.58844	3167.6387
842.63928	3182.9338
842.69012	3223.3962
842.74097	3100.1238
842.79181	2944.1306
842.84259	2706.2612
842.89343	2752.2944
842.94427	2758.4915
842.99512	2981.7371
843.04596	3087.6748
843.0968	3049.4817
843.14764	3077.1379
843.19843	3108.0552
843.24927	3165.9001
843.30011	3101.675
843.35095	3132.9668
843.40179	3096.9031
843.45264	3165.7144
843.50348	3013.3677
843.55426	2975.1326
843.6051	2999.1208
843.65594	3119.3772
843.70679	3300.3677
843.75763	3293.0544
843.80847	3401.0481
843.85931	3246.4795
843.91016	3383.8047
843.96094	3253.1277
844.01178	3149.0278
844.06262	3177.0981
844.11346	3304.0574
844.16431	3380.8662
844.21515	3286.7068
844.26599	3254.9458
844.31677	3116.1277
844.36761	3391.6208
844.41846	3372.0786
844.4693	3430.6882
844.52014	3390.3713
844.57098	3414.1804
844.62183	3418.3157
844.67261	3172.3301
844.72345	3161.0637
844.77429	3076.0027
844.82513	3276.9595
844.87598	3250.593
844.92682	3258.7419
844.97766	3217.4604
845.02844	3271.9373
845.07928	3413.084
845.13013	3352.5007
845.18097	3420.2979
845.23181	3322.3337
845.28265	3334.9463
845.3335	3194.0947
845.38428	3048.3433
845.43512	2855.1414
845.48596	2985.6997
845.5368	3258.6948
845.58765	3389.8179
845.63849	3581.3301
845.68933	3586.821
845.74011	3637.6675
845.79095	3266.0825
845.8418	3082.9277
845.89264	2962.4954
845.94348	3023.9805
845.99432	3222.2739
846.04517	3352.366
846.09595	3527.6917
846.14679	3473.5547
846.19763	3526.5322
846.24847	3492.6191
846.29932	3470.6404
846.35016	3317.1621
846.401	3440.2788
846.45178	3495.2039
846.50262	3517.1975
846.55347	3430.8088
846.60431	3295.2554
846.65515	3462.0955
846.70599	3604.3469
846.75684	3780.27
846.80762	3643.9883
846.85846	3653.908
846.9093	3685.6851
846.96014	3720.6272
847.01099	3643.3416
847.06183	3476.2329
847.11267	3648.5266
847.16345	3564.7341
847.21429	3697.5996
847.26514	3537.6699
847.31598	3406.6104
847.36682	3414.5591
847.41766	3611.6592
847.46851	3832.697
847.51929	3733.7219
847.57013	3823.1157
847.62097	3730.864
847.67181	3658.7646
847.72266	3408.4902
847.7735	3215.5962
847.82434	3319.905
847.87512	3454.0171
847.92596	3638.4341
847.97681	3600.8486
848.02765	3650.9792
848.07849	3614.2659
848.12933	3760.0073
848.18018	3606.7598
848.23102	3569.5908
848.2818	3535.4724
848.33264	3508.0762
848.38348	3545.1418
848.43433	3349.8794
848.48517	3337.7559
848.53601	3333.0325
848.58685	3702.4771
848.63763	3835.2932
848.68848	3987.51
848.73932	3995.1304
848.79016	3922.9434
848.841	3825.3633
848.89185	3435.395
848.94269	3300.0581
848.99347	3235.3486
849.04431	3609.6301
849.09515	3831.6348
849.146	4005.9348
849.19684	4029.3115
849.24768	3953.792
849.29852	4029.1138
849.3493	3825.0786
849.40015	3833.5928
849.45099	3727.4219
849.50183	4012.5601
849.55267	3899.0386
849.60352	3871.5112
849.65436	3786.9202
849.70514	3802.271
849.75598	4013.9534
849.80682	4011.1833
849.85767	4091.877
849.90851	4000.4565
849.95935	4043.5151
850.01019	3998.5205
850.06097	4038.1387
850.11182	4013.5293
850.16266	3970.5427
850.2135	4037.7617
850.26434	3971.8359
850.31519	3876.4851
850.36603	3668.8193
850.41681	3781.6279
850.46765	3947.0203
850.51849	4102.5186
850.56934	4270.5913
850.62018	4137.8022
850.67102	4266.3481
850.72186	4055.9121
850.77264	3793.0442
850.82349	3521.0369
850.87433	3592.6501
850.92517	3757.6147
850.97601	3919.0044
851.02686	4148.6045
851.0777	4113.3354
851.12848	4295.8354
851.17932	4117.9468
851.23016	4011.9739
851.28101	3817.769
851.33185	3807.3157
851.38269	3944.0566
851.43353	3945.4414
851.48431	3951.5364
851.53516	3654.2314
851.586	3867.8069
851.63684	3959.4841
851.68768	4248.6504
851.73853	4348.4697
851.78937	4360.1943
851.84015	4391.5405
851.89099	4272.0747
851.94183	4152.4321
851.99268	3838.9963
852.04352	3858.2856
852.09436	4063.7939
852.1452	4421.4155
852.19604	4461.0259
852.24683	4509.334
852.29767	4546.9541
852.34851	4493.5068
852.39935	4531.3506
852.4502	4302.8545
852.50104	4364.5571
852.55188	4410.9541
852.60266	4522.605
852.6535	4547.6758
852.70435	4239.5054
852.75519	4253.2764
852.80603	4389.8853
852.85687	4594.1865
852.90771	4507.1172
852.9585	4555.8091
853.00934	4526.75
853.06018	4643.2993
853.11102	4598.8921
853.16187	4362.9458
853.21271	4329.5103
853.26355	4286.9116
853.31433	4389.6074
853.36517	4273.0371
853.41602	4125.4224
853.46686	4051.8447
853.5177	4186.4385
853.56854	4510.3438
853.61938	4688.498
853.67017	4832.4497
853.72101	4695.3984
853.77185	4650.5938
853.82269	4316.8755
853.87354	3901.2021
853.92438	3774.0977
853.97522	3884.6655
854.026	4289.2983
854.07684	4518.6289
854.12769	4785.0791
854.17853	4847.5503
854.22937	4851.3853
854.28021	4690.835
854.33105	4371.7534
854.38184	4133.4321
854.43268	4056.9187
854.48352	4358.1216
854.53436	4499.2212
854.58521	4536.8643
854.63605	4457.4614
854.68689	4533.0635
854.73767	4830.5894
854.78851	4853.4028
854.83936	4873.9668
854.8902	4780.2012
854.94104	4909.0029
854.99188	4842.7231
855.04272	4634.9736
855.09351	4446.1826
855.14435	4431.4868
855.19519	4701.6196
855.24603	4975.4702
855.29688	5090.8711
855.34772	4923.9326
855.39856	4923.229
855.44934	5037.2427
855.50018	5116.5693
855.55103	5012.7695
855.60187	4865.3389
855.65271	5028.1611
855.70355	5014.9956
855.75439	4917.9409
855.80518	4608.7202
855.85602	4499.7642
855.90686	4707.3423
855.9577	4994.2051
856.00854	5144.3516
856.05939	5054.644
856.11023	5104.7603
856.16101	5074.6138
856.21185	4994.7173
856.2627	4793.1094
856.31354	4579.582
856.36438	4634.6401
856.41522	4759.4194
856.46606	4799.8428
856.51691	4624.6431
856.56769	4604.1206
856.61853	4745.7461
856.66937	4988.688
856.72021	5150.4365
856.77106	5160.0273
856.8219	5122.6689
856.87274	5005.2983
856.92352	4820.3926
856.97437	4379.604
857.02521	4088.1875
857.07605	4235.7744
857.12689	4674.7939
857.17773	5110.4106
857.22858	5363.0654
857.27936	5482.0244
857.3302	5355.3237
857.38104	5182.314
857.43188	4809.0791
857.48273	4540.6963
857.53357	4535.2329
857.58441	4721.8628
857.63519	5030.9087
857.68604	5126.3984
857.73688	5111.6768
857.78772	5129.1724
857.83856	5345.4336
857.8894	5396.0542
857.94025	5339.9932
857.99103	5277.9053
858.04187	5286.2954
858.09271	5475.0913
858.14355	5336.5732
858.1944	5103.4487
858.24524	5037.6704
858.29608	5203.3086
858.34686	5339.6865
858.39771	5358.9692
858.44855	5414.8818
858.49939	5375.4204
858.55023	5458.3594
858.60107	5482.3457
858.65192	5485.1367
858.7027	5345.1035
858.75354	5364.9341
858.80438	5486.1099
858.85522	5266.7886
858.90607	5075.4673
858.95691	4801.8389
859.00775	4870.8975
859.05853	5175.6099
859.10938	5500.6304
859.16022	5650.9985
859.21106	5663.1865
859.2619	5667.9204
859.31274	5297.6587
859.36359	5045.2349
859.41437	4717.6787
859.46521	4730.6924
859.51605	4938.792
859.56689	4997.5928
859.61774	5109.6792
859.66858	5039.3716
859.71942	5166.353
859.7702	5240.2432
859.82104	5477.8818
859.87189	5457.1299
859.92273	5403.8892
859.97357	5422.5161
860.02441	5240.8779
860.07526	5035.1855
860.12604	4630.2139
860.17688	4640.8071
860.22772	4884.0854
860.27856	5345.8154
860.32941	5699.6597
860.38025	5742.7773
860.43109	5989.0864
860.48193	5828.7891
860.53271	5598.4995
860.58356	5167.0522
860.6344	4902.7588
860.68524	5110.1187
860.73608	5351.1055
860.78693	5757.3057
860.83777	5682.6709
860.88855	5646.2778
860.93939	5676.4048
860.99023	5796.5405
861.04108	5957.9707
861.09192	5721.3779
861.14276	5787.9478
861.1936	5817.0112
861.24438	5963.0864
861.29523	5800.2065
861.34607	5495.6978
861.39691	5504.6377
861.44775	5515.2798
861.4986	5887.3887
861.54944	5755.0229
861.60022	5670.2539
861.65106	5572.0527
861.7019	5788.9502
861.75275	6026.5532
861.80359	5838.0752
861.85443	5894.2515
861.90527	5859.792
861.95605	5827.0127
862.0069	5472.4204
862.05774	5076.3247
862.10858	4878.73
862.15942	5013.1333
862.21027	5635.8926
862.26111	5851.6499
862.31189	6204.6655
862.36273	6226.8945
862.41357	6070.4463
862.46442	5850.1094
862.51526	5183.0547
862.5661	4905.4272
862.61694	4822.9922
862.66772	5233.54
862.71857	5523.3862
862.76941	5718.064
862.82025	5718.1265
862.87109	5647.6108
862.92194	5961.7842
862.97278	5780.9458
863.02356	5682.6001
863.0744	5573.2974
863.12524	5585.6509
863.17609	5777.1563
863.22693	5550.1973
863.27777	5349.7476
863.32861	5136.7866
863.37939	5520.314
863.43024	6020.3467
863.48108	6135.002
863.53192	6372.6221
863.58276	6251.4673
863.63361	6433.6553
863.68445	6078.2251
863.73523	5876.3481
863.78607	5604.8359
863.83691	5546.376
863.88776	6138.2344
863.9386	6240.7358
863.98944	6362.5454
864.04028	5993.3667
864.09106	6138.9297
864.14191	6350.2095
864.19275	6386.8975
864.24359	6375.3613
864.29443	6133.0542
864.34528	6350.3892
864.39612	6363.5532
864.4469	6201.9243
864.49774	5924.3228
864.54858	5601.7124
864.59943	5966.1938
864.65027	6079.8755
864.70111	6351.1973
864.75195	6063.3945
864.8028	5990.7773
864.85358	6236.519
864.90442	6206.2134
864.95526	6410.8125
865.0061	6096.8848
865.05695	6166.7173
865.10779	6107.3701
865.15863	5853.3608
865.20941	5496.1934
865.26025	5121.103
865.3111	5334.8525
865.36194	5634.9248
865.41278	6290.8364
865.46362	6601.1738
865.51447	6709.6821
865.56525	6770.0239
865.61609	6206.7051
865.66693	5864.1982
865.71777	5179.7759
865.76862	5086.8794
865.81946	5252.4634
865.8703	5772.0142
865.92108	6345.0654
865.97192	6369.3896
866.02277	6580.0205
866.07361	6414.1162
866.12445	6557.4868
866.17529	6345.812
866.22614	5912.6782
866.27692	6091.2432
866.32776	6121.1421
866.3786	6377.4175
866.42944	6123.9824
866.48029	5992.8442
866.53113	6100.5513
866.58197	6364.895
866.63275	6917.1821
866.68359	6793.4434
866.73444	6792.4507
866.78528	6785.8208
866.83612	6842.6084
866.88696	6841.2793
866.93781	6360.6509
866.98859	6310.5327
867.03943	6405.8965
867.09027	6836.583
867.14111	6824.9321
867.19196	6506.2754
867.2428	6374.2622
867.29364	6454.3501
867.34442	6860.2061
867.39526	6960.1792
867.44611	6986.5259
867.49695	6979.9766
867.54779	6900.397
867.59863	6875.8447
867.64948	6311.1221
867.70026	5945.8374
867.7511	5825.7578
867.80194	6119.8208
867.85278	6439.6963
867.90363	6615.8428
867.95447	6697.6094
868.00531	6600.6641
868.05609	6787.5034
868.10693	6697.5249
868.15778	6508.1841
868.20862	6299.4302
868.25946	6177.2754
868.3103	6339.8052
868.36115	6119.207
868.41193	5837.5459
868.46277	5659.9336
868.51361	5814.2026
868.56445	6250.9985
868.6153	6641.2085
868.66614	7050.4775
868.71698	7009.0176
868.76782	7032.2075
868.8186	6688.8086
868.86945	6027.2295
868.92029	5596.8813
868.97113	5405.8906
869.02197	5827.7236
869.07281	6317.4199
869.12366	6821.7251
869.17444	7077.2998
869.22528	7095.0977
869.27612	7144.5498
869.32697	6886.5649
869.37781	6618.9941
869.42865	6341.9219
869.47949	6333.8545
869.53027	6663.4561
869.58112	6839.4854
869.63196	6775.9165
869.6828	6513.333
869.73364	6618.3071
869.78448	6867.0474
869.83533	7123.5498
869.88611	7176.5024
869.93695	6986.6372
869.98779	7126.791
870.03864	7172.896
870.08948	7161.832
870.14032	6916.0918
870.19116	6683.1646
870.24194	6771.5044
870.29279	6966.2729
870.34363	7007.0449
870.39447	6643.7588
870.44531	6394.9971
870.49615	6459.7896
870.547	6829.8887
870.59778	7178.833
870.64862	7246.3237
870.69946	7272.2764
870.75031	7139.8711
870.80115	6901.2427
870.85199	6435.1074
870.90283	5852.5747
870.95361	5627.7949
871.00446	5910.0015
871.0553	6479.936
871.10614	6801.6401
871.15698	6980.5454
871.20782	7012.2456
871.25867	6838.5562
871.30945	6721.2441
871.36029	6290.749
871.41113	5954.6357
871.46198	5925.0098
871.51282	6146.2495
871.56366	6249.8604
871.6145	6057.0303
871.66528	5909.1152
871.71613	5917.9092
871.76697	6382.0703
871.81781	6709.1426
871.86865	6854.9399
871.91949	6962.6914
871.97034	6817.2856
872.02112	6816.3345
872.07196	6404.6807
872.1228	5854.043
872.17365	5561.7783
872.22449	5734.6641
872.27533	6386.9585
872.32617	6864.5571
872.37695	7134.5205
872.4278	7078.3662
872.47864	7094.728
872.52948	7095.6006
872.58032	6656.5479
872.63116	6305.2554
872.68201	6169.0962
872.73279	6462.9673
872.78363	6809.9092
872.83447	6717.9072
872.88531	6560.5601
872.93616	6317.9609
872.987	6560.9976
873.03784	6763.3984
873.08868	6836.061
873.13947	6741.3208
873.19031	6590.8208
873.24115	6767.1221
873.29199	6718.7334
873.34283	6589.1035
873.39368	6309.3594
873.44452	6143.5708
873.4953	6367.9746
873.54614	6249.1792
873.59698	6215.2456
873.64783	5859.1094
873.69867	5752.0278
873.74951	6036.0278
873.80035	6273.3242
873.85114	6628.6528
873.90198	6562.8018
873.95282	6578.8081
874.00366	6404.2578
874.0545	5903.3325
874.10535	5349.3086
874.15619	4829.5723
874.20697	4881.2549
874.25781	5199.1646
874.30865	5777.2905
874.3595	6195.1221
874.41034	6191.0381
874.46118	6286.9209
874.51202	6020.7129
874.56281	5680.7305
874.61365	5202.7705
874.66449	4842.9956
874.71533	5014.5083
874.76617	5257.644
874.81702	5572.396
874.86786	5457.4448
874.91864	5335.3384
874.96948	5430.3354
875.02032	5565.9604
875.07117	5735.5913
875.12201	5611.3745
875.17285	5618.6724
875.22369	5626.9224
875.27448	5592.2842
875.32532	5407.7661
875.37616	4932.6885
875.427	4781.6802
875.47784	4903.9683
875.52869	5351.731
875.57953	5812.938
875.63031	5724.314
875.68115	5692.6743
875.73199	5534.3105
875.78284	5548.2051
875.83368	5481.835
875.88452	5145.7021
875.93536	5100.1045
875.98615	5089.582
876.03699	5361.0586
876.08783	5251.4814
876.13867	4895.6523
876.18951	4794.2642
876.24036	4742.5
876.2912	5099.4995
876.34198	5120.9258
876.39282	5120.2598
876.44366	5112.6333
876.49451	5047.272
876.54535	5106.5371
876.59619	4735.4912
876.64703	4531.0088
876.69781	4290.4219
876.74866	4261.5269
876.7995	4523.7026
876.85034	4386.5122
876.90118	4250.957
876.95203	4110.3906
877.00287	4255.145
877.05365	4441.522
877.10449	4462.8975
877.15533	4583.1538
877.20618	4389.5073
877.25702	4361.0732
877.30786	4157.3989
877.3587	3599.6738
877.40955	3406.2419
877.46033	3255.9009
877.51117	3569.8777
877.56201	3856.6924
877.61285	4258.7627
877.6637	4522.167
877.71454	4335.2163
877.76538	4272.7095
877.81616	3941.4246
877.867	3569.4233
877.91785	3314.5083
877.96869	3124.6272
878.01953	3443.6599
878.07037	3644.2117
878.12122	3880.4158
878.172	3763.9697
878.22284	3727.0696
878.27368	3948.8337
878.32452	3846.4011
878.37537	3847.0366
878.42621	3616.5271
878.47705	3688.2246
878.52783	3735.7014
878.57867	3623.6611
878.62952	3559.3777
878.68036	3335.0361
878.7312	3269.8818
878.78204	3516.0293
878.83289	3574.6587
878.88367	3696.5051
878.93451	3460.2686
878.98535	3484.8694
879.03619	3507.9858
879.08704	3509.655
879.13788	3472.8425
879.18872	3271.2009
879.2395	3372.5227
879.29034	3347.167
879.34119	3304.6641
879.39203	3155.1768
879.44287	2739.6309
879.49371	2833.1431
879.54456	2913.7397
879.59534	3095.9312
879.64618	3248.6038
879.69702	3124.8252
879.74786	3369.1658
879.79871	3044.5991
879.84955	2859.4265
879.90039	2595.511
879.95117	2389.0522
880.00201	2429.0647
880.05286	2443.4431
880.1037	2749.2065
880.15454	2542.1899
880.20538	2450.2954
880.25623	2491.6904
880.30701	2443.4824
880.35785	2625.6877
880.40869	2537.439
880.45953	2495.3503
880.51038	2490.4102
880.56122	2359.5774
880.61206	2313.8789
880.66284	1973.3562
880.71368	1904.9319
880.76453	1915.6211
880.81537	2082.3457
880.86621	2302.7385
880.91705	2349.6643
880.9679	2425.9067
881.01868	2359.7046
881.06952	2241.0425
881.12036	2191.3315
881.1712	1844.27
881.22205	1743.845
881.27289	1799.3621
881.32373	1965.9597
881.37457	2108.312
881.42535	2072.3826
881.4762	2070.6912
881.52704	1933.6722
881.57788	1975.7161
881.62872	2024.6202
881.67957	1851.9784
881.73041	1830.0493
881.78119	1775.0162
881.83203	1896.7223
881.88287	1872.8883
881.93372	1737.2881
881.98456	1675.8789
882.0354	1566.5988
882.08624	1771.8032
882.13702	1758.3107
882.18787	1676.8544
882.23871	1653.6669
882.28955	1586.9515
882.34039	1647.8601
882.39124	1647.4257
882.44208	1598.7054
882.49286	1548.6062
882.5437	1537.845
882.59454	1501.1594
882.64539	1429.9288
882.69623	1347.3312
882.74707	1230.7429
882.79791	1169.8575
882.84869	1299.7944
882.89954	1332.0966
882.95038	1445.9126
883.00122	1453.2069
883.05206	1411.0391
883.10291	1355.4906
883.15375	1193.0865
883.20453	1081.2053
883.25537	998.66766
883.30621	989.06567
883.35706	1083.2402
883.4079	1169.9854
883.45874	1172.6541
883.50958	1143.3104
883.56036	1117.8381
883.61121	1131.2999
883.66205	1080.202
883.71289	1026.693
883.76373	963.12946
883.81458	1009.2016
883.86542	1049.2316
883.9162	1024.1544
883.96704	974.10913
884.01788	890.73242
884.06873	874.91254
884.11957	957.68329
884.17041	1047.1382
884.22125	1079.4287
884.27203	1038.1821
884.32288	1033.3649
884.37372	1020.3
884.42456	969.75073
884.4754	879.05322
884.52625	796.14526
884.57709	836.54102
884.62787	884.89569
884.67871	955.15228
884.72955	1004.937
884.7804	934.99103
884.83124	933.3385
884.88208	930.25525
884.93292	917.39282
884.9837	903.13666
885.03455	853.73553
885.08539	839.77875
885.13623	852.28516
885.18707	851.75983
885.23792	812.64056
885.28876	781.6593
885.33954	777.4577
885.39038	793.23749
885.44122	843.03564
885.49207	836.2475
885.54291	792.90063
885.59375	776.26697
885.64459	770.35675
885.69543	787.85999
885.74622	770.97125
885.79706	746.94775
885.8479	748.75934
885.89874	755.97144
885.94958	737.8479
886.00043	652.77014
886.05127	595.06891
886.10205	598.57874
886.15289	644.84985
886.20374	703.59387
886.25458	719.84924
886.30542	739.50482
886.35626	751.45062
886.4071	709.68701
886.45789	664.37579
886.50873	566.35779
886.55957	542.79102
886.61041	512.29102
886.66125	531.38788
886.7121	602.61615
886.76294	633.88989
886.81372	668.47723
886.86456	671.7359
886.91541	698.19208
886.96625	709.0459
887.01709	617.43005
887.06793	571.84454
887.11877	533.09869
887.16956	573.1756
887.2204	584.56415
887.27124	579.74951
887.32208	580.51227
887.37292	533.20459
887.42377	591.05579
887.47461	631.58374
887.52539	634.85931
887.57623	637.98944
887.62708	590.86139
887.67792	601.22729
887.72876	616.66064
887.7796	598.9176
887.83044	573.0014
887.88123	521.06323
887.93207	579.90045
887.98291	618.26721
888.03375	646.81256
888.08459	617.06494
888.13544	567.38501
888.18628	586.94189
888.23706	608.38885
888.2879	602.25549
888.33875	614.21997
888.38959	559.45276
888.44043	569.01123
888.49127	616.21649
888.54211	603.802
888.5929	519.80194
888.64374	473.39865
888.69458	491.29483
888.74542	524.95459
888.79626	546.0285
888.84711	579.39874
888.89795	538.41107
888.94873	552.31445
888.99957	556.14398
889.05042	520.30951
889.10126	503.60309
889.1521	476.68616
889.20294	500.77811
889.25378	499.26242
889.30457	488.1665
889.35541	468.56873
889.40625	432.00449
889.45709	432.30722
889.50793	435.43259
889.55878	472.92139
889.60962	496.12421
889.66046	494.53891
889.71124	515.18964
889.76208	467.31641
889.81293	427.67099
889.86377	413.77615
889.91461	341.59573
889.96545	355.08188
890.0163	352.73645
890.06708	420.98795
890.11792	472.82733
890.16876	435.0141
890.2196	456.62778
890.27045	453.68832
890.32129	457.71741
890.37213	415.52884
890.42291	357.34879
890.47375	355.12338
890.5246	389.36847
890.57544	387.8396
890.62628	410.52829
890.67712	377.87402
890.72797	402.55283
890.77875	399.13962
890.82959	380.3045
890.88043	378.74347
890.93127	377.83609
890.98212	390.54788
891.03296	378.88275
891.0838	374.84384
891.13458	387.84027
891.18542	335.75235
891.23627	338.16589
891.28711	364.89459
891.33795	376.30557
891.38879	365.6041
891.43964	349.82364
891.49042	328.31403
891.54126	338.01007
891.5921	347.57437
891.64294	355.66928
891.69379	352.68344
891.74463	334.55804
891.79547	319.45853
891.84625	332.78445
891.89709	313.57843
891.94794	247.87837
891.99878	232.66376
892.04962	246.64333
892.10046	281.57379
892.15131	297.99033
892.20209	298.14282
892.25293	306.60428
892.30377	293.47397
892.35461	277.28989
892.40546	267.51718
892.4563	257.07431
892.50714	257.57938
892.55792	245.58841
892.60876	243.4281
892.65961	249.47702
892.71045	242.85982
892.76129	227.27747
892.81213	228.78174
892.86298	241.02072
892.91376	244.04135
892.9646	257.85919
893.01544	271.78732
893.06628	263.04187
893.11713	251.70277
893.16797	231.43477
893.21881	216.33028
893.26959	205.4969
893.32043	193.44209
893.37128	209.00331
893.42212	217.51904
893.47296	228.81377
893.5238	237.2417
893.57465	245.37686
893.62543	249.4091
893.67627	242.07101
893.72711	225.28619
893.77795	209.50226
893.8288	198.5182
893.87964	207.05927
893.93048	196.60661
893.98132	218.36841
894.0321	219.53438
894.08295	204.33252
894.13379	201.88759
894.18463	215.82198
894.23547	212.39429
894.28632	206.95291
894.33716	193.89525
894.38794	208.52895
894.43878	208.16144
894.48962	207.1624
894.54047	194.01152
894.59131	172.97897
894.64215	182.80832
894.69299	176.98827
894.74377	182.61011
894.79462	179.7206
894.84546	161.26469
894.8963	171.09995
894.94714	175.62778
894.99799	182.31534
895.04883	190.82028
895.09961	176.49451
895.15045	179.82199
895.20129	179.84354
895.25214	176.34641
895.30298	168.04544
895.35382	135.02763
895.40466	136.05684
895.45544	132.55522
895.50629	145.2562
895.55713	174.80861
895.60797	166.2061
895.65881	166.37793
895.70966	174.13986
895.7605	157.70024
895.81128	157.51308
895.86212	143.80774
895.91296	127.43874
895.96381	124.95041
896.01465	130.12517
896.06549	144.85962
896.11633	136.51909
896.16711	138.12004
896.21796	146.01544
896.2688	143.46199
896.31964	149.03896
896.37048	137.3335
896.42133	133.59262
896.47217	147.12251
896.52295	136.69377
896.57379	153.99469
896.62463	126.81802
896.67548	121.9091
896.72632	125.10568
896.77716	135.00421
896.828	142.44281
896.87878	150.40108
896.92963	157.82831
896.98047	142.2487
897.03131	130.58813
897.08215	135.11185
897.133	131.24219
897.18384	125.69473
897.23462	127.16642
897.28546	126.94868
897.3363	140.90504
897.38715	136.29338
897.43799	122.57082
897.48883	127.81857
897.53967	131.45314
897.59045	138.42088
897.6413	140.42644
897.69214	138.85869
897.74298	135.60966
897.79382	134.54631
897.84467	137.99399
897.89551	125.28416
897.94635	116.12124
897.99713	113.71166
898.04797	114.64171
898.09882	120.99268
898.14966	122.99349
898.2005	114.41758
898.25134	107.84321
898.30219	107.54794
898.35297	115.07005
898.40381	120.5776
898.45465	119.07438
898.50549	116.87772
898.55634	114.4741
898.60718	116.13898
898.65802	112.12397
898.7088	104.48667
898.75964	100.41808
898.81049	91.718498
898.86133	93.304138
898.91217	99.448982
898.96301	109.41095
899.01385	119.55323
899.06464	119.39834
899.11548	120.91264
899.16632	122.89919
899.21716	118.29986
899.26801	97.422722
899.31885	86.796974
899.36969	89.544159
899.42047	96.253967
899.47131	104.64623
899.52216	108.13208
899.573	111.29478
899.62384	103.55992
899.67468	106.14325
899.72552	107.98306
899.77631	107.60747
899.82715	103.32622
899.87799	109.86208
899.92883	104.69714
899.97968	99.374634
900.03052	103.6757
900.08136	98.966103
900.13214	98.159439
900.18298	103.37749
900.23383	101.82785
900.28467	103.41983
900.33551	102.01129
900.38635	107.96617
900.43719	105.72749
900.48798	108.42694
900.53882	106.46555
900.58966	106.87478
900.6405	109.86599
900.69135	95.779434
900.74219	101.8641
900.79303	105.83252
900.84381	101.2901
900.89465	93.460945
900.9455	96.087387
900.99634	102.35109
901.04718	107.51208
901.09802	98.895424
901.14886	104.46307
901.19965	103.00266
901.25049	91.494026
901.30133	97.839081
901.35217	86.091156
901.40302	84.139465
901.45386	89.281403
901.5047	85.481987
901.55548	90.998451
901.60632	90.690758
901.65717	87.267258
901.70801	92.151352
901.75885	91.184799
901.80969	96.35453
901.86053	86.432671
901.91132	80.079483
901.96216	82.858231
902.013	82.186729
902.06384	87.950554
902.11469	86.841728
902.16553	83.5205
902.21637	75.575356
902.26721	72.192024
902.31799	80.352821
902.36884	79.280182
902.41968	84.563461
902.47052	88.516266
902.52136	88.841591
902.5722	82.202629
902.62305	82.090271
902.67383	78.261223
902.72467	70.332947
902.77551	70.270081
902.82635	72.179825
902.8772	79.918129
902.92804	75.567009
902.97888	84.794502
903.02966	72.85305
903.08051	84.593277
903.13135	76.488998
903.18219	81.022148
903.23303	73.544601
903.28387	72.743416
903.33472	80.329071
903.3855	69.005661
903.43634	68.780762
903.48718	73.713333
903.53802	65.836609
903.58887	64.24202
903.63971	73.773933
903.69055	74.968689
903.74133	72.508629
903.79218	74.50515
903.84302	80.714813
903.89386	73.286018
903.9447	67.441345
903.99554	69.584068
904.04639	73.791443
904.09717	67.56456
904.14801	65.076797
904.19885	72.59964
904.24969	67.01506
904.30054	67.427689
904.35138	64.934471
904.40222	60.666691
904.453	60.585918
904.50385	62.065933
904.55469	65.340675
904.60553	66.54113
904.65637	67.905441
904.70721	69.791702
904.75806	65.164894
904.80884	66.184914
904.85968	60.852367
904.91052	60.266327
904.96136	62.602386
905.01221	61.446339
905.06305	63.511059
905.11389	65.192444
905.16467	62.76133
905.21552	60.121685
905.26636	64.139763
905.3172	62.704842
905.36804	56.174759
905.41888	59.828972
905.46973	59.430496
905.52051	56.693542
905.57135	56.443985
905.62219	58.956806
905.67303	53.745533
905.72388	52.224541
905.77472	51.157265
905.82556	56.216373
905.87634	55.705608
905.92719	59.018562
905.97803	63.285164
906.02887	58.540066
906.07971	58.699066
906.13055	57.852631
906.1814	55.958759
906.23218	53.052536
906.28302	58.110126
906.33386	58.673016
906.3847	55.809422
906.43555	58.128754
906.48639	57.651291
906.53723	56.765038
906.58807	57.135857
906.63885	58.332275
906.6897	58.05582
906.74054	57.754623
906.79138	57.616146
906.84222	58.283298
906.89307	57.516018
906.94391	59.354202
906.99469	55.7971
907.04553	57.067196
907.09637	58.763546
907.14722	59.433102
907.19806	58.136631
907.2489	56.004246
907.29974	56.615795
907.35052	55.825916
907.40137	53.33876
907.45221	56.421055
907.50305	56.631496
907.55389	53.409733
907.60474	52.189957
907.65558	52.785122
907.70636	50.706078
907.7572	50.269703
907.80804	53.372478
907.85889	54.051846
907.90973	51.134598
907.96057	51.337502
908.01141	53.593967
908.06219	57.708923
908.11304	54.125751
908.16388	53.853886
908.21472	57.636513
908.26556	57.235394
908.31641	53.058727
908.36725	48.188175
908.41803	49.171444
908.46887	47.621532
908.51971	47.143761
908.57056	59.23003
908.6214	56.850357
908.67224	52.437508
908.72308	52.333332
908.77386	50.169952
908.82471	48.134266
908.87555	54.734207
908.92639	47.513641
908.97723	51.435608
909.02808	52.329563
909.07892	53.524021
909.1297	53.754993
909.18054	53.300182
909.23138	52.674854
909.28223	50.373085
909.33307	54.331581
909.38391	51.571892
909.43475	54.676659
909.48553	52.443321
909.53638	51.043568
909.58722	49.053761
909.63806	43.812412
909.6889	53.923645
909.73975	46.362534
909.79059	49.587616
909.84137	46.72364
909.89221	51.011349
909.94305	55.683792
909.9939	48.393173
910.04474	51.490993
910.09558	47.638462
910.14642	50.806301
910.1972	55.919762
910.24805	52.367813
910.29889	51.469677
910.34973	50.726162
910.40057	54.540478
910.45142	50.770134
910.50226	48.358238
910.5531	48.427368
910.60388	51.919586
910.65472	55.921024
910.70557	48.02195
910.75641	56.814899
910.80725	52.691475
910.85809	52.053253
910.90894	50.53191
910.95972	48.870205
911.01056	52.618198
911.0614	50.707039
911.11224	49.673294
911.16309	47.889545
911.21393	47.833183
911.26477	49.776241
911.31555	46.479572
911.36639	47.898945
911.41724	47.600681
911.46808	46.529434
911.51892	46.652855
911.56976	48.903477
911.62061	53.578224
911.67139	51.401062
911.72223	50.769073
911.77307	52.500488
911.82391	52.247841
911.87476	50.043018
911.9256	49.242851
911.97644	45.073032
912.02722	49.889923
912.07806	50.612358
912.12891	53.262997
912.17975	53.389042
912.23059	52.000328
912.28143	52.220699
912.33228	46.859715
912.38306	45.209984
912.4339	48.16169
912.48474	46.957451
912.53558	48.378914
912.58643	47.376873
912.63727	49.418026
912.68811	50.072002
912.73889	48.75293
912.78973	50.751221
912.84058	50.431881
912.89142	51.684669
912.94226	49.924427
912.9931	49.454105
913.04395	52.637993
913.09473	53.054081
913.14557	46.35487
913.19641	44.572926
913.24725	48.55798
913.2981	50.963768
913.34894	51.83403
913.39978	46.445496
913.45056	45.930416
913.5014	48.150066
913.55225	48.883495
913.60309	47.508854
913.65393	51.389694
913.70477	53.674049
913.75562	51.734997
913.8064	48.875999
913.85724	51.38319
913.90808	52.590767
913.95892	48.921764
914.00977	49.415207
914.06061	49.042427
914.11145	49.269001
914.16223	50.078983
914.21307	48.561592
914.26392	49.886997
914.31476	44.479588
914.3656	43.690849
914.41644	48.731441
914.46729	48.713291
914.51807	47.632095
914.56891	47.501617
914.61975	47.403908
914.67059	45.840309
914.72144	43.590523
914.77228	47.746052
914.82312	47.045135
914.87396	49.554863
914.92474	48.206154
914.97559	45.167515
915.02643	47.071697
915.07727	46.316246
915.12811	45.873047
915.17896	44.241611
915.2298	47.820911
915.28058	45.628017
915.33142	47.865665
915.38226	49.535507
915.43311	47.588608
915.48395	48.9496
915.53479	50.154617
915.58563	47.034397
915.63641	50.789528
915.68726	49.781467
915.7381	52.332737
915.78894	49.807114
915.83978	43.337521
915.89063	47.650154
915.94147	44.031818
915.99225	41.483501
916.04309	45.76873
916.09393	45.938087
916.14478	50.582207
916.19562	47.234474
916.24646	48.319653
916.2973	48.310272
916.34808	48.572559
916.39893	47.898232
916.44977	46.629181
916.50061	48.007915
916.55145	45.460598
916.60229	43.246021
916.65314	45.975208
916.70392	47.86953
916.75476	49.381256
916.8056	46.949352
916.85645	47.195717
916.90729	44.827892
916.95813	44.507687
917.00897	48.901409
917.05975	46.661182
917.1106	44.984558
917.16144	46.199501
917.21228	47.251461
917.26312	47.27887
917.31396	48.012959
917.36481	46.106098
917.41559	45.660343
917.46643	45.407719
917.51727	46.134598
917.56812	44.308685
917.61896	44.617699
917.6698	44.924374
917.72064	45.541771
917.77142	46.333885
917.82227	47.759468
917.87311	45.121746
917.92395	43.172859
917.97479	44.130272
918.02563	43.099689
918.07648	45.157852
918.12726	42.670673
918.1781	41.883728
918.22894	47.74287
918.27979	48.195797
918.33063	47.028927
918.38147	46.539749
918.43231	42.011116
918.48309	41.566212
918.53394	44.002586
918.58478	46.620583
918.63562	44.08881
918.68646	42.67268
918.7373	44.673996
918.78815	42.558823
918.83899	40.65995
918.88977	46.449085
918.94061	43.439415
918.99146	40.017296
919.0423	41.800095
919.09314	41.515968
919.14398	46.870632
919.19482	46.452892
919.24561	45.728527
919.29645	46.252361
919.34729	46.051701
919.39813	45.58408
919.44897	43.894382
919.49982	43.486115
919.55066	45.987995
919.60144	44.058159
919.65228	42.272404
919.70313	42.358521
919.75397	42.083107
919.80481	43.456711
919.85565	44.840565
919.90649	43.355679
919.95728	44.421867
920.00812	47.004784
920.05896	43.825115
920.1098	43.998215
920.16064	45.169174
920.21149	40.062996
920.26233	42.90839
920.31311	44.005486
920.36395	45.281326
920.41479	46.646828
920.46564	43.79245
920.51648	46.708229
920.56732	43.513248
920.61816	44.489765
920.66895	42.560638
920.71979	40.253128
920.77063	46.012474
920.82147	47.315716
920.87231	47.019203
920.92316	44.451324
920.974	40.925354
921.02478	42.745247
921.07562	47.437717
921.12646	41.766827
921.17731	44.611824
921.22815	42.653267
921.27899	44.593254
921.32983	44.113327
921.38062	41.21077
921.43146	43.257423
921.4823	44.63942
921.53314	45.007401
921.58398	42.990181
921.63483	42.377834
921.68567	46.5117
921.73645	40.116096
921.78729	44.036728
921.83813	44.364178
921.88898	44.155243
921.93982	42.794308
921.99066	44.358635
922.0415	42.127567
922.09229	40.247341
922.14313	46.399246
922.19397	43.555809
922.24481	41.813812
922.29565	42.814747
922.3465	41.412979
922.39734	42.121452
922.44812	38.610878
922.49896	38.360455
922.5498	42.173691
922.60065	42.804882
922.65149	42.988167
922.70233	41.518848
922.75317	43.007313
922.80396	43.126808
922.8548	42.21357
922.90564	41.27713
922.95648	43.457542
923.00732	42.176678
923.05817	41.670582
923.10901	42.880054
923.15985	44.324242
923.21063	44.161186
923.26147	45.669575
923.31232	45.129711
923.36316	42.575546
923.414	41.227859
923.46484	41.901958
923.51569	40.546967
923.56647	43.780895
923.61731	44.175388
923.66815	44.454346
923.71899	42.467575
923.76984	42.912632
923.82068	44.523552
923.87152	43.866058
923.9223	42.861488
923.97314	42.872047
924.02399	43.682411
924.07483	41.327877
924.12567	42.559986
924.17651	42.464241
924.22736	39.781879
924.27814	40.333107
924.32898	42.633972
924.37982	45.63752
924.43066	43.887135
924.48151	43.516277
924.53235	43.245388
924.58319	42.277184
924.63397	43.411606
924.68481	43.052586
924.73566	39.65583
924.7865	38.96151
924.83734	40.696579
924.88818	39.282837
924.93903	40.318119
924.98981	45.053249
925.04065	42.148552
925.09149	39.488575
925.14233	42.642239
925.19318	42.544212
925.24402	42.530617
925.29486	40.284454
925.34564	40.56752
925.39648	41.143738
925.44733	39.862576
925.49817	40.774048
925.54901	41.671356
925.59985	42.805901
925.6507	41.967506
925.70148	41.600136
925.75232	45.187904
925.80316	44.685513
925.854	43.724522
925.90485	42.737301
925.95569	41.275467
926.00653	41.67802
926.05731	43.136196
926.10815	41.259689
926.159	42.93375
926.20984	44.31736
926.26068	42.287571
926.31152	42.073185
926.36237	44.764954
926.41315	43.634678
926.46399	42.45179
926.51483	40.916691
926.56567	40.614307
926.61652	40.308353
926.66736	42.302242
926.7182	42.630444
926.76898	43.074005
926.81982	42.871838
926.87067	42.589985
926.92151	42.632931
926.97235	42.060665
927.02319	41.392498
927.07404	44.76125
927.12488	40.966759
927.17566	41.420315
927.2265	42.824455
927.27734	44.7882
927.32819	43.348675
927.37903	41.41256
927.42987	41.55899
927.48071	43.369308
927.53149	41.189758
927.58234	42.662655
927.63318	42.065014
927.68402	43.521042
927.73486	42.642887
927.78571	40.536594
927.83655	44.958744
927.88733	41.548702
927.93817	43.657654
927.98901	41.658531
928.03986	42.561676
928.0907	39.646084
928.14154	37.43425
928.19238	40.212193
928.24316	40.553505
928.29401	43.455406
928.34485	43.314331
928.39569	42.201962
928.44653	41.972919
928.49738	43.041428
928.54822	43.24794
928.599	41.87891
928.64984	39.064732
928.70068	38.97781
928.75153	39.249653
928.80237	43.710117
928.85321	42.395428
928.90405	43.698765
928.95483	42.06601
929.00568	42.756878
929.05652	41.427719
929.10736	41.053093
929.1582	41.622364
929.20905	41.222824
929.25989	42.755028
929.31067	43.864433
929.36151	43.045582
929.41235	43.602528
929.4632	39.680851
929.51404	41.419567
929.56488	40.777187
929.61572	40.519653
929.6665	39.917217
929.71735	40.691605
929.76819	42.435593
929.81903	42.145657
929.86987	42.459991
929.92072	40.448982
929.97156	41.06905
930.02234	43.538406
930.07318	42.171013
930.12402	40.393261
930.17487	42.400467
930.22571	40.885666
930.27655	41.85717
930.32739	42.264362
930.37817	41.549088
930.42902	43.139641
930.47986	40.779133
930.5307	41.841305
930.58154	39.899788
930.63239	37.162651
930.68323	39.23613
930.73401	39.674057
930.78485	38.724888
930.83569	41.632465
930.88654	41.319069
930.93738	41.352108
930.98822	42.412125
931.03906	41.764717
931.08984	38.817677
931.14069	40.73745
931.19153	39.049545
931.24237	41.510094
931.29321	40.464638
931.34406	41.785069
931.3949	40.982647
931.44574	40.693054
931.49652	41.801105
931.54736	42.088741
931.59821	42.716202
931.64905	40.8447
931.69989	41.25013
931.75073	42.111835
931.80157	41.42421
931.85236	38.434559
931.9032	42.68557
931.95404	40.313305
932.00488	39.265408
932.05573	40.156734
932.10657	39.281921
932.15741	41.184044
932.20819	41.398125
932.25903	39.887333
932.30988	38.343197
932.36072	44.690575
932.41156	39.882061
932.4624	38.549809
932.51324	39.869747
932.56403	42.437603
932.61487	41.41354
932.66571	40.620277
932.71655	40.912148
932.7674	40.078568
932.81824	40.807568
932.86908	41.550407
932.91986	43.286396
932.9707	41.541012
933.02155	39.300556
933.07239	39.321434
933.12323	42.650509
933.17407	40.767166
933.22491	42.57806
933.2757	41.160461
933.32654	39.708321
933.37738	41.540405
933.42822	40.658058
933.47906	41.962761
933.52991	43.234543
933.58075	41.446865
933.63153	39.172737
933.68237	40.721733
933.73322	40.196953
933.78406	42.194527
933.8349	43.626984
933.88574	43.834335
933.93658	41.491032
933.98737	41.232464
934.03821	42.034939
934.08905	40.87693
934.13989	38.836002
934.19073	38.778885
934.24158	41.902073
934.29242	42.361141
934.3432	39.15657
934.39404	37.59581
934.44489	40.294937
934.49573	40.843674
934.54657	38.973419
934.59741	39.03001
934.64825	44.431458
934.69904	41.504036
934.74988	40.337002
934.80072	39.566978
934.85156	39.470467
934.9024	39.86861
934.95325	42.319763
935.00409	40.901276
935.05487	39.813705
935.10571	40.297882
935.15656	41.869175
935.2074	40.682819
935.25824	40.941353
935.30908	41.471882
935.35992	41.703407
935.41071	39.983074
935.46155	42.839596
935.51239	43.061333
935.56323	40.82605
935.61407	42.296368
935.66492	43.280014
935.71576	40.113804
935.7666	41.09716
935.81738	43.977287
935.86823	41.611038
935.91907	43.303375
935.96991	41.918854
936.02075	41.890232
936.07159	39.668846
936.12244	40.929207
936.17322	42.873646
936.22406	43.367722
936.2749	34.173271
936.32574	44.444881
936.37659	42.85413
936.42743	41.332237
936.47827	41.061741
936.52905	40.254185
936.5799	39.181564
936.63074	38.983616
936.68158	43.347763
936.73242	43.829399
936.78326	42.346859
936.83411	37.068371
936.88489	40.304607
936.93573	39.311813
936.98657	42.8339
937.03741	41.898037
937.08826	39.785248
937.1391	40.200783
937.18994	40.735054
937.24072	40.46225
937.29156	40.908417
937.34241	46.115139
937.39325	42.53738
937.44409	42.832661
937.49493	40.365028
937.54578	42.448822
937.59656	43.055336
937.6474	42.617001
937.69824	40.130993
937.74908	35.215954
937.79993	38.383389
937.85077	41.29105
937.90161	38.532322
937.95239	40.010567
938.00323	40.207542
938.05408	41.333466
938.10492	40.277374
938.15576	40.191769
938.2066	40.297543
938.25745	39.656837
938.30823	42.197979
938.35907	41.21936
938.40991	38.959488
938.46075	40.461643
938.5116	40.846527
938.56244	39.460052
938.61328	39.488213
938.66406	39.943111
938.7149	39.995911
938.76575	40.217537
938.81659	38.455566
938.86743	39.117146
938.91827	41.165409
938.96912	41.252392
939.0199	41.249523
939.07074	40.367176
939.12158	42.054977
939.17242	41.335037
939.22327	40.053391
939.27411	40.227882
939.32495	42.820004
939.37573	38.997116
939.42657	38.148079
939.47742	40.520409
939.52826	39.76524
939.5791	40.617016
939.62994	40.747631
939.68079	42.549736
939.73163	45.388863
939.78241	39.866158
939.83325	39.622738
939.88409	42.367859
939.93494	37.973557
939.98578	40.813755
940.03662	41.978085
940.08746	40.97818
940.13824	42.566761
940.18909	42.198051
940.23993	38.047749
940.29077	41.313293
940.34161	42.940815
940.39246	40.285435
940.4433	41.513977
940.49408	43.317978
940.54492	42.513466
940.59576	41.574757
940.64661	38.883034
940.69745	41.617229
940.74829	38.677559
940.79913	37.243401
940.84991	37.972347
940.90076	38.933731
940.9516	39.688892
941.00244	38.783627
941.05328	44.211651
941.10413	42.537495
941.15497	41.770012
941.20575	44.918026
941.25659	42.537437
941.30743	43.397301
941.35828	38.36644
941.40912	40.371239
941.45996	39.371078
941.5108	36.447536
941.56158	39.519379
941.61243	38.133255
941.66327	41.34153
941.71411	40.911381
941.76495	40.153687
941.8158	36.696682
941.86664	36.768154
941.91742	39.730103
941.96826	41.283321
942.0191	39.674652
942.06995	40.645275
942.12079	41.500458
942.17163	43.113205
942.22247	39.807037
942.27325	37.152168
942.3241	38.733742
942.37494	39.297375
942.42578	39.837326
942.47662	39.71048
942.52747	41.378006
942.57831	41.826878
942.62909	41.680664
942.67993	41.111305
942.73077	38.93145
942.78162	37.274097
942.83246	39.858967
942.8833	40.630974
942.93414	38.08358
942.98492	38.096214
943.03577	40.012794
943.08661	42.258514
943.13745	40.697388
943.18829	39.680664
943.23914	44.733261
943.28998	40.056324
943.34076	41.427479
943.3916	42.924412
943.44244	45.332603
943.49329	39.412979
943.54413	39.547798
943.59497	39.180969
943.64581	40.666538
943.69659	43.271881
943.74744	44.542408
943.79828	37.68132
943.84912	34.013653
943.89996	41.809845
943.95081	39.010742
944.00165	43.636787
944.05249	44.643879
944.10327	37.305729
944.15411	38.637695
944.20496	42.635349
944.2558	43.993252
944.30664	41.612072
944.35748	37.774822
944.40833	40.649609
944.45911	39.921021
944.50995	38.977066
944.56079	42.150631
944.61163	36.918575
944.66248	39.079514
944.71332	39.722515
944.76416	40.098896
944.81494	40.412548
944.86578	39.639584
944.91663	42.304649
944.96747	39.53178
945.01831	36.298897
945.06915	40.307838
945.12	38.902714
945.17078	41.159832
945.22162	40.592331
945.27246	43.19664
945.3233	42.771275
945.37415	40.680664
945.42499	40.786945
945.47583	39.84798
945.52661	39.487171
945.57745	41.672741
945.6283	39.609005
945.67914	39.681061
945.72998	41.653561
945.78082	42.427094
945.83167	39.434834
945.88245	38.534283
945.93329	40.833378
945.98413	43.308029
946.03497	41.621967
946.08582	38.725086
946.13666	38.069569
946.1875	38.510513
946.23828	40.951588
946.28912	39.356808
946.33997	40.850609
946.39081	40.362358
946.44165	39.931984
946.49249	39.604446
946.54333	40.100147
946.59412	41.564152
946.64496	41.781483
946.6958	40.981289
946.74664	42.108624
946.79749	39.03513
946.84833	41.403572
946.89917	41.404819
946.94995	37.655483
947.00079	39.299042
947.05164	40.547283
947.10248	34.132504
947.15332	36.849533
947.20416	35.982166
947.255	38.271675
947.30579	38.961353
947.35663	38.714367
947.40747	45.042412
947.45831	41.983925
947.50916	41.980732
947.56	38.833447
947.61084	34.803101
947.66162	39.919498
947.71246	39.000877
947.76331	35.855824
947.81415	47.569981
947.86499	43.712173
947.91583	37.943916
947.96667	41.900684
948.01752	40.680664
948.0683	40.92704
948.11914	41.86581
948.16998	34.957512
948.22083	43.103077
948.27167	43.06633
948.32251	40.729534
948.37335	42.353947
948.42413	36.175457
948.47498	38.228809
948.52582	38.677708
948.57666	37.420906
948.6275	37.781601
948.67834	40.482788
948.72919	39.38763
948.77997	38.5406
948.83081	41.13686
948.88165	41.419132
948.9325	37.902462
948.98334	40.644634
949.03418	40.483559
949.08502	39.642052
949.1358	40.14003
949.18665	38.85775
949.23749	41.132534
949.28833	41.141537
949.33917	36.367268
949.39001	36.872124
949.44086	39.522835
949.49164	39.288921
949.54248	39.235668
949.59332	41.003799
949.64417	40.828091
949.69501	39.807941
949.74585	41.728378
949.79669	45.330421
949.84747	42.137138
949.89832	37.687012
949.94916	38.720741
950	38.984314
