700	86.117126
700.05084	91.610077
700.10168	87.134575
700.15253	85.288689
700.20331	79.338882
700.25415	84.103371
700.30499	98.341881
700.35583	80.254257
700.40668	79.298485
700.45752	79.999374
700.50836	84.210655
700.55914	86.217651
700.60999	95.498589
700.66083	90.417694
700.71167	81.779358
700.76251	88.172073
700.81335	83.722313
700.8642	78.071381
700.91498	79.581734
700.96582	86.869415
701.01666	89.678032
701.0675	87.614586
701.11835	92.447693
701.16919	80.295769
701.22003	85.677856
701.27081	87.026222
701.32166	82.52977
701.3725	79.811668
701.42334	81.123383
701.47418	87.279785
701.52502	85.498451
701.57587	89.441612
701.62665	93.112175
701.67749	85.891296
701.72833	82.726486
701.77917	84
701.83002	91.583878
701.88086	91.328148
701.9317	88.188766
701.98248	90.158936
702.03333	88.676857
702.08417	89.828911
702.13501	92.881706
702.18585	91.027672
702.23669	88.223167
702.28754	87.76725
702.33838	87.171204
702.38916	91.745476
702.44	91.627251
702.49084	93.581612
702.54169	92.508446
702.59253	85.453178
702.64337	88.452522
702.69421	89.642189
702.745	97.938835
702.79584	97.373566
702.84668	89.056938
702.89752	90.666893
702.94836	86.390022
702.99921	92.887482
703.05005	92.005234
703.10083	90.907318
703.15167	93.892555
703.20251	82.900887
703.25336	89.22361
703.3042	91.654152
703.35504	86.37886
703.40588	95.086861
703.45667	87.352196
703.50751	95.215759
703.55835	96.262604
703.60919	86.425575
703.66003	90.708672
703.71088	92.851868
703.76172	98.715767
703.8125	99.287109
703.86334	93.152534
703.91418	87.74221
703.96503	89.531158
704.01587	86.929405
704.06671	85.244408
704.11755	90.55909
704.16833	88.889992
704.21918	92.569038
704.27002	91.020432
704.32086	88.02269
704.3717	92.780869
704.42255	89.636559
704.47339	89.324989
704.52417	96.061813
704.57501	93.826843
704.62585	85.958672
704.6767	91.59594
704.72754	90.426872
704.77838	91.232124
704.82922	93.467361
704.88	90.641014
704.93085	92.864853
704.98169	91.498749
705.03253	85.142189
705.08337	87.011047
705.13422	92.55584
705.18506	96.257004
705.23584	99.870041
705.28668	95.968575
705.33752	90.72802
705.38837	92.127197
705.43921	93.250832
705.49005	98.539467
705.54089	95.714569
705.59167	89.931389
705.64252	91.810585
705.69336	94.159492
705.7442	95.904739
705.79504	93.588295
705.84589	93.838165
705.89673	88.771385
705.94751	85.538109
705.99835	80.77243
706.04919	86.480316
706.10004	96.716324
706.15088	89.752098
706.20172	88.803078
706.25256	92.173981
706.30341	91.452133
706.35419	93.023155
706.40503	93.527992
706.45587	96.803658
706.50671	93.386742
706.55756	104.85155
706.6084	96.005547
706.65924	103.1779
706.71002	99.131638
706.76086	97.09288
706.81171	92.316399
706.86255	84.897102
706.91339	98.510094
706.96423	103.55779
707.01508	95.262878
707.06586	99.394211
707.1167	96.680573
707.16754	84.445374
707.21838	95.763153
707.26923	108.52637
707.32007	106.55463
707.37091	103.76231
707.42169	99.553795
707.47253	96.615395
707.52338	97.635735
707.57422	101.08496
707.62506	99.552193
707.6759	103.43929
707.72675	98.172836
707.77753	91.000107
707.82837	102.1456
707.87921	105.93828
707.93005	104.29657
707.9809	101.72311
708.03174	99.844971
708.08258	95.252289
708.13336	91.677528
708.1842	94.840424
708.23505	95.165291
708.28589	96.354378
708.33673	101.39039
708.38757	100.8899
708.43842	96.559128
708.4892	96.784683
708.54004	95.365761
708.59088	90.696762
708.64172	94.629753
708.69257	95.519829
708.74341	98.52861
708.79425	99
708.84503	99.30732
708.89587	99.70842
708.94672	103.41875
708.99756	110.63303
709.0484	97.725487
709.09924	95.080688
709.15009	94.355026
709.20087	103.59578
709.25171	106.36762
709.30255	108.72055
709.35339	109.95824
709.40424	97.312439
709.45508	100.09949
709.50592	105.89368
709.5567	104.57307
709.60754	101.23988
709.65839	112.11273
709.70923	98.764603
709.76007	108.77757
709.81091	101.20461
709.86176	95.010834
709.91254	94.017181
709.96338	103.67088
710.01422	92.843712
710.06506	103.52874
710.11591	113.23335
710.16675	116.71922
710.21759	110.12949
710.26837	88.885582
710.31921	93.13105
710.37006	95.131874
710.4209	107.73732
710.47174	114.12567
710.52258	109.63174
710.57343	103.58192
710.62427	106.12943
710.67505	93.505554
710.72589	104.7137
710.77673	102.12315
710.82758	101.32693
710.87842	109.21691
710.92926	108.0269
710.9801	104.01202
711.03088	106.88395
711.08173	105.8383
711.13257	104
711.18341	111.39706
711.23425	107.48578
711.2851	102.26637
711.33594	109.12118
711.38672	100.46556
711.43756	99.160622
711.4884	103.5355
711.53925	96.660103
711.59009	95.249802
711.64093	99.084114
711.69177	101.83604
711.74255	104.64875
711.7934	101.41698
711.84424	94.249832
711.89508	103.02183
711.94592	109.17905
711.99677	115.24744
712.04761	118.32752
712.09839	104.94461
712.14923	103.22219
712.20007	98.826591
712.25092	113.14017
712.30176	108.01106
712.3526	101.61133
712.40344	108.70433
712.45422	115.8328
712.50507	112.73981
712.55591	106.4095
712.60675	104.54679
712.65759	105.99382
712.70844	101.34981
712.75928	104.11137
712.81006	109.25185
712.8609	109.32471
712.91174	112
712.96259	111.60496
713.01343	106.82814
713.06427	104.07798
713.11511	99.96579
713.16589	99.241364
713.21674	111.25159
713.26758	104.35219
713.31842	96.199402
713.36926	101.7614
713.4201	121.85796
713.47095	118.61207
713.52173	113.44157
713.57257	102.17706
713.62341	111.64812
713.67426	109.5089
713.7251	101.27615
713.77594	107.83495
713.82678	107.62897
713.87756	120.89977
713.92841	115.43042
713.97925	114.63235
714.03009	110.59653
714.08093	102.26395
714.13177	108.15823
714.18262	109.02749
714.2334	105.94498
714.28424	118.46148
714.33508	114.71974
714.38593	118.12086
714.43677	113.4948
714.48761	106.44129
714.53845	113.75153
714.58929	113.50513
714.64008	113.74694
714.69092	111.46896
714.74176	113.10152
714.7926	104.29787
714.84344	100.99835
714.89429	108.19916
714.94513	111.32609
714.99591	108.83053
715.04675	109.57379
715.0976	115.75315
715.14844	115.70534
715.19928	112.05918
715.25012	113.36931
715.30096	118.65132
715.35175	115.10398
715.40259	115.4595
715.45343	117.90073
715.50427	112.93431
715.55511	112.68372
715.60596	119.64452
715.6568	109.92896
715.70758	109.62396
715.75842	116.15768
715.80927	108.60426
715.86011	115.57691
715.91095	115.55515
715.96179	107.09961
716.01263	100.96692
716.06342	116.05603
716.11426	115.87409
716.1651	112.6703
716.21594	107.4175
716.26678	115.38565
716.31763	114.66434
716.36847	105.69594
716.41925	109.98399
716.47009	117.29179
716.52094	95.473106
716.57178	103.11469
716.62262	122.25835
716.67346	104.68862
716.7243	120.22536
716.77509	115.01605
716.82593	117.95112
716.87677	116.33994
716.92761	114.10128
716.97845	112.1176
717.0293	110.41277
717.08014	129.4632
717.13092	121.1436
717.18176	117.34451
717.2326	108.28242
717.28345	126.10768
717.33429	113.85695
717.38513	115.97633
717.43597	114.55264
717.48676	113.42866
717.5376	116.43829
717.58844	127.89376
717.63928	129.69853
717.69012	116.38382
717.74097	112.00001
717.79181	119.18424
717.84259	123.40837
717.89343	110.19125
717.94427	115.70401
717.99512	113.1426
718.04596	109.64905
718.0968	107.63991
718.14764	112.32378
718.19843	117.99745
718.24927	122.08778
718.30011	122.42605
718.35095	124.11848
718.40179	113.57103
718.45264	110.14536
718.50348	119.67815
718.55426	119.4196
718.6051	113.1545
718.65594	115.61863
718.70679	122.56413
718.75763	120.34643
718.80847	118.34375
718.85931	117.84795
718.91016	119.94312
718.96094	130.37744
719.01178	126.28394
719.06262	118.03732
719.11346	117.84029
719.16431	114.4905
719.21515	116.67957
719.26599	117.68563
719.31677	109.10964
719.36761	118.23891
719.41846	116.52103
719.4693	123.07658
719.52014	122.96107
719.57098	122.71973
719.62183	120.98786
719.67261	112.97987
719.72345	129.46405
719.77429	112.03146
719.82513	114.4285
719.87598	111.87032
719.92682	120.68026
719.97766	122.34241
720.02844	119.45131
720.07928	129.41931
720.13013	121.72605
720.18097	119.80151
720.23181	128.94601
720.28265	123.40133
720.3335	112.65382
720.38428	122.23679
720.43512	131.15407
720.48596	120.29879
720.5368	126.19886
720.58765	121.42766
720.63849	120.05343
720.68933	127.56071
720.74011	136.65269
720.79095	134.2686
720.8418	134.90489
720.89264	117.17029
720.94348	119.39562
720.99432	130.39043
721.04517	127.73766
721.09595	120.28747
721.14679	114.04601
721.19763	129.24529
721.24847	119.63285
721.29932	124.15358
721.35016	126.06509
721.401	134.35829
721.45178	142.44588
721.50262	130.8602
721.55347	121.67503
721.60431	124.24456
721.65515	130.1691
721.70599	120.40925
721.75684	126.36294
721.80762	132
721.85846	134.11153
721.9093	136.36519
721.96014	130.8401
722.01099	122.9501
722.06183	120.28711
722.11267	120.69843
722.16345	121.56423
722.21429	123.65406
722.26514	128.23155
722.31598	128.89705
722.36682	126.48766
722.41766	131.13869
722.46851	134.82695
722.51929	126.17892
722.57013	125.53234
722.62097	131.44234
722.67181	122.07487
722.72266	123.8291
722.7735	135.12379
722.82434	132.90677
722.87512	137.62868
722.92596	136.32472
722.97681	130.11296
723.02765	132.62859
723.07849	121.42429
723.12933	126.52441
723.18018	131.59369
723.23102	130.52312
723.2818	125.36366
723.33264	126.48895
723.38348	135.30745
723.43433	131.02986
723.48517	124.69164
723.53601	125.69558
723.58685	124.89367
723.63763	139.04121
723.68848	132.84569
723.73932	124.71894
723.79016	133.59486
723.841	134.72052
723.89185	133.61385
723.94269	146.23781
723.99347	123.62262
724.04431	130.55432
724.09515	145.70996
724.146	141.69409
724.19684	133.87668
724.24768	144.11458
724.29852	139.80391
724.3493	132.96843
724.40015	130.98328
724.45099	126.33459
724.50183	136.06615
724.55267	123.73335
724.60352	135.40813
724.65436	143.52078
724.70514	131.93866
724.75598	149.57416
724.80682	136.5744
724.85767	129.65338
724.90851	137.16219
724.95935	138.90419
725.01019	141.55968
725.06097	138.63602
725.11182	132.19865
725.16266	134.50056
725.2135	135.05618
725.26434	138.96036
725.31519	142.56343
725.36603	136.3868
725.41681	137.08736
725.46765	146.37462
725.51849	144.90871
725.56934	148.82112
725.62018	137.59984
725.67102	136.35722
725.72186	136.04921
725.77264	136.33716
725.82349	146.84523
725.87433	153.47318
725.92517	150.49579
725.97601	143.15195
726.02686	127.85147
726.0777	124.33726
726.12848	134.86566
726.17932	138.41104
726.23016	134.92633
726.28101	138.593
726.33185	143.1535
726.38269	131.25815
726.43353	135.97426
726.48431	143.02341
726.53516	130.27657
726.586	132.26213
726.63684	142.30922
726.68768	142.88101
726.73853	140.28711
726.78937	141.01738
726.84015	140.75768
726.89099	135.78497
726.94183	135.78764
726.99268	143.17874
727.04352	146.39555
727.09436	151.83128
727.1452	151.78198
727.19604	150.31999
727.24683	143.24239
727.29767	139.77438
727.34851	137.67281
727.39935	140.33394
727.4502	146.78047
727.50104	155.18932
727.55188	145.14198
727.60266	134.97682
727.6535	147.09874
727.70435	137.11522
727.75519	141.23
727.80603	140.11559
727.85687	138.74309
727.90771	148.93307
727.9585	141.69569
728.00934	141.67906
728.06018	150.08237
728.11102	136.65005
728.16187	136.50896
728.21271	157.46658
728.26355	151.2077
728.31433	139.70096
728.36517	148.3801
728.41602	138.65262
728.46686	145.72372
728.5177	130.27507
728.56854	142.11736
728.61938	127.3001
728.67017	148.03566
728.72101	150.93437
728.77185	147.14111
728.82269	128.90184
728.87354	150.5941
728.92438	155.98857
728.97522	166.12386
729.026	150.02628
729.07684	155.44662
729.12769	161.33592
729.17853	146.31003
729.22937	147.44182
729.28021	159.04218
729.33105	159.3253
729.38184	157.34781
729.43268	155.37186
729.48352	140.78023
729.53436	153.68623
729.58521	160.33925
729.63605	154.08411
729.68689	158.81638
729.73767	158.7637
729.78851	144.2634
729.83936	149.20172
729.8902	150.86414
729.94104	159.30188
729.99188	164.66441
730.04272	154.92862
730.09351	162.66425
730.14435	161.14355
730.19519	154.61174
730.24603	148.68036
730.29688	156.55907
730.34772	153.23895
730.39856	149.39319
730.44934	151.16847
730.50018	163.37689
730.55103	167.04318
730.60187	156.35692
730.65271	157.66614
730.70355	160.48048
730.75439	159.03845
730.80518	159.12956
730.85602	148.20212
730.90686	150.77701
730.9577	160.82574
731.00854	156.66927
731.05939	161.59169
731.11023	160.04713
731.16101	163.47749
731.21185	173.31261
731.2627	161.4698
731.31354	163.46788
731.36438	167.01651
731.41522	165.48329
731.46606	164.82942
731.51691	163.34721
731.56769	161.86401
731.61853	152.21074
731.66937	147.92116
731.72021	154.87097
731.77106	163.67174
731.8219	165.26881
731.87274	157.13962
731.92352	160.67548
731.97437	158.52309
732.02521	160.8846
732.07605	157.75031
732.12689	169.46063
732.17773	168.21786
732.22858	159.05603
732.27936	164.01599
732.3302	162.67873
732.38104	176.04195
732.43188	164.84435
732.48273	162.23056
732.53357	167.1564
732.58441	171.85155
732.63519	168.84972
732.68604	172.71889
732.73688	166.87679
732.78772	162.61172
732.83856	169.24461
732.8894	178.42711
732.94025	166.28555
732.99103	168.65607
733.04187	178.8588
733.09271	179.07925
733.14355	162.11508
733.1944	154.67799
733.24524	176.76682
733.29608	170.54871
733.34686	169.36264
733.39771	168.85114
733.44855	163.59624
733.49939	165.6481
733.55023	179.19453
733.60107	164.11789
733.65192	167.80838
733.7027	173.4005
733.75354	178.23073
733.80438	168.63225
733.85522	171.60336
733.90607	167.57982
733.95691	181.23099
734.00775	175.95877
734.05853	173.89018
734.10938	169.31364
734.16022	172.17119
734.21106	186.54054
734.2619	165.78862
734.31274	167.75143
734.36359	168.00815
734.41437	185.4966
734.46521	183.0649
734.51605	171.16281
734.56689	180.40294
734.61774	180.01794
734.66858	177.4995
734.71942	181.46503
734.7702	180.63452
734.82104	176.76685
734.87189	172.80342
734.92273	181.06421
734.97357	179.57939
735.02441	183.78793
735.07526	180.89359
735.12604	179.72401
735.17688	174.321
735.22772	175.65273
735.27856	176.09949
735.32941	181.57504
735.38025	189.35065
735.43109	184.24185
735.48193	178.21413
735.53271	180.82303
735.58356	180.13
735.6344	185.61884
735.68524	189.06232
735.73608	191.74095
735.78693	188.32701
735.83777	184.73186
735.88855	190.86037
735.93939	186.34956
735.99023	179.30257
736.04108	181.31335
736.09192	184.62526
736.14276	184.36723
736.1936	186.33043
736.24438	183.16809
736.29523	192.1438
736.34607	193.8994
736.39691	186.01961
736.44775	186.07489
736.4986	192.32233
736.54944	184.48811
736.60022	188.65973
736.65106	205.91785
736.7019	200.39067
736.75275	184.83469
736.80359	195.11055
736.85443	196.56682
736.90527	203.45627
736.95605	194.53168
737.0069	194.14546
737.05774	201.80067
737.10858	191.22826
737.15942	190.85425
737.21027	192.91791
737.26111	200.14726
737.31189	191.20544
737.36273	194.25577
737.41357	187.54793
737.46442	185.81702
737.51526	191.31334
737.5661	201.09892
737.61694	200.39175
737.66772	196.04297
737.71857	189.4949
737.76941	195.51855
737.82025	199.02399
737.87109	194.61586
737.92194	211.75285
737.97278	195.61279
738.02356	203.45717
738.0744	211.38831
738.12524	208.44658
738.17609	196.55109
738.22693	188.6369
738.27777	188.04385
738.32861	200.67638
738.37939	196.30952
738.43024	201.16234
738.48108	204.65637
738.53192	205.78604
738.58276	207.72884
738.63361	196.88008
738.68445	206.96384
738.73523	205.25623
738.78607	215.27014
738.83691	207.71904
738.88776	218.22075
738.9386	207.70975
738.98944	198.88794
739.04028	210.5519
739.09106	211.80605
739.14191	205.55138
739.19275	214.02229
739.24359	214.85262
739.29443	211.1367
739.34528	203.21611
739.39612	209.06226
739.4469	218.01614
739.49774	208.55783
739.54858	214.23743
739.59943	210.26466
739.65027	202.67662
739.70111	206.38301
739.75195	200.71384
739.8028	198.99683
739.85358	204.11761
739.90442	204.45384
739.95526	204.7467
740.0061	209.73764
740.05695	211.05055
740.10779	217.94209
740.15863	217.20801
740.20941	213.58238
740.26025	219.63875
740.3111	217.72935
740.36194	209.91527
740.41278	203.10609
740.46362	215.0329
740.51447	217.14931
740.56525	210.77055
740.61609	222.86006
740.66693	222.82263
740.71777	220.93877
740.76862	215.4873
740.81946	210.42261
740.8703	215.84346
740.92108	216.24599
740.97192	216.90422
741.02277	219.51308
741.07361	228.67395
741.12445	226.70535
741.17529	226.60913
741.22614	221.7048
741.27692	219.31857
741.32776	235.66698
741.3786	241.14536
741.42944	235.55112
741.48029	212.67673
741.53113	212.89857
741.58197	225.16962
741.63275	214.62949
741.68359	231.41725
741.73444	228.09921
741.78528	229.27882
741.83612	230.91757
741.88696	232.1989
741.93781	231.83896
741.98859	219.52156
742.03943	226.55885
742.09027	226.56821
742.14111	231.87601
742.19196	238.67947
742.2428	233.06937
742.29364	228.53288
742.34442	233.06863
742.39526	235.27751
742.44611	234.53247
742.49695	224.35826
742.54779	232.54346
742.59863	217.17491
742.64948	251.47299
742.70026	231.79807
742.7511	250.18588
742.80194	238.29745
742.85278	230.38971
742.90363	246.78275
742.95447	239.46149
743.00531	241.45474
743.05609	232.33394
743.10693	249.32114
743.15778	250.04616
743.20862	235.28305
743.25946	242.28711
743.3103	241.98994
743.36115	239.1331
743.41193	248.73882
743.46277	254.88531
743.51361	252.54149
743.56445	246.62619
743.6153	240.6423
743.66614	248.10393
743.71698	246.05048
743.76782	246.69724
743.8186	250.18221
743.86945	251.10234
743.92029	245.68103
743.97113	255.19704
744.02197	257.18008
744.07281	255.5468
744.12366	253.15341
744.17444	255.72859
744.22528	261.43802
744.27612	261.68076
744.32697	258.25995
744.37781	267.26877
744.42865	255.8354
744.47949	252.12663
744.53027	254.10817
744.58112	256.88776
744.63196	265.68283
744.6828	263.13376
744.73364	265.20352
744.78448	252.9563
744.83533	262.71362
744.88611	265.93671
744.93695	261.46014
744.98779	266.55225
745.03864	268.27014
745.08948	271.5097
745.14032	282.17789
745.19116	276.38681
745.24194	254.47137
745.29279	266.1752
745.34363	262.56912
745.39447	256.15594
745.44531	267.60718
745.49615	282.20374
745.547	285.03217
745.59778	265.20441
745.64862	260.23669
745.69946	273.05609
745.75031	287.42691
745.80115	265.67368
745.85199	291.00241
745.90283	277.27072
745.95361	281.85275
746.00446	286.36896
746.0553	279.95297
746.10614	291.15955
746.15698	283.84201
746.20782	288.54749
746.25867	284.99319
746.30945	292.74585
746.36029	290.89789
746.41113	285.72278
746.46198	269.56067
746.51282	289.65039
746.56366	284.21078
746.6145	298.61295
746.66528	281.75723
746.71613	275.88879
746.76697	295.47849
746.81781	291.85358
746.86865	286.53296
746.91949	301.81192
746.97034	285.22717
747.02112	287.18533
747.07196	294.82947
747.1228	278.20117
747.17365	283.16162
747.22449	303.37491
747.27533	289.3638
747.32617	296.07602
747.37695	294.63107
747.4278	290.57886
747.47864	300.8161
747.52948	302.08328
747.58032	306.2287
747.63116	296.77899
747.68201	297.44412
747.73279	306.79205
747.78363	280.18112
747.83447	300.83136
747.88531	307.94659
747.93616	296.74588
747.987	306.95404
748.03784	317.47363
748.08868	324.04932
748.13947	308.05405
748.19031	302.27441
748.24115	305.54868
748.29199	300.84955
748.34283	287.68866
748.39368	295.68533
748.44452	320.98349
748.4953	328.41586
748.54614	311.30969
748.59698	305.68604
748.64783	317.02039
748.69867	316.05807
748.74951	304.21848
748.80035	299.64819
748.85114	304.6745
748.90198	308.89346
748.95282	313.77814
749.00366	323.31528
749.0545	323.02591
749.10535	316.91464
749.15619	324.97406
749.20697	328.69339
749.25781	327.66138
749.30865	314.00763
749.3595	312.36807
749.41034	325.99936
749.46118	322.64368
749.51202	314.827
749.56281	318.02496
749.61365	312.86536
749.66449	338.95932
749.71533	337.78342
749.76617	333.49484
749.81702	333.37259
749.86786	331.56464
749.91864	329.92734
749.96948	332.58429
750.02032	344.66153
750.07117	322.92676
750.12201	325.01501
750.17285	343.04639
750.22369	342.11563
750.27448	332.64249
750.32532	328.0914
750.37616	325.9119
750.427	334.6279
750.47784	332.46371
750.52869	357.18497
750.57953	317.37259
750.63031	327.34512
750.68115	328.06812
750.73199	331.79428
750.78284	358.84515
750.83368	349.52869
750.88452	365.84793
750.93536	326.10498
750.98615	344.22531
751.03699	344.68372
751.08783	351.00021
751.13867	364.02765
751.18951	335.41318
751.24036	354.05084
751.2912	336.71365
751.34198	340.55457
751.39282	348.90613
751.44366	348.7579
751.49451	362.78247
751.54535	353.22418
751.59619	344.1492
751.64703	357.6084
751.69781	355.07474
751.74866	358.43719
751.7995	344.2305
751.85034	365.11749
751.90118	356.6673
751.95203	363.23373
752.00287	363.08118
752.05365	367.96475
752.10449	349.69247
752.15533	361.49991
752.20618	371.93707
752.25702	371.28738
752.30786	370.73389
752.3587	386.08536
752.40955	392.13925
752.46033	371.16119
752.51117	379.3158
752.56201	377.63962
752.61285	371.12082
752.6637	379.02667
752.71454	395.30859
752.76538	359.93912
752.81616	365.18863
752.867	374.10059
752.91785	393.8754
752.96869	388.28793
753.01953	382.99731
753.07037	389.68069
753.12122	403.4678
753.172	394.97043
753.22284	384
753.27368	386.88583
753.32452	405.3696
753.37537	397.51172
753.42621	381.01291
753.47705	389.01596
753.52783	375.01935
753.57867	367.85117
753.62952	394.66138
753.68036	400.59747
753.7312	393.42496
753.78204	390.7738
753.83289	398.50476
753.88367	414.94009
753.93451	411.5618
753.98535	403.40768
754.03619	401.73587
754.08704	398.5954
754.13788	393.04715
754.18872	403.56473
754.2395	411.1264
754.29034	407.65622
754.34119	424.93594
754.39203	433.74875
754.44287	418.05591
754.49371	429.29773
754.54456	425.97482
754.59534	427.59769
754.64618	412.1554
754.69702	414.92706
754.74786	427.24182
754.79871	416.89938
754.84955	414.84537
754.90039	418.8656
754.95117	421.74515
755.00201	418.90231
755.05286	429.82993
755.1037	423.53796
755.15454	422.99347
755.20538	442.95544
755.25623	407.41782
755.30701	407.27213
755.35785	416.84619
755.40869	423.03162
755.45953	451.97595
755.51038	420.74323
755.56122	423.88855
755.61206	417.65036
755.66284	422.00342
755.71368	424.36661
755.76453	441.47681
755.81537	428.30447
755.86621	431.33453
755.91705	435.75873
755.9679	444.29266
756.01868	434.7919
756.06952	449.05685
756.12036	470.23511
756.1712	448.34534
756.22205	424.36005
756.27289	442.81842
756.32373	419.05179
756.37457	432.89056
756.42535	462.47202
756.4762	445.53958
756.52704	434.40958
756.57788	467.38281
756.62872	468.08405
756.67957	425.95166
756.73041	457.24973
756.78119	442.60364
756.83203	469.12527
756.88287	455.8548
756.93372	468.26297
756.98456	448.03043
757.0354	451.10114
757.08624	465.8223
757.13702	456.06708
757.18787	474.25049
757.23871	456.28824
757.28955	447.07108
757.34039	456.64246
757.39124	467.08313
757.44208	485.78302
757.49286	461.6181
757.5437	454.78668
757.59454	464.28305
757.64539	470.05896
757.69623	480.0629
757.74707	466.62894
757.79791	454.37811
757.84869	455.65591
757.89954	487.86069
757.95038	478.05765
758.00122	470.40802
758.05206	466.8732
758.10291	468.44009
758.15375	461.92538
758.20453	481.29211
758.25537	468.75745
758.30621	461.18915
758.35706	486.9838
758.4079	503.78421
758.45874	507.25806
758.50958	477.43384
758.56036	482.13068
758.61121	491.47598
758.66205	489.92719
758.71289	504.68811
758.76373	507.19974
758.81458	492.51978
758.86542	487.76584
758.9162	497.04495
758.96704	501.94867
759.01788	500.50381
759.06873	501.57574
759.11957	499.47855
759.17041	491.54266
759.22125	493.8703
759.27203	502.92401
759.32288	511.15323
759.37372	523.59143
759.42456	513.65222
759.4754	485.54065
759.52625	491.24692
759.57709	508.13025
759.62787	514.38623
759.67871	523.82813
759.72955	515.80774
759.7804	513.05957
759.83124	512.44519
759.88208	512.30182
759.93292	488.01395
759.9837	487.28738
760.03455	507.53189
760.08539	502.00156
760.13623	511.59338
760.18707	502.51895
760.23792	523.62439
760.28876	530.75891
760.33954	540.84631
760.39038	540.02527
760.44122	520.60284
760.49207	500.35715
760.54291	510.00775
760.59375	542.79382
760.64459	528.78516
760.69543	524.18341
760.74622	508.68652
760.79706	532.02948
760.8479	547.0462
760.89874	542.53009
760.94958	552.61285
761.00043	556.00146
761.05127	551.08813
761.10205	515.21136
761.15289	530.84851
761.20374	540.80304
761.25458	567.16272
761.30542	544.26044
761.35626	539.49109
761.4071	573.48511
761.45789	568.66833
761.50873	556.41266
761.55957	540.51135
761.61041	577.48822
761.66125	562.14203
761.7121	553.74854
761.76294	562.02625
761.81372	562.06378
761.86456	564.01318
761.91541	580.78918
761.96625	576.64166
762.01709	590.3064
762.06793	539.16724
762.11877	546.14166
762.16956	553.40082
762.2204	605.99792
762.27124	556.38635
762.32208	573.73676
762.37292	560.36029
762.42377	607.44128
762.47461	578.3067
762.52539	618.91266
762.57623	557.75983
762.62708	573.66217
762.67792	599.17444
762.72876	564.17822
762.7796	592.97083
762.83044	566.16272
762.88123	575.56787
762.93207	575.24731
762.98291	595.29736
763.03375	586.64496
763.08459	574.60535
763.13544	604.77179
763.18628	586.21954
763.23706	588.76801
763.2879	591.69818
763.33875	606.07104
763.38959	601.62091
763.44043	598.3772
763.49127	603.64844
763.54211	583.50989
763.5929	598.52649
763.64374	574.3465
763.69458	595.4024
763.74542	611.68225
763.79626	623.13074
763.84711	587.72656
763.89795	612.94647
763.94873	644.4057
763.99957	618.1463
764.05042	590.87213
764.10126	604.22552
764.1521	601.82532
764.20294	606.25208
764.25378	622.34686
764.30457	608.29871
764.35541	622.12872
764.40625	617.44434
764.45709	592.22876
764.50793	591.1153
764.55878	585.05341
764.60962	604.6394
764.66046	616.13794
764.71124	625.27612
764.76208	604.54504
764.81293	620.78772
764.86377	624.58203
764.91461	629.41974
764.96545	649.96503
765.0163	655.27832
765.06708	646.71942
765.11792	609.37317
765.16876	620.7597
765.2196	648.95905
765.27045	661.24615
765.32129	664.1535
765.37213	663.10895
765.42291	645.76709
765.47375	629.51508
765.5246	653.01581
765.57544	659.63202
765.62628	642.4101
765.67712	640.04321
765.72797	665.53113
765.77875	677.7262
765.82959	653.34967
765.88043	657.7157
765.93127	685.17114
765.98212	683.60901
766.03296	673.26276
766.0838	678.48383
766.13458	680.96149
766.18542	664.92297
766.23627	673.97314
766.28711	677.96838
766.33795	673.54236
766.38879	666.78906
766.43964	684.40546
766.49042	666.72974
766.54126	654.28748
766.5921	670.34741
766.64294	680.46051
766.69379	686.68463
766.74463	686.23523
766.79547	689.06055
766.84625	686.28717
766.89709	685.99603
766.94794	678.48297
766.99878	670.73151
767.04962	682.00134
767.10046	694.14185
767.15131	706.70801
767.20209	711.80829
767.25293	709.87738
767.30377	684.31146
767.35461	707.20685
767.40546	700.75244
767.4563	737.39398
767.50714	707.21674
767.55792	721.3653
767.60876	716.60431
767.65961	726.09052
767.71045	730.31982
767.76129	700.45306
767.81213	698.737
767.86298	721.26849
767.91376	733.9754
767.9646	702.92456
768.01544	744.39301
768.06628	724.76068
768.11713	696.65674
768.16797	726.56006
768.21881	715.41962
768.26959	731.69983
768.32043	717.81946
768.37128	727.33899
768.42212	751.89575
768.47296	720.11615
768.5238	714.4715
768.57465	742.53937
768.62543	752.12823
768.67627	757.37738
768.72711	757.4549
768.77795	727.20514
768.8288	726.82208
768.87964	725.7428
768.93048	744.85095
768.98132	740.07758
769.0321	730.43207
769.08295	741.81934
769.13379	749.02844
769.18463	768.47314
769.23547	760.23456
769.28632	766.16077
769.33716	729.29309
769.38794	732.35333
769.43878	738.89276
769.48962	764.25262
769.54047	754.0766
769.59131	790.77826
769.64215	758.64673
769.69299	782.47302
769.74377	772.99341
769.79462	790.4201
769.84546	784.81683
769.8963	761.80255
769.94714	809.37769
769.99799	777.48755
770.04883	764.44635
770.09961	774.28491
770.15045	771.79401
770.20129	805.30804
770.25214	824.94452
770.30298	797.57574
770.35382	792.99457
770.40466	815.703
770.45544	800.15472
770.50629	803.19092
770.55713	806.52142
770.60797	811.57819
770.65881	812.58246
770.70966	807.70886
770.7605	817.38873
770.81128	819.04401
770.86212	832.17859
770.91296	831.96088
770.96381	785.82684
771.01465	805.06274
771.06549	827.71027
771.11633	808.59814
771.16711	817.52728
771.21796	826.11633
771.2688	828.4845
771.31964	808.13129
771.37048	842.57477
771.42133	837.72302
771.47217	846.87177
771.52295	845.43164
771.57379	820.5694
771.62463	820.5871
771.67548	844.41809
771.72632	848.15118
771.77716	838.01801
771.828	834.13373
771.87878	822.88281
771.92963	817.18988
771.98047	835.59625
772.03131	870.15076
772.08215	886.42798
772.133	883.9314
772.18384	872.40405
772.23462	894.73053
772.28546	892.07257
772.3363	858.90704
772.38715	859.03174
772.43799	884.97809
772.48883	895.35626
772.53967	888.06189
772.59045	881.54193
772.6413	873.23859
772.69214	882.39258
772.74298	896.40118
772.79382	895.4657
772.84467	883.6676
772.89551	896.79913
772.94635	887.07684
772.99713	864.15747
773.04797	856.87354
773.09882	851.30676
773.14966	860.49286
773.2005	897.82947
773.25134	927.19226
773.30219	918.21863
773.35297	918.43109
773.40381	896.83893
773.45465	889.69946
773.50549	880.1983
773.55634	894.23743
773.60718	909.46454
773.65802	915.23877
773.7088	914.25464
773.75964	912.50885
773.81049	916.34167
773.86133	918.71332
773.91217	909.58691
773.96301	901.51947
774.01385	922.75775
774.06464	934.28632
774.11548	922.6051
774.16632	913.24109
774.21716	928.21143
774.26801	930.31287
774.31885	910.86426
774.36969	910.42249
774.42047	929.38733
774.47131	933.37012
774.52216	923.66949
774.573	956.83673
774.62384	967.45245
774.67468	940.42798
774.72552	938.2818
774.77631	947.63159
774.82715	962.27026
774.87799	948.65588
774.92883	973.42462
774.97968	963.16583
775.03052	981.02869
775.08136	960.15253
775.13214	979.92151
775.18298	976.51324
775.23383	978.36493
775.28467	967.36859
775.33551	986.15387
775.38635	951.60767
775.43719	962.59027
775.48798	975.32562
775.53882	970.47986
775.58966	977.71906
775.6405	1007.8947
775.69135	989.01257
775.74219	991.30536
775.79303	1005.223
775.84381	991.36053
775.89465	998.85748
775.9455	999.18237
775.99634	974.39117
776.04718	968.16895
776.09802	983.20679
776.14886	998.93317
776.19965	1002.2162
776.25049	1008.4413
776.30133	1015.4755
776.35217	1011.8317
776.40302	977.35687
776.45386	992.41797
776.5047	1001.9698
776.55548	1010.0125
776.60632	1032.3419
776.65717	1042.4025
776.70801	1026.0433
776.75885	1030.2145
776.80969	1055.7957
776.86053	1027.0298
776.91132	1037.0083
776.96216	1045.4423
777.013	1019.436
777.06384	1001.4777
777.11469	1055.8708
777.16553	1038.1982
777.21637	1056.6465
777.26721	1045.3354
777.31799	1069.6139
777.36884	1048.7469
777.41968	1039.5507
777.47052	1057.229
777.52136	1063.651
777.5722	1040.8669
777.62305	1035.1093
777.67383	1047.0948
777.72467	1081.5072
777.77551	1078.7145
777.82635	1067.4453
777.8772	1048.9215
777.92804	1061.2502
777.97888	1070.6226
778.02966	1036.8033
778.08051	1079.0647
778.13135	1079.6774
778.18219	1090.9366
778.23303	1087.3125
778.28387	1093.6732
778.33472	1097.7678
778.3855	1112.9506
778.43634	1101.007
778.48718	1072.2405
778.53802	1075.8937
778.58887	1064.7444
778.63971	1086.3629
778.69055	1104.4962
778.74133	1106.8665
778.79218	1107.418
778.84302	1122.9838
778.89386	1114.0386
778.9447	1088.1604
778.99554	1099.2223
779.04639	1112.5649
779.09717	1146.7312
779.14801	1156.9454
779.19885	1163.7142
779.24969	1136.2155
779.30054	1175.968
779.35138	1158.6298
779.40222	1151.7048
779.453	1158.2561
779.50385	1187.5936
779.55469	1161.8396
779.60553	1137.9026
779.65637	1140.8153
779.70721	1176.6764
779.75806	1192.0332
779.80884	1148.2344
779.85968	1173.6963
779.91052	1185.8604
779.96136	1203.4165
780.01221	1170.5249
780.06305	1193.7072
780.11389	1158.3335
780.16467	1153.7589
780.21552	1125.5132
780.26636	1165.1487
780.3172	1203.8263
780.36804	1214.8862
780.41888	1202.4208
780.46973	1219.2589
780.52051	1173.9277
780.57135	1136.9639
780.62219	1165.1499
780.67303	1166.0802
780.72388	1203.1447
780.77472	1201.4076
780.82556	1220.1495
780.87634	1208.053
780.92719	1208.573
780.97803	1214.0419
781.02887	1207.9668
781.07971	1182.1948
781.13055	1185.7355
781.1814	1201.3599
781.23218	1204.8113
781.28302	1218.6609
781.33386	1247.7319
781.3847	1243.2379
781.43555	1246.4617
781.48639	1263.5725
781.53723	1187.6488
781.58807	1214.1144
781.63885	1219.769
781.6897	1236.4211
781.74054	1285.2042
781.79138	1309.7933
781.84222	1292.63
781.89307	1286.392
781.94391	1280.0569
781.99469	1286.193
782.04553	1290.9734
782.09637	1276.4053
782.14722	1298.3572
782.19806	1280.4877
782.2489	1287.8976
782.29974	1303.0792
782.35052	1310.6743
782.40137	1301.3188
782.45221	1309.4113
782.50305	1314.907
782.55389	1342.7064
782.60474	1287.1201
782.65558	1348.4857
782.70636	1269.1897
782.7572	1269.323
782.80804	1304.938
782.85889	1337.069
782.90973	1349.2009
782.96057	1329.3002
783.01141	1346.3965
783.06219	1300.9888
783.11304	1279.6006
783.16388	1272.2216
783.21472	1283.5337
783.26556	1309.1085
783.31641	1344.3528
783.36725	1314.3593
783.41803	1363.3074
783.46887	1351.3467
783.51971	1336.9257
783.57056	1308.8363
783.6214	1352.2764
783.67224	1357.0356
783.72308	1399.3634
783.77386	1354.4265
783.82471	1371.3612
783.87555	1391.3064
783.92639	1345.3359
783.97723	1336.7687
784.02808	1356.2192
784.07892	1378.5723
784.1297	1359.2379
784.18054	1381.2024
784.23138	1385.788
784.28223	1406.7155
784.33307	1399.5507
784.38391	1404.4008
784.43475	1421.848
784.48553	1428.4374
784.53638	1416.1798
784.58722	1435.4321
784.63806	1445.6974
784.6889	1386.5684
784.73975	1401.1924
784.79059	1428.3707
784.84137	1427.2565
784.89221	1418.0691
784.94305	1434.5807
784.9939	1467.6266
785.04474	1463.1899
785.09558	1437.6384
785.14642	1433.5739
785.1972	1423.6708
785.24805	1406.6066
785.29889	1405.8378
785.34973	1419.0248
785.40057	1441.7375
785.45142	1466.2493
785.50226	1463.5336
785.5531	1463.5254
785.60388	1483.2791
785.65472	1486.0457
785.70557	1457.8821
785.75641	1411.7164
785.80725	1416.0178
785.85809	1456.1466
785.90894	1481.3512
785.95972	1520.0293
786.01056	1531.4812
786.0614	1514.1772
786.11224	1476.76
786.16309	1450.734
786.21393	1481.2825
786.26477	1530.9327
786.31555	1548.2766
786.36639	1527.4937
786.41724	1537.6481
786.46808	1553.3064
786.51892	1550.6327
786.56976	1550.5271
786.62061	1563.8171
786.67139	1566.2506
786.72223	1558.8887
786.77307	1554.0723
786.82391	1554.0532
786.87476	1586.0052
786.9256	1594.9119
786.97644	1609.9424
787.02722	1563.3966
787.07806	1599.6875
787.12891	1618.9905
787.17975	1579.4753
787.23059	1552.3931
787.28143	1611.1228
787.33228	1559.2703
787.38306	1559.876
787.4339	1524.749
787.48474	1589.2729
787.53558	1610.9551
787.58643	1635.4688
787.63727	1642.2109
787.68811	1623.2461
787.73889	1591.6344
787.78973	1580.1888
787.84058	1635.999
787.89142	1640.6389
787.94226	1613.9329
787.9931	1593.4312
788.04395	1629.0765
788.09473	1644.0568
788.14557	1673.9441
788.19641	1663.2938
788.24725	1654.1671
788.2981	1598.7689
788.34894	1662.1135
788.39978	1568.9293
788.45056	1643.1039
788.5014	1663.9025
788.55225	1745.313
788.60309	1692.4688
788.65393	1703.3562
788.70477	1710.9664
788.75562	1709.0436
788.8064	1669.8666
788.85724	1697.2065
788.90808	1673.4506
788.95892	1707.0487
789.00977	1742.8573
789.06061	1753.6787
789.11145	1699.7046
789.16223	1748.6931
789.21307	1751.278
789.26392	1755.1693
789.31476	1813.5099
789.3656	1709.287
789.41644	1773.2771
789.46729	1748.2495
789.51807	1814.0164
789.56891	1816.2496
789.61975	1734.6595
789.67059	1730.9063
789.72144	1755.0829
789.77228	1772.9833
789.82312	1851.9094
789.87396	1787.8881
789.92474	1848.2764
789.97559	1754.4897
790.02643	1784.062
790.07727	1708.4758
790.12811	1841.7604
790.17896	1793.2384
790.2298	1885.1013
790.28058	1832.6195
790.33142	1875.6921
790.38226	1817.0007
790.43311	1828.1055
790.48395	1757.8915
790.53479	1782.7346
790.58563	1762.4598
790.63641	1821.5212
790.68726	1815.4213
790.7381	1858.3333
790.78894	1829.5125
790.83978	1855.7882
790.89063	1856.0613
790.94147	1845.6355
790.99225	1810.4829
791.04309	1800.5649
791.09393	1814.0365
791.14478	1885.1178
791.19562	1949.592
791.24646	1896.9017
791.2973	1914.5452
791.34808	1887.3055
791.39893	1936.9338
791.44977	1861.3281
791.50061	1913.0718
791.55145	1923.8027
791.60229	1947.621
791.65314	1906.775
791.70392	1944.1361
791.75476	1926.9248
791.8056	2021.429
791.85645	1976.0093
791.90729	1964.2949
791.95813	1943.1843
792.00897	1914.005
792.05975	1909.9658
792.1106	1920.7509
792.16144	1983.8022
792.21228	2000.2893
792.26312	1941.0952
792.31396	2030.0927
792.36481	1974.3115
792.41559	1989.9073
792.46643	1995.2145
792.51727	2030.144
792.56812	1988.6606
792.61896	1953.0959
792.6698	1908.5914
792.72064	1924.7253
792.77142	1999.1957
792.82227	2067.0073
792.87311	2096.4399
792.92395	2109.9958
792.97479	2055.3235
793.02563	1982.7349
793.07648	1971.3191
793.12726	1950.8638
793.1781	2033.7993
793.22894	2034.5527
793.27979	2067.4856
793.33063	2045.778
793.38147	2021.4277
793.43231	2046.712
793.48309	2110.4922
793.53394	2054.509
793.58478	2071.8113
793.63562	2056.5579
793.68646	2034.6216
793.7373	2026.2906
793.78815	2071.1035
793.83899	2099.0269
793.88977	2178.0315
793.94061	2170.5164
793.99146	2228.0464
794.0423	2151.3567
794.09314	2109.5691
794.14398	2105.5991
794.19482	2194.6619
794.24561	2152.9805
794.29645	2143.3999
794.34729	2148.8032
794.39813	2158.1702
794.44897	2149.6831
794.49982	2198.6462
794.55066	2211.7246
794.60144	2237.3064
794.65228	2182.5889
794.70313	2149.5229
794.75397	2107.5649
794.80481	2112.478
794.85565	2172.6243
794.90649	2206.4487
794.95728	2199.551
795.00812	2180.6885
795.05896	2177.0732
795.1098	2194.6531
795.16064	2228.6936
795.21149	2237.947
795.26233	2209.918
795.31311	2192.0693
795.36395	2143.2646
795.41479	2112.8284
795.46564	2193.4019
795.51648	2254.5327
795.56732	2247.0088
795.61816	2264.5547
795.66895	2248.3176
795.71979	2180.6323
795.77063	2154.5593
795.82147	2191.0063
795.87231	2261.9866
795.92316	2279.2842
795.974	2310.5017
796.02478	2327.0479
796.07562	2291.052
796.12646	2254.3372
796.17731	2192.2068
796.22815	2230.2163
796.27899	2304.9207
796.32983	2303.4512
796.38062	2291.6528
796.43146	2325.0063
796.4823	2347.6248
796.53314	2362.8528
796.58398	2377.2039
796.63483	2357.8601
796.68567	2398.3926
796.73645	2372.0872
796.78729	2324.1917
796.83813	2331.9055
796.88898	2345.3589
796.93982	2366.2297
796.99066	2369.3369
797.0415	2346.53
797.09229	2327.7639
797.14313	2402.9419
797.19397	2442.2607
797.24481	2448.5632
797.29565	2422.7439
797.3465	2408.6697
797.39734	2335.5925
797.44812	2288.1743
797.49896	2341.4229
797.5498	2411.5962
797.60065	2432.186
797.65149	2447.7468
797.70233	2429.8193
797.75317	2424.7278
797.80396	2398.0908
797.8548	2426.1111
797.90564	2402.5393
797.95648	2440.082
798.00732	2423.0227
798.05817	2378.5076
798.10901	2383.8354
798.15985	2477.3953
798.21063	2507.377
798.26147	2584.2451
798.31232	2528.1909
798.36316	2529.8352
798.414	2417.1523
798.46484	2395.4417
798.51569	2418.5454
798.56647	2493.8701
798.61731	2531.3022
798.66815	2555.3965
798.71899	2520.1277
798.76984	2593.761
798.82068	2574.4141
798.87152	2567.8687
798.9223	2527.0649
798.97314	2638.9949
799.02399	2568.5361
799.07483	2526.5979
799.12567	2517.0017
799.17651	2665.2065
799.22736	2638.2021
799.27814	2687.3027
799.32898	2629.5027
799.37982	2669.4905
799.43066	2634.4858
799.48151	2654.2632
799.53235	2617.271
799.58319	2690.4404
799.63397	2617.168
799.68481	2613.4602
799.73566	2585.8101
799.7865	2636.6606
799.83734	2644.8186
799.88818	2773.0535
799.93903	2737.8909
799.98981	2754.2068
800.04065	2697.1519
800.09149	2639.4043
800.14233	2530.9802
800.19318	2582.0867
800.24402	2634.3562
800.29486	2746.7534
800.34564	2728.3816
800.39648	2708.1587
800.44733	2670.0654
800.49817	2686.9106
800.54901	2633.4373
800.59985	2595.4136
800.6507	2649.3618
800.70148	2660.7244
800.75232	2658.1748
800.80316	2720.0269
800.854	2809.3845
800.90485	2877.4929
800.95569	2800.655
801.00653	2859.552
801.05731	2772.0283
801.10815	2762.2209
801.159	2671.813
801.20984	2747.8665
801.26068	2822.5269
801.31152	2915.3293
801.36237	2850.7078
801.41315	2906
801.46399	2892.0356
801.51483	2939.6121
801.56567	2858.7708
801.61652	2871.9639
801.66736	2905.249
801.7182	2878.1633
801.76898	2845.8752
801.81982	2876.1853
801.87067	2849.479
801.92151	2920.772
801.97235	2944.5718
802.02319	2989.5938
802.07404	2958.7773
802.12488	2988.0352
802.17566	2934.4492
802.2265	2916.5669
802.27734	2847.0903
802.32819	2936.7849
802.37903	2890.4009
802.42987	2897.0598
802.48071	2888.5281
802.53149	2937.8643
802.58234	3018.2791
802.63318	3132.9771
802.68402	3030.7869
802.73486	2994.9436
802.78571	2899.7166
802.83655	2913.8123
802.88733	2819.8638
802.93817	2937.9895
802.98901	2978.1609
803.03986	3087.7317
803.0907	3141.8633
803.14154	3177.7219
803.19238	2994.8916
803.24316	2986.9209
803.29401	2947.7808
803.34485	3041.7207
803.39569	3047.9709
803.44653	3090.2646
803.49738	2961.9509
803.54822	3148.4553
803.599	3109.2656
803.64984	3183.8411
803.70068	3143.6377
803.75153	3197.8064
803.80237	3112.5232
803.85321	3143.9622
803.90405	3057.322
803.95483	3145.302
804.00568	3136.8828
804.05652	3307.9802
804.10736	3218.2366
804.1582	3282.958
804.20905	3245.7834
804.25989	3273.8279
804.31067	3210.6362
804.36151	3289.5657
804.41235	3277.3887
804.4632	3292.2202
804.51404	3199.6367
804.56488	3236.8494
804.61572	3200.1255
804.6665	3362.7197
804.71735	3334.9534
804.76819	3373.2656
804.81903	3321.946
804.86987	3347.0215
804.92072	3224.9111
804.97156	3216.7468
805.02234	3193.4082
805.07318	3326.1677
805.12402	3249.8425
805.17487	3259.4023
805.22571	3236.9497
805.27655	3367.2881
805.32739	3371.2258
805.37817	3431.3132
805.42902	3346.9324
805.47986	3361.2249
805.5307	3194.1138
805.58154	3148.2373
805.63239	3177.1101
805.68323	3373.9614
805.73401	3406.071
805.78485	3559.7749
805.83569	3499.2427
805.88654	3515.4143
805.93738	3382.135
805.98822	3313.9001
806.03906	3245.5679
806.08984	3375.9658
806.14069	3462.5195
806.19153	3553.1904
806.24237	3504.7493
806.29321	3549.2646
806.34406	3554.5349
806.3949	3529.4338
806.44574	3541.4612
806.49652	3588.7512
806.54736	3592.5586
806.59821	3551.8066
806.64905	3471.6272
806.69989	3503.2239
806.75073	3580.1455
806.80157	3634.7778
806.85236	3624.7498
806.9032	3613.8721
806.95404	3614.3452
807.00488	3679.1489
807.05573	3674.6191
807.10657	3625.2397
807.15741	3649.9897
807.20819	3569.5212
807.25903	3512.72
807.30988	3469.5164
807.36072	3564.7229
807.41156	3645.3958
807.4624	3749.5474
807.51324	3702.2288
807.56403	3756.2625
807.61487	3675.408
807.66571	3615.4111
807.71655	3500.7351
807.7674	3559.4746
807.81824	3603.5593
807.86908	3661.8486
807.91986	3626.468
807.9707	3658.2935
808.02155	3679.8369
808.07239	3745.8369
808.12323	3717.0139
808.17407	3722.7429
808.22491	3687.9739
808.2757	3657.009
808.32654	3522.0334
808.37738	3552.1348
808.42822	3639.0051
808.47906	3795.2988
808.52991	3865.6128
808.58075	3954.4153
808.63153	3921.2708
808.68237	3876.5586
808.73322	3722.5576
808.78406	3700.4802
808.8349	3717.8018
808.88574	3868.6111
808.93658	3943.8491
808.98737	3824.167
809.03821	3860.2205
809.08905	3951.2158
809.13989	3983.28
809.19073	3936.9358
809.24158	3961.0854
809.29242	3949.7756
809.3432	3985.9934
809.39404	3849.6897
809.44489	3884.1626
809.49573	3905.1433
809.54657	3987.4497
809.59741	3967.1809
809.64825	3979.0845
809.69904	3947.3425
809.74988	4064.1067
809.80072	4021.4568
809.85156	4048.3167
809.9024	4019.9539
809.95325	4048.092
810.00409	3896.3887
810.05487	3816.0437
810.10571	3788.252
810.15656	3992.2
810.2074	4019.2854
810.25824	4246.9419
810.30908	4164.7754
810.35992	4141.123
810.41071	3914.7451
810.46155	3834.0779
810.51239	3779.4114
810.56323	3935.7998
810.61407	3990.7551
810.66492	4067.8059
810.71576	4050.9395
810.7666	4102.415
810.81738	4174.8604
810.86823	4071.0364
810.91907	4065.6677
810.96991	4090.9971
811.02075	4076.3496
811.07159	4005.8149
811.12244	3974.1648
811.17322	4018.9304
811.22406	4177.4834
811.2749	4305.1138
811.32574	4397.3955
811.37659	4285.0273
811.42743	4310.0107
811.47827	4231.3779
811.52905	4201.272
811.5799	4114.8306
811.63074	4285.5571
811.68158	4239.1592
811.73242	4383.1802
811.78326	4217.2671
811.83411	4333.729
811.88489	4356.0898
811.93573	4471.2422
811.98657	4322.9097
812.03741	4484.9814
812.08826	4380.478
812.1391	4467.9985
812.18994	4229.728
812.24072	4340.9312
812.29156	4265.3672
812.34241	4495.5288
812.39325	4372.2021
812.44409	4396.333
812.49493	4469.0464
812.54578	4520.4927
812.59656	4457.6758
812.6474	4452.2891
812.69824	4357.2285
812.74908	4390.8062
812.79993	4313.251
812.85077	4196.4028
812.90161	4243.8062
812.95239	4452.0586
813.00323	4613.8105
813.05408	4629.1841
813.10492	4681.6343
813.15576	4479.4287
813.2066	4429.5278
813.25745	4146.543
813.30823	4224.7383
813.35907	4247.1543
813.40991	4594.9702
813.46075	4553.0127
813.5116	4726.3428
813.56244	4534.8672
813.61328	4624.394
813.66406	4408.1548
813.7149	4613.415
813.76575	4412.1851
813.81659	4688.6582
813.86743	4534.2041
813.91827	4605.4883
813.96912	4414.3438
814.0199	4754.5376
814.07074	4808.7856
814.12158	4884.6147
814.17242	4802.647
814.22327	4907.8511
814.27411	4825.1172
814.32495	4748.542
814.37573	4598.4746
814.42657	4782.8887
814.47742	4890.6841
814.52826	4941.3076
814.5791	4787.3677
814.62994	4858.5708
814.68079	4898.2427
814.73163	4819.8569
814.78241	4993.3799
814.83325	4922.7808
814.88409	5044.8618
814.93494	4790.8765
814.98578	4849.2329
815.03662	4623.6196
815.08746	4871.0781
815.13824	4865.7319
815.18909	5093.2524
815.23993	4929.8325
815.29077	5099.1094
815.34161	4936.9014
815.39246	5065.4775
815.4433	4833.7944
815.49408	4900.4199
815.54492	4791.2393
815.59576	4854.7251
815.64661	4639.4434
815.69745	4681.0903
815.74829	4867.188
815.79913	5124.8809
815.84991	5191.1548
815.90076	5279.3774
815.9516	5255.8511
816.00244	5080.335
816.05328	4898.3701
816.10413	4716.9839
816.15497	4870.9771
816.20575	5029.3701
816.25659	5358.5469
816.30743	5372.4219
816.35828	5312.5903
816.40912	5201.6675
816.45996	5148.3862
816.5108	5041
816.56158	5186.3706
816.61243	5150.9473
816.66327	5327.9995
816.71411	5177.0249
816.76495	5322.3765
816.8158	5282.3569
816.86664	5488.2827
816.91742	5511.1196
816.96826	5457.3491
817.0191	5453.6436
817.06995	5484.7173
817.12079	5440.4102
817.17163	5351.3726
817.22247	5359.2412
817.27325	5417.7329
817.3241	5450.5059
817.37494	5389.2661
817.42578	5309.0645
817.47662	5373.0669
817.52747	5521.4478
817.57831	5530.6641
817.62909	5725.8984
817.67993	5581.501
817.73077	5556.4214
817.78162	5277.145
817.83246	5294.7319
817.8833	5242.5913
817.93414	5417.8149
817.98492	5437.2544
818.03577	5619.8774
818.08661	5550.3848
818.13745	5706.6934
818.18829	5488.5576
818.23914	5422.4409
818.28998	5356.9233
818.34076	5296.3862
818.3916	5395.1221
818.44244	5367.9424
818.49329	5429.6426
818.54413	5516.1133
818.59497	5652.9814
818.64581	5749.1074
818.69659	5852.7412
818.74744	5731.9458
818.79828	5797.2397
818.84912	5599.6836
818.89996	5382.7095
818.95081	5320.834
819.00165	5537.127
819.05249	5696.5625
819.10327	5911.9893
819.15411	5928.4761
819.20496	6004.5132
819.2558	5897.1167
819.30664	5904.5234
819.35748	5817.1289
819.40833	5790.3291
819.45911	5963.5049
819.50995	5972.9702
819.56079	5928.8569
819.61163	5937.7563
819.66248	6069.9321
819.71332	6097.3433
819.76416	6155.793
819.81494	6161.688
819.86578	6230.2705
819.91663	6189.8638
819.96747	6221.8804
820.01831	5952.7056
820.06915	6023.8076
820.12	6064.5376
820.17078	6131.5713
820.22162	5983.5068
820.27246	5986.688
820.3233	6045.79
820.37415	6245.9863
820.42499	6270.9722
820.47583	6247.6807
820.52661	6322.7676
820.57745	6277.7344
820.6283	5955.1802
820.67914	5664.4512
820.72998	5671.3281
820.78082	5895.2251
820.83167	6252.8911
820.88245	6387.4585
820.93329	6479.1841
820.98413	6348.1187
821.03497	6194.8789
821.08582	5951.6875
821.13666	5887.3638
821.1875	5938.1162
821.23828	6116.7363
821.28912	6143.1899
821.33997	6152.3994
821.39081	6260.687
821.44165	6409.7593
821.49249	6422.2646
821.54333	6487.5815
821.59412	6508.978
821.64496	6474.9912
821.6958	6416.0576
821.74664	6203.2432
821.79749	6136.042
821.84833	6172.8135
821.89917	6487.8281
821.94995	6600.3276
822.00079	6617.9614
822.05164	6724.8262
822.10248	6801.0015
822.15332	6669.623
822.20416	6537.0005
822.255	6505.1304
822.30579	6656.5845
822.35663	6761.5479
822.40747	6644.7925
822.45831	6581.3003
822.50916	6599.2871
822.56	6711.5474
822.61084	6808.8657
822.66162	6819.52
822.71246	6841.7578
822.76331	6880.7202
822.81415	6782.3887
822.86499	6637.6563
822.91583	6518.9346
822.96667	6613.1792
823.01752	6725.6553
823.0683	6709.7358
823.11914	6629.9482
823.16998	6688.8296
823.22083	6804.0576
823.27167	6898.0498
823.32251	6870.6357
823.37335	6868.4907
823.42413	6896.2451
823.47498	6610.4443
823.52582	6388.4048
823.57666	6320.0254
823.6275	6461.8848
823.67834	6777.269
823.72919	7129.2319
823.77997	7194.8486
823.83081	7140.6221
823.88165	7029.2925
823.9325	6821.4888
823.98334	6513.604
824.03418	6404.457
824.08502	6624.7642
824.1358	6795.1313
824.18665	6895.709
824.23749	6931.3457
824.28833	7103.7295
824.33917	7183.2793
824.39001	7152.6299
824.44086	7071.7715
824.49164	7157.8208
824.54248	7221.5103
824.59332	7130.3486
824.64417	6945.0059
824.69501	6931.4175
824.74585	7073.1431
824.79669	7261.3145
824.84747	7430.2202
824.89832	7472.1167
824.94916	7513.6587
825	7497.6997
825.05084	7424.7441
825.10168	7282.1094
825.15253	7365.46
825.20331	7455.877
825.25415	7521.7212
825.30499	7294.4849
825.35583	7112.3813
825.40668	7249.5381
825.45752	7507.7368
825.50836	7640.604
825.55914	7627.4053
825.60999	7645.5591
825.66083	7539.2915
825.71167	7384.7271
825.76251	7114.2856
825.81335	7087.46
825.8642	7137.6025
825.91498	7264.0571
825.96582	7283.6182
826.01666	7294.5264
826.0675	7321.6919
826.11835	7498.3271
826.16919	7604.4854
826.22003	7610.6167
826.27081	7548.9238
826.32166	7464.1792
826.3725	7222.2432
826.42334	6894.1455
826.47418	6842.7788
826.52502	7096.0732
826.57587	7598.6172
826.62665	7814.0728
826.67749	7955.5747
826.72833	7916.2754
826.77917	7732.417
826.83002	7303.168
826.88086	7127.377
826.9317	7096.6836
826.98248	7379.0981
827.03333	7615.6104
827.08417	7716.9048
827.13501	7834.4878
827.18585	7818.4941
827.23669	7903.8613
827.28754	7818.6934
827.33838	7708.6509
827.38916	7726.9204
827.44	7964.5596
827.49084	7880.3745
827.54169	7724.772
827.59253	7634.9316
827.64337	7835.2153
827.69421	7983.3174
827.745	8104.6826
827.79584	8037.7446
827.84668	8040.6079
827.89752	8163.5776
827.94836	8097.5801
827.99921	8012.1802
828.05005	7942.7417
828.10083	8094.3574
828.15167	7928.542
828.20251	7772.9302
828.25336	7570.8574
828.3042	7742.6646
828.35504	7997.77
828.40588	8338.4063
828.45667	8401.1543
828.50751	8401.1543
828.55835	8227.8916
828.60919	7941.167
828.66003	7603.9106
828.71088	7407.1807
828.76172	7617.5347
828.8125	7846.6885
828.86334	8030.5713
828.91418	8056.7725
828.96503	8224.8945
829.01587	8127.8398
829.06671	8092.54
829.11755	7963.3345
829.16833	7974.2402
829.21918	7929.5005
829.27002	7880.9458
829.32086	7705.3066
829.3717	7599.313
829.42255	7836.728
829.47339	8143.6587
829.52417	8492.5156
829.57501	8644.5859
829.62585	8627.0371
829.6767	8401.999
829.72754	8189.4097
829.77838	7777.0601
829.82922	7765.2158
829.88	8055.0449
829.93085	8523.3926
829.98169	8644.3662
830.03253	8653.3379
830.08337	8755.291
830.13422	8818.6777
830.18506	8739.3613
830.23584	8529.6455
830.28668	8624.7441
830.33752	8770.1846
830.38837	8806.4629
830.43921	8588.5977
830.49005	8513.0684
830.54089	8516.1123
830.59167	8703.3994
830.64252	8780.3818
830.69336	8828.833
830.7442	8866.585
830.79504	8936.7148
830.84589	8986.8516
830.89673	8846.3906
830.94751	8754.0488
830.99835	8765.8018
831.04919	8754.6855
831.10004	8450.3301
831.15088	8299.3311
831.20172	8300.2852
831.25256	8623.4033
831.30341	9002.2754
831.35419	9256.5049
831.40503	9283.7783
831.45587	9170.0039
831.50671	8772.8467
831.55756	8199.3789
831.6084	7967.9731
831.65924	8147.6455
831.71002	8561.4512
831.76086	8920.0566
831.81171	9109.1924
831.86255	9131.918
831.91339	9166.2441
831.96423	8975.8154
832.01508	8746.3701
832.06586	8555.79
832.1167	8736.9766
832.16754	8877.6309
832.21838	8767.459
832.26923	8687.6963
832.32007	8753.0098
832.37091	9119.9395
832.42169	9357.5234
832.47253	9569.4521
832.52338	9536.3252
832.57422	9544.5156
832.62506	9421.2412
832.6759	9186.5977
832.72675	8925.7148
832.77753	9000.3457
832.82837	9403.7451
832.87921	9679.5869
832.93005	9697.9961
832.9809	9558.7021
833.03174	9704.2979
833.08258	9738.1611
833.13336	9739.8906
833.1842	9616.7061
833.23505	9664.125
833.28589	9790.8447
833.33673	9685.4971
833.38757	9342.2266
833.43842	9234.6611
833.4892	9420.2881
833.54004	9715.7168
833.59088	9879.4844
833.64172	9777.8789
833.69257	9877.7471
833.74341	9949.5596
833.79425	9876.5771
833.84503	9537.3916
833.89587	9444.4102
833.94672	9567.9004
833.99756	9559.4717
834.0484	9302.0156
834.09924	9099.7217
834.15009	9232.1113
834.20087	9704.0605
834.25171	10134.999
834.30255	10235.312
834.35339	10275.898
834.40424	10019.752
834.45508	9639.042
834.50592	8981.333
834.5567	8730.2373
834.60754	8951.6592
834.65839	9528.7471
834.70923	10034.766
834.76007	10293.699
834.81091	10388.969
834.86176	10319.628
834.91254	10112.026
834.96338	9666.9072
835.01422	9557.9248
835.06506	9714.9512
835.11591	10027.74
835.16675	10015.459
835.21759	9973.3145
835.26837	10051.64
835.31921	10412.535
835.37006	10644.302
835.4209	10621.023
835.47174	10609.689
835.52258	10652.825
835.57343	10722.393
835.62427	10391.396
835.67505	10198.968
835.72589	10180.458
835.77673	10596.468
835.82758	10758.57
835.87842	10743.61
835.92926	10627.298
835.9801	10683.67
836.03088	10844.862
836.08173	10845.952
836.13257	10892.91
836.18341	10878.958
836.23425	10983.63
836.2851	10678.599
836.33594	10283.941
836.38672	9938.251
836.43756	10199.623
836.4884	10582.664
836.53925	10892.444
836.59009	10968.884
836.64093	11002.602
836.69177	11073.111
836.74255	10765.329
836.7934	10454.253
836.84424	10141.831
836.89508	10295.488
836.94592	10386.199
836.99677	10371.83
837.04761	10156.212
837.09839	10274.839
837.14923	10627.877
837.20007	11022.359
837.25092	11229.907
837.30176	11226.292
837.3526	11209.128
837.40344	10652.803
837.45422	10182.122
837.50507	9675.2461
837.55591	9873.1719
837.60675	10413.733
837.65759	11170.458
837.70844	11532.645
837.75928	11636.479
837.81006	11639.094
837.8609	11341.996
837.91174	10982.771
837.96259	10464.608
838.01343	10670.781
838.06427	11020.188
838.11511	11375.903
838.16589	11224.313
838.21674	11283.517
838.26758	11507.352
838.31842	11714.707
838.36926	11716.927
838.4201	11598.005
838.47095	11759.066
838.52173	11708.432
838.57257	11734.653
838.62341	11390.739
838.67426	11285.135
838.7251	11411.965
838.77594	11822.018
838.82678	11737.304
838.87756	11471.463
838.92841	11483.938
838.97925	11700.794
839.03009	11993.357
839.08093	11873.719
839.13177	12060.926
839.18262	11865.601
839.2334	11811.228
839.28424	11002.271
839.33508	10641.573
839.38593	10479.657
839.43677	10958.595
839.48761	11705.588
839.53845	11986.768
839.58929	12318.647
839.64008	12097.193
839.69092	11992.951
839.74176	11233.905
839.7926	10800.373
839.84344	10698.643
839.89429	11117.702
839.94513	11292.957
839.99591	11356.773
840.04675	11379.671
840.0976	11405.444
840.14844	11928.534
840.19928	11918.394
840.25012	12083.786
840.30096	11899.818
840.35175	12089.587
840.40259	11677.101
840.45343	11038.565
840.50427	10709.328
840.55511	11051.426
840.60596	11961.545
840.6568	12312.675
840.70758	12857.283
840.75842	12706.423
840.80927	12859.986
840.86011	12411.067
840.91095	11956.233
840.96179	11544.796
841.01263	11825.717
841.06342	12410.778
841.11426	12559.311
841.1651	12586.007
841.21594	12159.94
841.26678	12693.752
841.31763	12771.036
841.36847	12904.002
841.41925	12718.531
841.47009	12898.155
841.52094	12902.743
841.57178	12699.468
841.62262	12446.21
841.67346	12062.997
841.7243	12440.082
841.77509	12468.942
841.82593	12686.204
841.87677	12256.868
841.92761	12492.246
841.97845	12590.007
842.0293	12954.249
842.08014	13148.036
842.13092	12851.149
842.18176	13027.525
842.2326	12530.409
842.28345	12189.084
842.33429	11198.213
842.38513	11376.073
842.43597	11707.604
842.48676	12721.691
842.5376	13251.554
842.58844	13479.248
842.63928	13490.171
842.69012	12829.861
842.74097	12297.907
842.79181	11359.143
842.84259	11532.541
842.89343	11798.893
842.94427	12501.456
842.99512	12689.343
843.04596	12659.434
843.0968	12974.829
843.14764	13060.475
843.19843	13282.965
843.24927	12819.903
843.30011	13094.753
843.35095	12841.191
843.40179	13195.217
843.45264	12491.214
843.50348	12280.119
843.55426	12369.376
843.6051	13133.157
843.65594	13968.521
843.70679	13881.075
843.75763	14119.836
843.80847	13786.713
843.85931	14085.455
843.91016	13409.696
843.96094	13201.514
844.01178	13018.797
844.06262	13661.887
844.11346	14142.082
844.16431	13578.685
844.21515	13567.867
844.26599	13386.155
844.31677	14192.985
844.36761	14066.465
844.41846	14308.407
844.4693	14059.102
844.52014	14335.265
844.57098	14203.135
844.62183	13419.506
844.67261	13112.65
844.72345	12968.819
844.77429	13663.781
844.82513	13575.968
844.87598	13777.457
844.92682	13453.504
844.97766	13859.262
845.02844	14173.626
845.07928	13981.243
845.13013	13934.455
845.18097	13705.367
845.23181	13875.396
845.28265	13024.147
845.3335	12753.816
845.38428	12120.667
845.43512	12746.784
845.48596	13585.797
845.5368	14400.146
845.58765	15013.939
845.63849	14762.735
845.68933	14921.303
845.74011	13755.799
845.79095	12951.988
845.8418	12134.449
845.89264	12567.895
845.94348	13449.547
845.99432	14154.974
846.04517	14734.34
846.09595	14499.795
846.14679	14944.249
846.19763	14839.726
846.24847	14773.615
846.29932	13957.97
846.35016	14317.849
846.401	14566.873
846.45178	14556.553
846.50262	14374.516
846.55347	13911.925
846.60431	14638.71
846.65515	14951.807
846.70599	15737.339
846.75684	15163.635
846.80762	15522.251
846.85846	15385.645
846.9093	15423.077
846.96014	15127.707
847.01099	14704.156
847.06183	14982.854
847.11267	15143.338
847.16345	15494.126
847.21429	14523.01
847.26514	14378.491
847.31598	14640.022
847.36682	15484.633
847.41766	15827.855
847.46851	15830.557
847.51929	16060.143
847.57013	15569.771
847.62097	15320.06
847.67181	13990.831
847.72266	13778.161
847.7735	13869.764
847.82434	14656.966
847.87512	15167.987
847.92596	15024.704
847.97681	15472.118
848.02765	15217.493
848.07849	15625.753
848.12933	14957.224
848.18018	14747.266
848.23102	14517.977
848.2818	14607.307
848.33264	14414.125
848.38348	13680.282
848.43433	13716.046
848.48517	13909.194
848.53601	15457.743
848.58685	15807.033
848.63763	16301.033
848.68848	16222.207
848.73932	15988.079
848.79016	15520.413
848.841	14113.487
848.89185	13881.641
848.94269	13982.175
848.99347	15386.403
849.04431	15928.816
849.09515	16579.549
849.146	16478.225
849.19684	16552.959
849.24768	16729.785
849.29852	15838.164
849.3493	15801.241
849.40015	15462.75
849.45099	16335.723
849.50183	16260.983
849.55267	16129.208
849.60352	15740.829
849.65436	15936.354
849.70514	16705.91
849.75598	16617.545
849.80682	16868.402
849.85767	16265.83
849.90851	16969.488
849.95935	16872.541
850.01019	16726.854
850.06097	16078.543
850.11182	16024.313
850.16266	16721.846
850.2135	16260.013
850.26434	15994.177
850.31519	15100.092
850.36603	15626.153
850.41681	16246.073
850.46765	17128.361
850.51849	17508.756
850.56934	17243.404
850.62018	17452.986
850.67102	16186.997
850.72186	15232.163
850.77264	14287.52
850.82349	14574.535
850.87433	15257.77
850.92517	16350.463
850.97601	17041.902
851.02686	16810.922
851.0777	17235.541
851.12848	16582.439
851.17932	16246.003
851.23016	15463.503
851.28101	15533.924
851.33185	15883.356
851.38269	15958.031
851.43353	15935.346
851.48431	15267.927
851.53516	15882.585
851.586	16434.537
851.63684	17535.623
851.68768	17577.75
851.73853	17711.52
851.78937	17673.004
851.84015	17242.85
851.89099	16519.957
851.94183	15389.688
851.99268	15649.986
852.04352	16295.32
852.09436	17729.215
852.1452	18171.617
852.19604	18053.193
852.24683	18325.813
852.29767	18109.891
852.34851	18176.021
852.39935	17292.477
852.4502	17563.445
852.50104	17604.963
852.55188	18164.467
852.60266	18040.02
852.6535	17201.418
852.70435	17271.525
852.75519	17511.93
852.80603	18527.539
852.85687	18326.561
852.90771	18364.639
852.9585	18286.887
853.00934	18803.57
853.06018	18670.406
853.11102	17617.316
853.16187	17494.475
853.21271	17367.455
853.26355	17831.625
853.31433	17300.256
853.36517	16717.693
853.41602	16528.428
853.46686	17222.693
853.5177	18285.4
853.56854	18745.104
853.61938	19260.27
853.67017	18746.646
853.72101	18463.965
853.77185	17158.582
853.82269	15779.347
853.87354	15322.527
853.92438	15630.316
853.97522	17201.662
854.026	18294.029
854.07684	19167.004
854.12769	19096.293
854.17853	19031.807
854.22937	18312.322
854.28021	17228.682
854.33105	16659.326
854.38184	16613.375
854.43268	17468.828
854.48352	17699.232
854.53436	17903.205
854.58521	17542.73
854.63605	17949.27
854.68689	18847.256
854.73767	19242.785
854.78851	19442.529
854.83936	19014.301
854.8902	19480.291
854.94104	18987.346
854.99188	18278.25
855.04272	17559.635
855.09351	17778.676
855.14435	18967.518
855.19519	19783.781
855.24603	20236.402
855.29688	19601.178
855.34772	19831.617
855.39856	20047.344
855.44934	20011.23
855.50018	19609.191
855.55103	19493.439
855.60187	20030.305
855.65271	19988.334
855.70355	19575.32
855.75439	18437.99
855.80518	18273.732
855.85602	18890.605
855.90686	19755.654
855.9577	20325.018
856.00854	20112.797
856.05939	20474.299
856.11023	20321.869
856.16101	19872.236
856.21185	18802.877
856.2627	18342.504
856.31354	18485.77
856.36438	18696.127
856.41522	18841.4
856.46606	18178.113
856.51691	18198.137
856.56769	18784.459
856.61853	19706.762
856.66937	20042.531
856.72021	20236.525
856.77106	20453.811
856.8219	19698.652
856.87274	18582.283
856.92352	17025.877
856.97437	16494.928
857.02521	16981.383
857.07605	18616.611
857.12689	20241.182
857.17773	21071.354
857.22858	21366.504
857.27936	20991.92
857.3302	20355.748
857.38104	18707.094
857.43188	17856.826
857.48273	17922.713
857.53357	18903.521
857.58441	19997.24
857.63519	20150.965
857.68604	20238.686
857.73688	20142.387
857.78772	20972.596
857.83856	21071.609
857.8894	20681.473
857.94025	20581.543
857.99103	20796.529
858.04187	21166.096
858.09271	20550.137
858.14355	19994.098
858.1944	19551.402
858.24524	20472.625
858.29608	21462.699
858.34686	21545.973
858.39771	21102.68
858.44855	20736.223
858.49939	21382.059
858.55023	21402.182
858.60107	21472.584
858.65192	21259.24
858.7027	21432.107
858.75354	21629.545
858.80438	20578.473
858.85522	19567.709
858.90607	18641.299
858.95691	19291.262
859.00775	20407.574
859.05853	21563.016
859.10938	22056.59
859.16022	22021.281
859.21106	22023.832
859.2619	20909.766
859.31274	19740.514
859.36359	18490.162
859.41437	18580.984
859.46521	19177.246
859.51605	19743.195
859.56689	19947.689
859.61774	19465.369
859.66858	20008.393
859.71942	20386.85
859.7702	21048.285
859.82104	20985.361
859.87189	20834.252
859.92273	20920.475
859.97357	20141.115
860.02441	19217.916
860.07526	17797.195
860.12604	17963.547
860.17688	19018.67
860.22772	20854.859
860.27856	22336.285
860.32941	22462.771
860.38025	22993.578
860.43109	22257.699
860.48193	21311.801
860.53271	19526.826
860.58356	18893.619
860.6344	19644.967
860.68524	20684.236
860.73608	22084.355
860.78693	21649.994
860.83777	21688.266
860.88855	21832.547
860.93939	22483.668
860.99023	22544.137
861.04108	21629.857
861.09192	21948.791
861.14276	22106.342
861.1936	22697.688
861.24438	21731.377
861.29523	20834.709
861.34607	20955.838
861.39691	21434.162
861.44775	22619.148
861.4986	21903.217
861.54944	21609.764
861.60022	21448.975
861.65106	22200.709
861.7019	22883.031
861.75275	22396.797
861.80359	22522.061
861.85443	21955.514
861.90527	22065.32
861.95605	20670.395
862.0069	19309.656
862.05774	18812.189
862.10858	19359.578
862.15942	21194.936
862.21027	22144.838
862.26111	23514.004
862.31189	23221.02
862.36273	22648.217
862.41357	21477.875
862.46442	19226.996
862.51526	18530.193
862.5661	18262.828
862.61694	19743.281
862.66772	20572.035
862.71857	21268.904
862.76941	21606.623
862.82025	21390.648
862.87109	22329.174
862.92194	21559.076
862.97278	21483.266
863.02356	20915.023
863.0744	21231.416
863.12524	21459.484
863.17609	20424.533
863.22693	19946.666
863.27777	19121.807
863.32861	20678.066
863.37939	22084.482
863.43024	23301.189
863.48108	23964.949
863.53192	23192.682
863.58276	23831.799
863.63361	22374.26
863.68445	21506.268
863.73523	20392.756
863.78607	20727.807
863.83691	22562.135
863.88776	23049.682
863.9386	23651.254
863.98944	22393.738
864.04028	23008.395
864.09106	23459.707
864.14191	23412.363
864.19275	23593.682
864.24359	22673.141
864.29443	23943.453
864.34528	23499.479
864.39612	23126.982
864.4469	21608.43
864.49774	20865.367
864.54858	22300.828
864.59943	22379.969
864.65027	23412.717
864.70111	22185.592
864.75195	22488.211
864.8028	23018.09
864.85358	23043.293
864.90442	23451.811
864.95526	21914.943
865.0061	22818.834
865.05695	22233.895
865.10779	21600.246
865.15863	20117.529
865.20941	19008.346
865.26025	19849.975
865.3111	20908.754
865.36194	23352.822
865.41278	24114.18
865.46362	24610.85
865.51447	24446.189
865.56525	22540.225
865.61609	21034.084
865.66693	18737.074
865.71777	18624.961
865.76862	19372.191
865.81946	21443.084
865.8703	23090.477
865.92108	23032.189
865.97192	23866.684
866.02277	23266.047
866.07361	23488.41
866.12445	22373.172
866.17529	21189.271
866.22614	21687.641
866.27692	22160.34
866.32776	23151.559
866.3786	22076.527
866.42944	21674.379
866.48029	21873.279
866.53113	23217.199
866.58197	24678.557
866.63275	24205.064
866.68359	24589.066
866.73444	24461.252
866.78528	24721.168
866.83612	24192.801
866.88696	22522.514
866.93781	22587.107
866.98859	22954.475
867.03943	24659.816
867.09027	24575.297
867.14111	23628.15
867.19196	23200.82
867.2428	23426.469
867.29364	24814.039
867.34442	24812.129
867.39526	25041.502
867.44611	24597.158
867.49695	24691.236
867.54779	24429.07
867.59863	22613.756
867.64948	21569.877
867.70026	20998.146
867.7511	22357.711
867.80194	23497.949
867.85278	23841.52
867.90363	24008.502
867.95447	23650.125
868.00531	24187.514
868.05609	23591.33
868.10693	22914.479
868.15778	22352.168
868.20862	22237.076
868.25946	22675.232
868.3103	21695.988
868.36115	20906.109
868.41193	20156.98
868.46277	20954.447
868.51361	22758.822
868.56445	24210.662
868.6153	25371.572
868.66614	25053.139
868.71698	24897.166
868.76782	23559.803
868.8186	21300.939
868.86945	19656.73
868.92029	19264.795
868.97113	20943.836
869.02197	22998.158
869.07281	24818.539
869.12366	25220.42
869.17444	25231.115
869.22528	25342.316
869.27612	24227.088
869.32697	23229.889
869.37781	22138.912
869.42865	22549.1
869.47949	23640.146
869.53027	24178.176
869.58112	24112.439
869.63196	23280.268
869.6828	23777.607
869.73364	24690.904
869.78448	25453.445
869.83533	25423.748
869.88611	24877.455
869.93695	25100.092
869.98779	25275.258
870.03864	25296.941
870.08948	24221.537
870.14032	23589.33
870.19116	24275.762
870.24194	24894.021
870.29279	24896.338
870.34363	23689.625
870.39447	23109.539
870.44531	23427.969
870.49615	24587.643
870.547	25616.752
870.59778	25496.121
870.64862	25638.289
870.69946	25315.078
870.75031	24435.021
870.80115	22525.154
870.85199	20560.986
870.90283	20225.348
870.95361	21321.35
871.00446	23314.057
871.0553	24174.367
871.10614	24741.979
871.15698	24872.393
871.20782	24492.367
871.25867	23855.15
871.30945	22323.254
871.36029	21353.123
871.41113	21151.594
871.46198	21962.857
871.51282	22421.992
871.56366	21573.867
871.6145	21136.98
871.66528	21270.752
871.71613	22737.037
871.76697	23925.992
871.81781	24480.727
871.86865	24670.457
871.91949	24381.066
871.97034	24204.52
872.02112	22376.59
872.07196	20581.797
872.1228	19643.205
872.17365	20538.301
872.22449	22919.232
872.27533	24399.926
872.32617	25478.029
872.37695	25391.445
872.4278	25454.131
872.47864	25139.359
872.52948	23554.998
872.58032	22610.834
872.63116	22101.648
872.68201	23426.607
872.73279	24478.5
872.78363	24371.293
872.83447	23828.299
872.88531	22944.758
872.93616	23805.9
872.987	24593.16
873.03784	24976.941
873.08868	24682.293
873.13947	24204.648
873.19031	25035.607
873.24115	24660.844
873.29199	24080.486
873.34283	22867.936
873.39368	22681.623
873.44452	23467.205
873.4953	23372.479
873.54614	22994.184
873.59698	21588.043
873.64783	21594.254
873.69867	22647.152
873.74951	23493.291
873.80035	24669.379
873.85114	24131.865
873.90198	24259.697
873.95282	23515.449
874.00366	21868.9
874.0545	19967.816
874.10535	18197.082
874.15619	18763.299
874.20697	20081.342
874.25781	22339.785
874.30865	23760.896
874.3595	23782.504
874.41034	24201.771
874.46118	23011.109
874.51202	21651.064
874.56281	19815.162
874.61365	18765.428
874.66449	19439.021
874.71533	20139.109
874.76617	21200.729
874.81702	20870.613
874.86786	20630.215
874.91864	21139.734
874.96948	21643.416
875.02032	22684.051
875.07117	22113.324
875.12201	22136.277
875.17285	22126.951
875.22369	21865.867
875.27448	21256.271
875.32532	19348.119
875.37616	19110.898
875.427	19842.602
875.47784	21789.121
875.52869	23033.24
875.57953	22693.891
875.63031	22971.164
875.68115	22546.287
875.73199	22775.531
875.78284	21896.666
875.83368	20614.635
875.88452	20637.033
875.93536	20902.295
875.98615	22274.48
876.03699	21716.629
876.08783	20502.09
876.13867	20016.902
876.18951	20085.213
876.24036	21380.814
876.2912	21362.553
876.34198	21328.186
876.39282	21393.645
876.44366	21385.816
876.49451	21325.631
876.54535	19693.322
876.59619	18865.203
876.64703	18446.824
876.69781	18777.291
876.74866	19401.697
876.7995	18519.984
876.85034	18403.006
876.90118	17616.129
876.95203	18452.588
877.00287	19473.08
877.05365	19467.268
877.10449	19778.051
877.15533	19060.16
877.20618	19198.271
877.25702	17817.543
877.30786	15787.269
877.3587	14683.034
877.40955	14230.929
877.46033	16008.982
877.51117	17435.977
877.56201	19101.836
877.61285	19810.49
877.6637	19244.201
877.71454	19108.924
877.76538	17166.93
877.81616	15555.599
877.867	14402.247
877.91785	14419.167
877.96869	15867.865
878.01953	16558.861
878.07037	17416.301
878.12122	16874.832
878.172	16891.055
878.22284	17726.66
878.27368	17200.822
878.32452	17119.113
878.37537	16303.838
878.42621	16313.07
878.47705	17129.021
878.52783	16386.717
878.57867	16084.255
878.62952	14855.712
878.68036	15352.021
878.7312	16169.144
878.78204	17009.557
878.83289	17393.922
878.88367	16057.599
878.93451	16313.56
878.98535	16530.533
879.03619	16428.842
879.08704	16167.907
879.13788	15082.77
879.18872	15754.207
879.2395	15728.61
879.29034	15697.525
879.34119	14820.323
879.39203	13146.008
879.44287	13810.773
879.49371	14062.95
879.54456	15348.91
879.59534	15462.97
879.64618	14955.669
879.69702	15653.688
879.74786	14488.319
879.79871	14211.83
879.84955	12592.453
879.90039	11721.672
879.95117	12144.327
880.00201	12400.858
880.05286	13404.794
880.1037	12607.183
880.15454	12487.465
880.20538	12613.153
880.25623	12602.422
880.30701	13420.475
880.35785	12599.299
880.40869	12585.178
880.45953	12656.025
880.51038	12102.736
880.56122	11789.697
880.61206	10351.041
880.66284	9812.4668
880.71368	9892.3154
880.76453	10821.832
880.81537	12507.923
880.86621	12580.438
880.91705	13356.965
880.9679	12746.01
881.01868	12124.995
881.06952	11487.188
881.12036	9745.8389
881.1712	9493.4912
881.22205	9485.9355
881.27289	10684.389
881.32373	11564.495
881.37457	11476.614
881.42535	11750.736
881.4762	11305.882
881.52704	11803.418
881.57788	11437.713
881.62872	10813.974
881.67957	10908.737
881.73041	10565.587
881.78119	11211.793
881.83203	11108.545
881.88287	10439.114
881.93372	10242.729
881.98456	10007.522
882.0354	10947.645
882.08624	10895.729
882.13702	10778.807
882.18787	10530.521
882.23871	10244.511
882.28955	10853.303
882.34039	10559.471
882.39124	10371.389
882.44208	10109.787
882.49286	9965.0801
882.5437	10328.179
882.59454	9591.6455
882.64539	8934.6367
882.69623	8174.3042
882.74707	8162.5708
882.79791	8901.6885
882.84869	9520.7549
882.89954	10109.309
882.95038	10039.913
883.00122	9718.3574
883.05206	9584.4629
883.10291	8446.0137
883.15375	7607.7656
883.20453	6969.7158
883.25537	7012.3604
883.30621	7644.1401
883.35706	8042.7305
883.4079	8481.9395
883.45874	8199.458
883.50958	8163.0391
883.56036	8229.043
883.61121	7893.9395
883.66205	7755.8711
883.71289	7212.4941
883.76373	7220.6646
883.81458	7343.8257
883.86542	7096.3799
883.9162	6721.8311
883.96704	6114.1489
884.01788	6258.8359
884.06873	6712.8521
884.11957	7249.8638
884.17041	7630.0127
884.22125	7554.3779
884.27203	7503.1768
884.32288	7111.6626
884.37372	6685.4116
884.42456	6041.8472
884.4754	5454.8062
884.52625	5623.2261
884.57709	5984.0879
884.62787	6509.4971
884.67871	6566.5181
884.72955	6273.7354
884.7804	6298.9277
884.83124	6208.9419
884.88208	6184.8208
884.93292	5847.6235
884.9837	5587.2935
885.03455	5594.0356
885.08539	5563.4385
885.13623	5649.4448
885.18707	5324.9282
885.23792	4928.3667
885.28876	4845.1982
885.33954	4972.1538
885.39038	5253.9736
885.44122	5160.8535
885.49207	4804.1294
885.54291	4641.9692
885.59375	4743.6006
885.64459	4874.4966
885.69543	4620.9854
885.74622	4420.9033
885.79706	4317.1704
885.8479	4319.1528
885.89874	4222.415
885.94958	3811.304
886.00043	3523.4985
886.05127	3375.1423
886.10205	3546.1375
886.15289	3974.1428
886.20374	4156.7964
886.25458	4204.2627
886.30542	4104.479
886.35626	3946.3811
886.4071	3631.6726
886.45789	3125.5051
886.50873	2763.915
886.55957	2634.1536
886.61041	2968.968
886.66125	3332.1064
886.7121	3493.1226
886.76294	3699.6821
886.81372	3604.8787
886.86456	3544.4902
886.91541	3414.5691
886.96625	3080.7568
887.01709	2846.0417
887.06793	2720.4402
887.11877	2903.0618
887.16956	3009.8232
887.2204	2912.98
887.27124	2803.2915
887.32208	2670.175
887.37292	2813.3147
887.42377	3015.8169
887.47461	3128.9712
887.52539	3167.0181
887.57623	3081.5684
887.62708	3085.5874
887.67792	3105.843
887.72876	2880.4209
887.7796	2708.1719
887.83044	2378.5481
887.88123	2646.5264
887.93207	2761.2231
887.98291	2905.6184
888.03375	2835.1509
888.08459	2687.106
888.13544	2745.3003
888.18628	2860.7122
888.23706	2738.2122
888.2879	2717.0566
888.33875	2571.637
888.38959	2739.2427
888.44043	2723.7261
888.49127	2557.1155
888.54211	2388.5889
888.5929	2046.0912
888.64374	2151.9995
888.69458	2372.3755
888.74542	2523.3713
888.79626	2442.9619
888.84711	2319.8403
888.89795	2434.9346
888.94873	2437.2202
888.99957	2352.1572
889.05042	2170.282
889.10126	2028.0692
889.1521	2020.1357
889.20294	2051.7698
889.25378	2052.0566
889.30457	1868.2468
889.35541	1700.1149
889.40625	1707.2589
889.45709	1835.9078
889.50793	1998.0854
889.55878	2210.22
889.60962	2044.7727
889.66046	2199.1223
889.71124	2013.3094
889.76208	1930.4905
889.81293	1586.826
889.86377	1388.9152
889.91461	1407.125
889.96545	1513.3368
890.0163	1723.3999
890.06708	1902.0625
890.11792	1935.2494
890.16876	2049.5725
890.2196	1929.106
890.27045	1789.9126
890.32129	1770.6696
890.37213	1424.3711
890.42291	1468.1282
890.47375	1518.781
890.5246	1620.7561
890.57544	1783.3009
890.62628	1610.4626
890.67712	1663.4374
890.72797	1626.3448
890.77875	1782.8892
890.82959	1808.8071
890.88043	1680.3442
890.93127	1744.6903
890.98212	1707.1273
891.03296	1709.7863
891.0838	1701.2904
891.13458	1562.2056
891.18542	1509.9554
891.23627	1473.3479
891.28711	1642.2991
891.33795	1669.5967
891.38879	1543.9641
891.43964	1475.0603
891.49042	1432.3147
891.54126	1498.2869
891.5921	1617.3381
891.64294	1611.6666
891.69379	1596.3206
891.74463	1584.1696
891.79547	1550.1482
891.84625	1442.1862
891.89709	1277.116
891.94794	1197.3811
891.99878	1150.8383
892.04962	1244.0348
892.10046	1391.0219
892.15131	1468.6462
892.20209	1527.6356
892.25293	1492.2291
892.30377	1426.9551
892.35461	1351.9185
892.40546	1241.9471
892.4563	1135.4141
892.50714	1114.2371
892.55792	1195.8032
892.60876	1263.2209
892.65961	1207.6039
892.71045	1121.7181
892.76129	1082.3949
892.81213	1157.0647
892.86298	1282.8827
892.91376	1339.494
892.9646	1366.5011
893.01544	1336.6331
893.06628	1313.3004
893.11713	1237.2848
893.16797	1081.1072
893.21881	949.81378
893.26959	861.71252
893.32043	1000.3431
893.37128	1134.2778
893.42212	1262.6573
893.47296	1349.2566
893.5238	1330.8367
893.57465	1322.5559
893.62543	1289.1942
893.67627	1202.2024
893.72711	1097.3757
893.77795	980.87451
893.8288	1024.0345
893.87964	1097.7559
893.93048	1205.3441
893.98132	1189.4976
894.0321	1101.5657
894.08295	1092.2954
894.13379	1097.5125
894.18463	1123.2129
894.23547	1125.1659
894.28632	1052.679
894.33716	1096.9626
894.38794	1075.5488
894.43878	1075.3802
894.48962	1009.9109
894.54047	894.5188
894.59131	876.0296
894.64215	934.03967
894.69299	987.40784
894.74377	916.12158
894.79462	833.86749
894.84546	821.55591
894.8963	852.27399
894.94714	899.63885
894.99799	923.58636
895.04883	887.45685
895.09961	878.92377
895.15045	833.604
895.20129	776.51727
895.25214	689.90894
895.30298	564.96088
895.35382	556.31421
895.40466	535.18719
895.45544	607.78357
895.50629	702.61981
895.55713	702.00702
895.60797	766.83435
895.65881	717.56799
895.70966	666.95007
895.7605	577.71582
895.81128	480.41428
895.86212	448.90994
895.91296	458.39612
895.96381	486.18448
896.01465	561.72803
896.06549	497.27682
896.11633	476.05878
896.16711	494.02213
896.21796	502.77127
896.2688	550.19849
896.31964	525.74536
896.37048	483.77908
896.42133	461.24799
896.47217	458.41046
896.52295	463.55969
896.57379	413.33997
896.62463	358.13553
896.67548	377.69406
896.72632	409.83594
896.77716	473.379
896.828	500.92706
896.87878	492.80219
896.92963	482.65323
896.98047	467.68378
897.03131	462.27142
897.08215	423.85245
897.133	391.08685
897.18384	385.14365
897.23462	368.48355
897.28546	425.78238
897.3363	420.26874
897.38715	366.18466
897.43799	366.41684
897.48883	352.85822
897.53967	366.59518
897.59045	400.95706
897.6413	400.01389
897.69214	399.59082
897.74298	381.8027
897.79382	383.00198
897.84467	358.41617
897.89551	329.28998
897.94635	320.71805
897.99713	286.4798
898.04797	303.38666
898.09882	329.37466
898.14966	322.91321
898.2005	295.62094
898.25134	253.01146
898.30219	263.94852
898.35297	283.87189
898.40381	302.00677
898.45465	314.17828
898.50549	304.73642
898.55634	301.7901
898.60718	275.12933
898.65802	236.88028
898.7088	202.84143
898.75964	180.48521
898.81049	185.54825
898.86133	216.18164
898.91217	270.10391
898.96301	305.37103
899.01385	298.71259
899.06464	298.24057
899.11548	273.38312
899.16632	223.15134
899.21716	188.44373
899.26801	166.35406
899.31885	164.6223
899.36969	187.95261
899.42047	228.10373
899.47131	244.88741
899.52216	238.06065
899.573	241.05321
899.62384	251.00655
899.67468	323.42203
899.72552	362.79886
899.77631	267.35486
899.82715	213.37498
899.87799	218.28778
899.92883	225.74336
899.97968	222.1134
900.03052	188.90111
900.08136	187.71071
900.13214	196.16548
900.18298	224.67584
900.23383	238.56847
900.28467	239.81622
900.33551	230.09818
900.38635	231.16977
900.43719	222.82999
900.48798	215.81783
900.53882	210.01587
900.58966	198.2606
900.6405	190.47583
900.69135	220.63814
900.74219	218.47658
900.79303	208.21475
900.84381	179.50679
900.89465	178.67209
900.9455	185.95122
900.99634	211.62794
901.04718	209.25084
901.09802	208.2746
901.14886	208.65613
901.19965	202.87129
901.25049	192.85999
901.30133	168.63437
901.35217	140.48088
901.40302	136.48589
901.45386	126.16714
901.5047	149.29292
901.55548	161.96428
901.60632	162.8757
901.65717	153.2402
901.70801	153.10265
901.75885	158.64275
901.80969	161.24178
901.86053	165.16228
901.91132	153.6804
901.96216	138.90747
902.013	150.62733
902.06384	141.20261
902.11469	125.16862
902.16553	107.89896
902.21637	90.27655
902.26721	119.74065
902.31799	130.39551
902.36884	158.22757
902.41968	145.87971
902.47052	165.98955
902.52136	155.71039
902.5722	158.30598
902.62305	131.18121
902.67383	111.57367
902.72467	80.907333
902.77551	88.860672
902.82635	128.51254
902.8772	138.04214
902.92804	152.08295
902.97888	137.37254
903.02966	132.75093
903.08051	144.01642
903.13135	133.97572
903.18219	131.62257
903.23303	123.79716
903.28387	133.59796
903.33472	128.76672
903.3855	134.12473
903.43634	144.14984
903.48718	146.5799
903.53802	107.16194
903.58887	134.03352
903.63971	144.89221
903.69055	151.63797
903.74133	148.26279
903.79218	149.41573
903.84302	155.50244
903.89386	145.40253
903.9447	139.8963
903.99554	131.23166
904.04639	114.89085
904.09717	124.35094
904.14801	134.7058
904.19885	141.97723
904.24969	138.153
904.30054	106.92369
904.35138	112.44538
904.40222	115.59171
904.453	138.00797
904.50385	142.0862
904.55469	140.43182
904.60553	141.89789
904.65637	139.65277
904.70721	122.27277
904.75806	108.06731
904.80884	103.65025
904.85968	85.355843
904.91052	96.673019
904.96136	113.2424
905.01221	119.06735
905.06305	120.35356
905.11389	115.18398
905.16467	116.90978
905.21552	119.57958
905.26636	115.00604
905.3172	110.07435
905.36804	91.060738
905.41888	91.350639
905.46973	112.44212
905.52051	108.14343
905.57135	91.882614
905.62219	83.425232
905.67303	83.030441
905.72388	91.242119
905.77472	109.22648
905.82556	124.61726
905.87634	122.61372
905.92719	113.27901
905.97803	111.78371
906.02887	104.00143
906.07971	99.541901
906.13055	86.928291
906.1814	78.73864
906.23218	79.250832
906.28302	98.897118
906.33386	114.82294
906.3847	117.24035
906.43555	117.78888
906.48639	109.11258
906.53723	111.45239
906.58807	108.82946
906.63885	95.552734
906.6897	94.572868
906.74054	96.971115
906.79138	94.190628
906.84222	104.20095
906.89307	103.54554
906.94391	96.540466
906.99469	90.481331
907.04553	87.585464
907.09637	95.596611
907.14722	99.620712
907.19806	88.584534
907.2489	91.327209
907.29974	97.315788
907.35052	88.190041
907.40137	92.877342
907.45221	89.275169
907.50305	83.522385
907.55389	87.330383
907.60474	90.739738
907.65558	85.014053
907.70636	81.62561
907.7572	75.553833
907.80804	68.04776
907.85889	74.398392
907.90973	86.273415
907.96057	91.490799
908.01141	89.098824
908.06219	86.80162
908.11304	84.302101
908.16388	81.702927
908.21472	76.815422
908.26556	66.173653
908.31641	57.523369
908.36725	63.860111
908.41803	72.588539
908.46887	76.933708
908.51971	70.731979
908.57056	76.653725
908.6214	80.364769
908.67224	84.098831
908.72308	83.666061
908.77386	74.926346
908.82471	66.219955
908.87555	61.36533
908.92639	66.11834
908.97723	72.166527
909.02808	75.843964
909.07892	68.575989
909.1297	73.284683
909.18054	75.983238
909.23138	75.436859
909.28223	81.90519
909.33307	87.346916
909.38391	75.892632
909.43475	90.060272
909.48553	80.421249
909.53638	82.731209
909.58722	74.849007
909.63806	82.911797
909.6889	69.529526
909.73975	77.263351
909.79059	85.116005
909.84137	79.287148
909.89221	87.637993
909.94305	77.505737
909.9939	87.051941
910.04474	80.74015
910.09558	93.574684
910.14642	94.768188
910.1972	85.754906
910.24805	73.916306
910.29889	96.83931
910.34973	84.609192
910.40057	91.796829
910.45142	74.434868
910.50226	74.500053
910.5531	80.782814
910.60388	81.156494
910.65472	82.940826
910.70557	85.746132
910.75641	80.291489
910.80725	90.563011
910.85809	84.362953
910.90894	77.186012
910.95972	86.133949
911.01056	78.622246
911.0614	80.850479
911.11224	73.025818
911.16309	80.9655
911.21393	81.683609
911.26477	73.991203
911.31555	71.150566
911.36639	81.486145
911.41724	83.072533
911.46808	86.059265
911.51892	89.431152
911.56976	85.418983
911.62061	85.5214
911.67139	77.891541
911.72223	71.439919
911.77307	74.303963
911.82391	66.609138
911.87476	65.157921
911.9256	72.272995
911.97644	71.936203
912.02722	75.858849
912.07806	86.48288
912.12891	83.893166
912.17975	82.995834
912.23059	83.065323
912.28143	78.69146
912.33228	70.458023
912.38306	66.939194
912.4339	70.358582
912.48474	77.158295
912.53558	78.688347
912.58643	78.189491
912.63727	77.258934
912.68811	80.391403
912.73889	82.470886
912.78973	79.634277
912.84058	79.465157
912.89142	77.871246
912.94226	81.548492
912.9931	80.954872
913.04395	82.326782
913.09473	75.770493
913.14557	70.984932
913.19641	71.728012
913.24725	69.182022
913.2981	74.071434
913.34894	78.761665
913.39978	78.495949
913.45056	82.795067
913.5014	79.202202
913.55225	79.706635
913.60309	80.836693
913.65393	75.526512
913.70477	78.251411
913.75562	79.407333
913.8064	75.627922
913.85724	72.098206
913.90808	74.079384
913.95892	70.585953
914.00977	64.684845
914.06061	64.168083
914.11145	70.852959
914.16223	68.788704
914.21307	75.340332
914.26392	75.173622
914.31476	74.861595
914.3656	80.360092
914.41644	67.540192
914.46729	64.205833
914.51807	66.316841
914.56891	61.368313
914.61975	63.623108
914.67059	56.60582
914.72144	64.834892
914.77228	63.257107
914.82312	63.385075
914.87396	60.674271
914.92474	68.819031
914.97559	66.742958
915.02643	64.759727
915.07727	69.955971
915.12811	65.784203
915.17896	70.982994
915.2298	69.480598
915.28058	64.592392
915.33142	62.7328
915.38226	58.976494
915.43311	65.192833
915.48395	66.057793
915.53479	70.311478
915.58563	69.223869
915.63641	68.416145
915.68726	73.573853
915.7381	70.628563
915.78894	63.296017
915.83978	71.408974
915.89063	60.036926
915.94147	55.701118
915.99225	54.875641
916.04309	57.586395
916.09393	65.236221
916.14478	67.744316
916.19562	60.908161
916.24646	71.516747
916.2973	62.901054
916.34808	65.939789
916.39893	61.725082
916.44977	61.075272
916.50061	63.863438
916.55145	62.68586
916.60229	64.193039
916.65314	71.850601
916.70392	68.072403
916.75476	66.682152
916.8056	64.311363
916.85645	68.661659
916.90729	60.152473
916.95813	63.302082
917.00897	64.112312
917.05975	61.804092
917.1106	67.376587
917.16144	68.994064
917.21228	66.000938
917.26312	64.585999
917.31396	67.45591
917.36481	70.239265
917.41559	69.426338
917.46643	60.020565
917.51727	59.886063
917.56812	57.428978
917.61896	60.346786
917.6698	60.454567
917.72064	66.605011
917.77142	71.158043
917.82227	71.088379
917.87311	69.62867
917.92395	67.795113
917.97479	63.92971
918.02563	61.798946
918.07648	61.060448
918.12726	55.62244
918.1781	57.696465
918.22894	60.475651
918.27979	60.42461
918.33063	58.880497
918.38147	61.536976
918.43231	60.131653
918.48309	62.849098
918.53394	60.358948
918.58478	57.084778
918.63562	56.50153
918.68646	59.667568
918.7373	61.583179
918.78815	62.182838
918.83899	59.228119
918.88977	56.327438
918.94061	55.925114
918.99146	57.921524
919.0423	60.012623
919.09314	57.543331
919.14398	56.448502
919.19482	58.942516
919.24561	58.685642
919.29645	60.630371
919.34729	63.993267
919.39813	60.561806
919.44897	56.54401
919.49982	59.363827
919.55066	60.885185
919.60144	54.88903
919.65228	56.28421
919.70313	62.854046
919.75397	62.202805
919.80481	60.599121
919.85565	55.867413
919.90649	58.446438
919.95728	57.862827
920.00812	58.965286
920.05896	57.907536
920.1098	57.477348
920.16064	55.273411
920.21149	63.035301
920.26233	55.894459
920.31311	55.691956
920.36395	51.573215
920.41479	51.889622
920.46564	57.989304
920.51648	52.176277
920.56732	54.975517
920.61816	54.764038
920.66895	53.70768
920.71979	53.081299
920.77063	57.71735
920.82147	63.704254
920.87231	54.165134
920.92316	48.965363
920.974	56.096161
921.02478	49.42276
921.07562	54.959953
921.12646	49.348946
921.17731	53.366081
921.22815	50.016308
921.27899	50.552757
921.32983	48.590614
921.38062	54.122227
921.43146	51.604355
921.4823	54.321136
921.53314	54.757893
921.58398	55.085747
921.63483	54.181713
921.68567	50.446526
921.73645	45.79232
921.78729	50.64658
921.83813	47.054878
921.88898	53.144493
921.93982	54.434124
921.99066	51.145481
922.0415	52.373238
922.09229	51.233089
922.14313	53.818233
922.19397	54.234993
922.24481	52.040909
922.29565	50.604801
922.3465	51.827732
922.39734	51.56057
922.44812	50.634922
922.49896	49.997345
922.5498	47.764126
922.60065	46.586018
922.65149	49.562634
922.70233	51.905449
922.75317	49.810734
922.80396	51.79311
922.8548	55.861679
922.90564	52.201603
922.95648	51.055798
923.00732	52.057682
923.05817	50.900936
923.10901	50.474201
923.15985	48.999302
923.21063	49.007442
923.26147	49.789795
923.31232	51.737976
923.36316	50.398567
923.414	49.897903
923.46484	50.243011
923.51569	48.832359
923.56647	48.03096
923.61731	49.258545
923.66815	49.363716
923.71899	51.574451
923.76984	53.247707
923.82068	51.692955
923.87152	50.384094
923.9223	46.193775
923.97314	45.528725
924.02399	48.732044
924.07483	51.23278
924.12567	49.011856
924.17651	47.103931
924.22736	46.810009
924.27814	44.659363
924.32898	47.484726
924.37982	48.430614
924.43066	47.186001
924.48151	50.005421
924.53235	47.149471
924.58319	45.973274
924.63397	50.341431
924.68481	46.965179
924.73566	47.652817
924.7865	42.95295
924.83734	44.906055
924.88818	45.67894
924.93903	46.122906
924.98981	47.56739
925.04065	47.400093
925.09149	45.793179
925.14233	47.483803
925.19318	41.76104
925.24402	46.193146
925.29486	48.278881
925.34564	47.056427
925.39648	47.934166
925.44733	48.046886
925.49817	47.571941
925.54901	46.555096
925.59985	47.817692
925.6507	48.010155
925.70148	47.221287
925.75232	46.936497
925.80316	46.906815
925.854	44.333195
925.90485	46.163376
925.95569	46.517979
926.00653	45.195412
926.05731	48.43581
926.10815	46.651573
926.159	46.919567
926.20984	47.64502
926.26068	47.921185
926.31152	46.549801
926.36237	45.018482
926.41315	49.623672
926.46399	44.657837
926.51483	45.117344
926.56567	43.184971
926.61652	48.317162
926.66736	44.018322
926.7182	45.856434
926.76898	48.872425
926.81982	45.579052
926.87067	48.130058
926.92151	51.249332
926.97235	47.628944
927.02319	45.9655
927.07404	44.540318
927.12488	42.181534
927.17566	45.619701
927.2265	48.27895
927.27734	45.836517
927.32819	46.689571
927.37903	49.48378
927.42987	49.222755
927.48071	47.187851
927.53149	44.452324
927.58234	43.486973
927.63318	45.861656
927.68402	46.570541
927.73486	46.893627
927.78571	44.635647
927.83655	45.078522
927.88733	49.186932
927.93817	47.454815
927.98901	47.830498
928.03986	44.49181
928.0907	44.372829
928.14154	42.676575
928.19238	43.055569
928.24316	44.584656
928.29401	46.37027
928.34485	46.103218
928.39569	43.574886
928.44653	42.219227
928.49738	44.30257
928.54822	45.955585
928.599	45.722393
928.64984	45.819214
928.70068	45.679554
928.75153	41.181049
928.80237	47.061665
928.85321	44.219921
928.90405	45.293762
928.95483	44.636021
929.00568	43.372005
929.05652	42.145672
929.10736	44.69878
929.1582	45.355499
929.20905	42.507973
929.25989	46.000309
929.31067	47.97691
929.36151	48.674229
929.41235	45.665833
929.4632	44.58514
929.51404	45.587074
929.56488	48.717163
929.61572	47.10622
929.6665	42.985321
929.71735	46.524284
929.76819	46.570248
929.81903	48.787304
929.86987	44.895481
929.92072	43.776863
929.97156	43.964397
930.02234	46.513771
930.07318	45.005043
930.12402	45.57119
930.17487	47.764389
930.22571	48.01955
930.27655	44.469994
930.32739	42.583752
930.37817	46.231628
930.42902	44.276043
930.47986	46.244812
930.5307	46.238983
930.58154	47.539703
930.63239	46.538544
930.68323	43.239094
930.73401	43.091202
930.78485	45.383099
930.83569	45.451736
930.88654	45.127571
930.93738	47.037666
930.98822	44.825577
931.03906	44.362423
931.08984	45.714405
931.14069	45.758869
931.19153	41.035324
931.24237	42.810184
931.29321	39.76825
931.34406	42.602936
931.3949	40.924278
931.44574	39.913212
931.49652	45.179447
931.54736	45.372913
931.59821	43.557186
931.64905	45.252377
931.69989	47.098869
931.75073	49.926357
931.80157	46.969269
931.85236	42.502544
931.9032	40.335739
931.95404	42.111912
932.00488	39.450226
932.05573	44.248199
932.10657	44.851242
932.15741	37.218086
932.20819	45.427681
932.25903	45.957436
932.30988	45.402908
932.36072	44.630817
932.41156	44.931061
932.4624	43.836452
932.51324	46.224716
932.56403	43.290958
932.61487	44.679157
932.66571	41.2976
932.71655	41.504635
932.7674	43.122128
932.81824	41.623631
932.86908	43.491123
932.91986	45.923187
932.9707	43.488239
933.02155	46.22942
933.07239	44.511547
933.12323	42.758564
933.17407	46.41452
933.22491	43.933918
933.2757	45.066738
933.32654	46.073788
933.37738	44.070984
933.42822	43.698948
933.47906	42.965073
933.52991	40.361397
933.58075	43.322926
933.63153	45.625935
933.68237	43.02623
933.73322	41.300652
933.78406	43.25024
933.8349	42.758404
933.88574	43.083569
933.93658	43.250244
933.98737	44.946556
934.03821	44.781239
934.08905	44.366673
934.13989	43.702126
934.19073	43.725063
934.24158	46.499435
934.29242	43.485554
934.3432	41.377174
934.39404	43.246021
934.44489	42.394726
934.49573	42.591927
934.54657	42.713364
934.59741	41.536488
934.64825	43.267727
934.69904	45.704647
934.74988	45.222908
934.80072	44.666664
934.85156	42.602249
934.9024	41.183964
934.95325	40.30135
935.00409	42.531403
935.05487	43.592949
935.10571	41.414459
935.15656	42.102119
935.2074	44.097244
935.25824	43.772758
935.30908	44.130482
935.35992	41.092152
935.41071	41.384968
935.46155	38.710789
935.51239	38.649586
935.56323	41.022644
935.61407	42.940292
935.66492	43.388306
935.71576	39.871464
935.7666	36.837471
935.81738	41.563492
935.86823	40.707794
935.91907	47.332962
935.96991	41.271233
936.02075	40.834698
936.07159	38.898411
936.12244	41.037182
936.17322	43.475533
936.22406	40.199474
936.2749	43.764164
936.32574	40.484295
936.37659	42.245995
936.42743	43.236557
936.47827	40.818989
936.52905	42.566402
936.5799	42.154243
936.63074	40.980869
936.68158	41.496613
936.73242	41.224354
936.78326	43.121971
936.83411	41.838474
936.88489	41.547554
936.93573	41.924095
936.98657	38.82769
937.03741	42.354309
937.08826	46.393314
937.1391	42.647846
937.18994	42.052971
937.24072	38.981926
937.29156	46.078144
937.34241	43.940441
937.39325	41.645195
937.44409	41.748764
937.49493	42.437881
937.54578	42.769619
937.59656	42.692814
937.6474	41.318665
937.69824	42.826862
937.74908	42.469933
937.79993	41.55278
937.85077	38.87616
937.90161	39.226563
937.95239	41.002697
938.00323	41.39381
938.05408	39.490681
938.10492	38.625233
938.15576	38.075333
938.2066	40.765427
938.25745	43.732433
938.30823	43.111214
938.35907	38.105324
938.40991	41.058765
938.46075	41.244026
938.5116	40.449974
938.56244	42.726707
938.61328	40.70892
938.66406	38.229225
938.7149	40.966331
938.76575	42.369736
938.81659	40.442108
938.86743	39.55439
938.91827	42.207344
938.96912	39.490105
939.0199	40.210175
939.07074	40.081886
939.12158	39.473553
939.17242	38.910389
939.22327	41.544556
939.27411	40.304455
939.32495	41.30946
939.37573	38.732891
939.42657	36.607616
939.47742	38.141148
939.52826	40.785107
939.5791	42.803692
939.62994	41.838161
939.68079	39.805504
939.73163	40.140102
939.78241	39.499687
939.83325	41.09071
939.88409	42.260536
939.93494	38.923279
939.98578	40.789551
940.03662	42.815823
940.08746	44.267307
940.13824	42.104542
940.18909	40.160339
940.23993	40.642269
940.29077	39.099644
940.34161	40.270363
940.39246	40.089672
940.4433	44.018047
940.49408	43.661816
940.54492	44.651573
940.59576	45.709976
940.64661	41.907204
940.69745	39.157978
940.74829	42.646572
940.79913	41.412167
940.84991	44.453678
940.90076	42.046303
940.9516	42.515175
941.00244	39.612843
941.05328	43.839405
941.10413	42.954433
941.15497	38.999352
941.20575	39.708611
941.25659	42.000301
941.30743	42.733013
941.35828	42.713573
941.40912	43.056694
941.45996	43.829407
941.5108	43.47401
941.56158	42.658482
941.61243	42.17223
941.66327	41.756222
941.71411	42.906235
941.76495	40.216316
941.8158	39.023209
941.86664	38.912148
941.91742	38.508911
941.96826	39.429813
942.0191	40.597431
942.06995	40.102654
942.12079	42.813957
942.17163	41.739296
942.22247	39.219673
942.27325	40.233238
942.3241	38.513401
942.37494	38.435291
942.42578	40.886425
942.47662	39.743622
942.52747	39.830547
942.57831	38.727734
942.62909	40.334881
942.67993	39.454857
942.73077	38.522652
942.78162	40.968056
942.83246	42.522625
942.8833	42.858498
942.93414	42.134632
942.98492	41.268963
943.03577	42.84729
943.08661	41.886662
943.13745	42.230228
943.18829	37.820507
943.23914	37.217037
943.28998	37.940197
943.34076	40.078312
943.3916	36.193661
943.44244	41.169872
943.49329	42.820614
943.54413	40.358345
943.59497	41.411499
943.64581	40.295685
943.69659	42.542522
943.74744	40.219524
943.79828	40.648357
943.84912	40.773438
943.89996	41.676682
943.95081	37.393902
944.00165	40.726875
944.05249	42.677597
944.10327	40.110397
944.15411	35.127834
944.20496	40.93203
944.2558	40.005161
944.30664	41.828766
944.35748	44.937229
944.40833	42.954376
944.45911	42.345612
944.50995	47.032429
944.56079	38.323486
944.61163	44.181915
944.66248	44.605282
944.71332	36.297653
944.76416	39.951649
944.81494	40.840469
944.86578	39.613094
944.91663	38.337456
944.96747	40.617012
945.01831	40.816883
945.06915	43.311996
945.12	42.319519
945.17078	41.857674
945.22162	36.93428
945.27246	40.801224
945.3233	42.167175
945.37415	40.773438
945.42499	40.107788
945.47583	38.773438
945.52661	41.384403
945.57745	43.658829
945.6283	39.862022
945.67914	38.69249
945.72998	38.54636
945.78082	42.302715
945.83167	42.203335
945.88245	40.358414
945.93329	39.447109
945.98413	40.353779
946.03497	41.366371
946.08582	40
946.13666	41.611095
946.1875	40.670025
946.23828	41.038227
946.28912	40.449581
946.33997	38.908451
946.39081	40.831978
946.44165	38.246044
946.49249	38.561413
946.54333	41.160877
946.59412	39.7645
946.64496	40.826294
946.6958	40.374687
946.74664	38.507236
946.79749	38
946.84833	38
946.89917	40.105404
946.94995	40.174557
947.00079	41.577652
947.05164	41.195957
947.10248	41.633076
947.15332	39.272118
947.20416	36.418098
947.255	40.122677
947.30579	43.410378
947.35663	41.984528
947.40747	37.435234
947.45831	41.411541
947.50916	38.014797
947.56	42.75943
947.61084	40.841591
947.66162	41.758305
947.71246	41.999802
947.76331	39.014595
947.81415	39.969929
947.86499	38.954453
947.91583	38.304737
947.96667	43
948.01752	42.888687
948.0683	41.773438
948.11914	42.016842
948.16998	43.088383
948.22083	38.92487
948.27167	40.274162
948.32251	41.720455
948.37335	36.802143
948.42413	37.493336
948.47498	41.804115
948.52582	39.050201
948.57666	41.902111
948.6275	38.773438
948.67834	38.19202
948.72919	38.37373
948.77997	42.248783
948.83081	41.4249
948.88165	38.148106
948.9325	38.020859
948.98334	39.773438
949.03418	39.065773
949.08502	38
949.1358	39.289955
949.18665	39.117233
949.23749	37.234371
949.28833	37.404964
949.33917	37.491886
949.39001	38.899773
949.44086	41.341946
949.49164	43.434517
949.54248	40.544224
949.59332	39.614128
949.64417	43.929775
949.69501	40.587124
949.74585	38.710949
949.79669	42.449497
949.84747	39.958492
949.89832	36.594898
949.94916	39.246059
950	40.077087
