700	788.4389
700.05084	799.87463
700.10168	828.89655
700.15253	813.45422
700.20331	817.03009
700.25415	838.80829
700.30499	870.77881
700.35583	809.86694
700.40668	827.89227
700.45752	821.25684
700.50836	854.39819
700.55914	823.146
700.60999	844.99902
700.66083	882.53589
700.71167	853.2818
700.76251	835.68182
700.81335	815.52808
700.8642	834.56799
700.91498	833.13733
700.96582	833.0799
701.01666	810.5141
701.0675	804.45581
701.11835	867.87146
701.16919	891.32947
701.22003	878.85541
701.27081	826.70892
701.32166	855.37115
701.3725	901.82745
701.42334	855.95917
701.47418	828.25098
701.52502	868.60352
701.57587	842.31488
701.62665	854.07324
701.67749	864.70013
701.72833	872.5603
701.77917	892.39557
701.83002	872.33252
701.88086	864.89606
701.9317	897.94794
701.98248	903.76044
702.03333	899.90491
702.08417	890.96741
702.13501	891.68011
702.18585	916.50128
702.23669	891.0166
702.28754	865.34271
702.33838	860.65277
702.38916	869.87329
702.44	872.3869
702.49084	861.26044
702.54169	886.38049
702.59253	902.63525
702.64337	887.69635
702.69421	876.62244
702.745	903.76471
702.79584	885.43701
702.84668	901.29358
702.89752	931.85742
702.94836	923.22107
702.99921	903.35699
703.05005	888.74097
703.10083	863.85583
703.15167	887.82916
703.20251	932.60522
703.25336	916.08319
703.3042	913.07776
703.35504	896.82721
703.40588	869.97058
703.45667	898.29492
703.50751	933.92767
703.55835	915.71655
703.60919	926.75452
703.66003	958.32819
703.71088	925.75916
703.76172	942.31982
703.8125	951.38873
703.86334	929.46539
703.91418	948.60107
703.96503	926.0957
704.01587	917.73535
704.06671	938.26624
704.11755	929.75037
704.16833	959.68353
704.21918	952.49792
704.27002	936.07758
704.32086	912.57184
704.3717	888.15613
704.42255	916.02032
704.47339	966.40369
704.52417	987.14301
704.57501	947.70343
704.62585	920.74701
704.6767	935.44287
704.72754	962.98254
704.77838	947.3631
704.82922	963.02667
704.88	952.27753
704.93085	942.96875
704.98169	943.01471
705.03253	924.25037
705.08337	944.06342
705.13422	964.84796
705.18506	955.57715
705.23584	951.47119
705.28668	959.82288
705.33752	951.62122
705.38837	954.03625
705.43921	989.19684
705.49005	988.25647
705.54089	971.84998
705.59167	982.35168
705.64252	967.08282
705.69336	954.00476
705.7442	976.90222
705.79504	963.58636
705.84589	902.97864
705.89673	940.10394
705.94751	982.16254
705.99835	974.97498
706.04919	970.7807
706.10004	940.74078
706.15088	962.65448
706.20172	987.31445
706.25256	1008.3678
706.30341	1005.6389
706.35419	956.16406
706.40503	989.91541
706.45587	957.26947
706.50671	976.70996
706.55756	968.23096
706.6084	982.01392
706.65924	999.97748
706.71002	992.25336
706.76086	1012.2641
706.81171	946.74377
706.86255	981.85022
706.91339	1016.0272
706.96423	1051.0479
707.01508	1012.4073
707.06586	988.87598
707.1167	982.00488
707.16754	988.67889
707.21838	1001.5853
707.26923	1055.8522
707.32007	1024.7023
707.37091	1012.7624
707.42169	1024.3873
707.47253	1006.1396
707.52338	1020.3505
707.57422	999.17407
707.62506	967.61865
707.6759	993.9035
707.72675	1053.4844
707.77753	989.59167
707.82837	987.27563
707.87921	1047.4633
707.93005	1051.6467
707.9809	1046.5605
708.03174	1025.5892
708.08258	1034.526
708.13336	1072.2788
708.1842	1075.4469
708.23505	1050.9183
708.28589	1055.2153
708.33673	1041.5027
708.38757	1005.967
708.43842	1018.5709
708.4892	1034.9694
708.54004	1058.0106
708.59088	1080.0165
708.64172	1093.0381
708.69257	1062.5642
708.74341	1026.4143
708.79425	1043.0205
708.84503	1044.4713
708.89587	1069.1963
708.94672	1071.8232
708.99756	1052.5769
709.0484	1082.0858
709.09924	1060.5051
709.15009	1076.1046
709.20087	1083.0518
709.25171	1057.4923
709.30255	1083.4207
709.35339	1124.9836
709.40424	1075.0908
709.45508	1114.1783
709.50592	1126.9434
709.5567	1097.8086
709.60754	1062.7075
709.65839	1059.3319
709.70923	1110.4041
709.76007	1091.9626
709.81091	1082.2477
709.86176	1082.0004
709.91254	1102.6393
709.96338	1077.1313
710.01422	1101.0155
710.06506	1108.5735
710.11591	1084.3623
710.16675	1103.0984
710.21759	1130.193
710.26837	1125.3662
710.31921	1138.0189
710.37006	1131.5913
710.4209	1086.0093
710.47174	1122.001
710.52258	1085.0691
710.57343	1091.2875
710.62427	1110.8518
710.67505	1120.5264
710.72589	1098.6293
710.77673	1121.8947
710.82758	1115.5947
710.87842	1161.5334
710.92926	1136.4631
710.9801	1141.7454
711.03088	1174.2136
711.08173	1152.3831
711.13257	1127.2125
711.18341	1132.1814
711.23425	1143.5317
711.2851	1146.6793
711.33594	1147.9204
711.38672	1144.2427
711.43756	1147.9021
711.4884	1160.2448
711.53925	1157.3071
711.59009	1174.6417
711.64093	1179.741
711.69177	1146.1318
711.74255	1172.7528
711.7934	1204.834
711.84424	1188.4685
711.89508	1178.9707
711.94592	1145.3431
711.99677	1129.9158
712.04761	1158.5409
712.09839	1202.9077
712.14923	1194.6769
712.20007	1237.7106
712.25092	1215.4108
712.30176	1155.1199
712.3526	1178.8689
712.40344	1171.4695
712.45422	1198.6139
712.50507	1201.34
712.55591	1201.0907
712.60675	1226.8129
712.65759	1210.3342
712.70844	1183.7893
712.75928	1225.9417
712.81006	1256.7114
712.8609	1208.0518
712.91174	1193.405
712.96259	1206.4668
713.01343	1201.8188
713.06427	1224.2683
713.11511	1208.9138
713.16589	1179.3264
713.21674	1232.8325
713.26758	1200.3068
713.31842	1175.8464
713.36926	1228.7831
713.4201	1218.9443
713.47095	1221.7415
713.52173	1211.0022
713.57257	1205.4905
713.62341	1274.4354
713.67426	1250.9584
713.7251	1192.184
713.77594	1242.0939
713.82678	1229.165
713.87756	1224.0465
713.92841	1272.7959
713.97925	1256.7269
714.03009	1260.7554
714.08093	1255.7427
714.13177	1238.353
714.18262	1252.8823
714.2334	1255.0845
714.28424	1186.1718
714.33508	1263.0039
714.38593	1248.4625
714.43677	1244.6426
714.48761	1250.9352
714.53845	1273.1306
714.58929	1224.991
714.64008	1226.4636
714.69092	1278.3612
714.74176	1283.2388
714.7926	1280.3259
714.84344	1248.1058
714.89429	1246.1368
714.94513	1271.0841
714.99591	1271.105
715.04675	1292.8352
715.0976	1280.0962
715.14844	1237.183
715.19928	1245.2836
715.25012	1246.7534
715.30096	1245.6295
715.35175	1286.3247
715.40259	1290.4208
715.45343	1275.686
715.50427	1297.718
715.55511	1307.4917
715.60596	1311.4862
715.6568	1319.6837
715.70758	1310.1136
715.75842	1309.7633
715.80927	1313.8225
715.86011	1286.395
715.91095	1283.9435
715.96179	1317.3427
716.01263	1306.0446
716.06342	1322.975
716.11426	1308.0297
716.1651	1336.9104
716.21594	1349.9073
716.26678	1338.8771
716.31763	1294.873
716.36847	1376.5248
716.41925	1304.7805
716.47009	1293.4153
716.52094	1295.9269
716.57178	1307.0424
716.62262	1336.7905
716.67346	1284.0728
716.7243	1316.4321
716.77509	1352.8876
716.82593	1271.3524
716.87677	1328.3927
716.92761	1378.037
716.97845	1322.8375
717.0293	1330.3706
717.08014	1275.3198
717.13092	1326.8424
717.18176	1363.1243
717.2326	1354.7954
717.28345	1368.4321
717.33429	1317.2103
717.38513	1318.0331
717.43597	1330.0404
717.48676	1358.4972
717.5376	1299.0226
717.58844	1320.5044
717.63928	1326.1122
717.69012	1349.4417
717.74097	1349.9464
717.79181	1325.6276
717.84259	1320.772
717.89343	1358.6709
717.94427	1361.6292
717.99512	1367.8451
718.04596	1323.6251
718.0968	1310.7113
718.14764	1338.4229
718.19843	1393.3949
718.24927	1356.9216
718.30011	1332.2913
718.35095	1344.5521
718.40179	1364.6743
718.45264	1403.5789
718.50348	1364.7261
718.55426	1356.0931
718.6051	1393.2664
718.65594	1380.8898
718.70679	1415.8955
718.75763	1428.7152
718.80847	1404.2014
718.85931	1418.2203
718.91016	1379.043
718.96094	1366.3655
719.01178	1410.7981
719.06262	1422.0004
719.11346	1414.9956
719.16431	1401.5883
719.21515	1404.2268
719.26599	1422.7052
719.31677	1398.7676
719.36761	1429.1536
719.41846	1447.3867
719.4693	1404.1807
719.52014	1367.5292
719.57098	1425.8723
719.62183	1411.547
719.67261	1423.4792
719.72345	1465.4624
719.77429	1440.1591
719.82513	1457.4141
719.87598	1417.7813
719.92682	1440.0039
719.97766	1508.8066
720.02844	1461.7626
720.07928	1432.649
720.13013	1468.8812
720.18097	1454.9978
720.23181	1453.371
720.28265	1470.5931
720.3335	1422.0344
720.38428	1441.3881
720.43512	1418.0635
720.48596	1423.2454
720.5368	1493.2069
720.58765	1490.1195
720.63849	1513.9623
720.68933	1474.3612
720.74011	1456.1613
720.79095	1514.001
720.8418	1487.3529
720.89264	1504.5042
720.94348	1499.9669
720.99432	1511.1222
721.04517	1530.0493
721.09595	1530.6934
721.14679	1477.4084
721.19763	1507.4727
721.24847	1557.7905
721.29932	1495.6284
721.35016	1512.5367
721.401	1513.373
721.45178	1504.2723
721.50262	1512.53
721.55347	1523.4592
721.60431	1508.5653
721.65515	1506.8098
721.70599	1481.1257
721.75684	1523.6456
721.80762	1561.076
721.85846	1602.866
721.9093	1579.0359
721.96014	1521.1232
722.01099	1506.0774
722.06183	1510.4318
722.11267	1559.1395
722.16345	1551.2273
722.21429	1532.8866
722.26514	1572.0647
722.31598	1574.2216
722.36682	1547.4374
722.41766	1555.4854
722.46851	1585.2369
722.51929	1610.0835
722.57013	1596.5616
722.62097	1531.4009
722.67181	1520.927
722.72266	1581.723
722.7735	1591.2825
722.82434	1590.2551
722.87512	1593.5229
722.92596	1569.4768
722.97681	1616.5067
723.02765	1634.1316
723.07849	1583.3657
723.12933	1600.1077
723.18018	1574.6757
723.23102	1590.1752
723.2818	1602.0706
723.33264	1587.2217
723.38348	1566.9288
723.43433	1628.8914
723.48517	1631.9829
723.53601	1629.9791
723.58685	1640.9036
723.63763	1623.3872
723.68848	1643.8652
723.73932	1616.3684
723.79016	1615.8877
723.841	1674.9344
723.89185	1574.6859
723.94269	1607.2949
723.99347	1621.8921
724.04431	1678.588
724.09515	1668.9532
724.146	1634.1367
724.19684	1647.0217
724.24768	1589.1146
724.29852	1569.3517
724.3493	1617.0204
724.40015	1664.9362
724.45099	1647.1814
724.50183	1655.0687
724.55267	1657.1824
724.60352	1645.5703
724.65436	1664.978
724.70514	1634.7059
724.75598	1720.1451
724.80682	1629.5608
724.85767	1691.4031
724.90851	1625.5468
724.95935	1655.9349
725.01019	1683.5817
725.06097	1659.4982
725.11182	1675.5908
725.16266	1723.2762
725.2135	1697.8125
725.26434	1679.7461
725.31519	1662.2382
725.36603	1718.5695
725.41681	1749.2563
725.46765	1664.9574
725.51849	1666.3593
725.56934	1703.1835
725.62018	1648.8203
725.67102	1699.7946
725.72186	1698.8489
725.77264	1686.2625
725.82349	1711.8795
725.87433	1698.4862
725.92517	1706.8403
725.97601	1718.9163
726.02686	1718.7059
726.0777	1715.4288
726.12848	1727.1375
726.17932	1762.9341
726.23016	1756.0013
726.28101	1715.0388
726.33185	1706.6716
726.38269	1721.845
726.43353	1742.2799
726.48431	1708.6361
726.53516	1702.3634
726.586	1753.1782
726.63684	1738.235
726.68768	1713.8479
726.73853	1750.108
726.78937	1765.1003
726.84015	1750.1282
726.89099	1774.634
726.94183	1761.8477
726.99268	1758.8368
727.04352	1767.5157
727.09436	1769.6866
727.1452	1796.4706
727.19604	1787.6316
727.24683	1765.9695
727.29767	1799.0974
727.34851	1778.6603
727.39935	1776.8329
727.4502	1800.3574
727.50104	1733.0502
727.55188	1772.1943
727.60266	1803.3477
727.6535	1825.2594
727.70435	1825.712
727.75519	1807.6169
727.80603	1816.8777
727.85687	1744.9915
727.90771	1752.3418
727.9585	1813.4902
728.00934	1813.0288
728.06018	1837.785
728.11102	1842.2727
728.16187	1804.4224
728.21271	1865.3157
728.26355	1835.0265
728.31433	1794.9615
728.36517	1893.6055
728.41602	1833.874
728.46686	1827.6691
728.5177	1872.9973
728.56854	1818.9977
728.61938	1884.1938
728.67017	1854.3622
728.72101	1908.6454
728.77185	1888.0535
728.82269	1841.2903
728.87354	1866.3011
728.92438	1826.1337
728.97522	1854.45
729.026	1859.9722
729.07684	1904.998
729.12769	1903.8429
729.17853	1895.3738
729.22937	1875.9655
729.28021	1844.9698
729.33105	1895.2648
729.38184	1920.8698
729.43268	1873.7321
729.48352	1903.7947
729.53436	1973.3801
729.58521	1893.0906
729.63605	1913.6429
729.68689	1944.095
729.73767	1896.3253
729.78851	1952.3922
729.83936	1945.0879
729.8902	1930.043
729.94104	1966.8789
729.99188	1943.2308
730.04272	1940.6656
730.09351	1931.5038
730.14435	1918.5038
730.19519	1948.3234
730.24603	1969.4119
730.29688	2020.1636
730.34772	2021.327
730.39856	1922.9785
730.44934	1929.5402
730.50018	1961.6373
730.55103	1984.6326
730.60187	1981.1251
730.65271	1963.9976
730.70355	2010.0698
730.75439	2020.7701
730.80518	2008.4471
730.85602	2024.725
730.90686	2013.5752
730.9577	1991.3
731.00854	1984.5361
731.05939	2009.8143
731.11023	2044.5347
731.16101	2017.2312
731.21185	2017.5365
731.2627	2052.7068
731.31354	2044.5459
731.36438	2071.6548
731.41522	2051.2793
731.46606	2040.0742
731.51691	2030.4913
731.56769	2048.7766
731.61853	2080.3457
731.66937	2109.5745
731.72021	2127.9463
731.77106	2133.6345
731.8219	2092.8721
731.87274	2047.906
731.92352	2101.3303
731.97437	2070.4719
732.02521	2090.1106
732.07605	2116.8943
732.12689	2077.1257
732.17773	2087.3027
732.22858	2037.8259
732.27936	2090.9578
732.3302	2119.2214
732.38104	2060.2368
732.43188	2123.4973
732.48273	2139.3674
732.53357	2087.2185
732.58441	2133.8347
732.63519	2073.1306
732.68604	2127.9336
732.73688	2112.4402
732.78772	2114.6543
732.83856	2140.5112
732.8894	2087.9709
732.94025	2114.8323
732.99103	2071.7239
733.04187	2207.0918
733.09271	2230.8027
733.14355	2106.606
733.1944	2184.6411
733.24524	2123.9163
733.29608	2137.8647
733.34686	2162.6379
733.39771	2160.0269
733.44855	2195.4661
733.49939	2117.8313
733.55023	2121.7336
733.60107	2178.0964
733.65192	2141.199
733.7027	2168.5852
733.75354	2163.2283
733.80438	2143.6399
733.85522	2131.0981
733.90607	2199.2424
733.95691	2199.1594
734.00775	2192.1516
734.05853	2245.344
734.10938	2207.408
734.16022	2227.3933
734.21106	2250.0693
734.2619	2289.1545
734.31274	2267.1914
734.36359	2263.5774
734.41437	2222.0723
734.46521	2235.3748
734.51605	2283.0376
734.56689	2250.5405
734.61774	2244.8611
734.66858	2244.7813
734.71942	2327.5303
734.7702	2281.9761
734.82104	2260.1479
734.87189	2301.7703
734.92273	2287.9846
734.97357	2275.8242
735.02441	2260.9268
735.07526	2293.5366
735.12604	2283.9751
735.17688	2272.5498
735.22772	2261.7771
735.27856	2291.6318
735.32941	2300.0913
735.38025	2295.1216
735.43109	2299.967
735.48193	2281.0337
735.53271	2271.9509
735.58356	2301.3125
735.6344	2359.2761
735.68524	2350.8193
735.73608	2320.8181
735.78693	2324.7346
735.83777	2329.7383
735.88855	2363.9385
735.93939	2385.9648
735.99023	2381.1421
736.04108	2365.1367
736.09192	2365.0149
736.14276	2408.9077
736.1936	2388.6096
736.24438	2357.6523
736.29523	2400.9692
736.34607	2399.4219
736.39691	2390.499
736.44775	2390.2422
736.4986	2384.1838
736.54944	2455.9565
736.60022	2443.8826
736.65106	2426.114
736.7019	2423.907
736.75275	2398.1692
736.80359	2434.2314
736.85443	2408.7339
736.90527	2430.2986
736.95605	2457.4868
737.0069	2458.5349
737.05774	2478.7998
737.10858	2432.6738
737.15942	2493.324
737.21027	2406.9033
737.26111	2445.947
737.31189	2485.1548
737.36273	2463.3008
737.41357	2501.9768
737.46442	2505.8572
737.51526	2486.157
737.5661	2438.9341
737.61694	2491.0974
737.66772	2513.887
737.71857	2533.9573
737.76941	2496.0754
737.82025	2537.5674
737.87109	2515.104
737.92194	2551.3047
737.97278	2514.0029
738.02356	2480.2688
738.0744	2507.8958
738.12524	2524.6172
738.17609	2569.9998
738.22693	2573.8528
738.27777	2548.0083
738.32861	2625.4165
738.37939	2564.4778
738.43024	2552.49
738.48108	2560.8401
738.53192	2584.521
738.58276	2585.1414
738.63361	2519.021
738.68445	2648.6389
738.73523	2581.751
738.78607	2599.0706
738.83691	2612.1721
738.88776	2621.5522
738.9386	2656.5603
738.98944	2635.6423
739.04028	2616.3948
739.09106	2573.897
739.14191	2579.9109
739.19275	2632.3135
739.24359	2625.2825
739.29443	2629.373
739.34528	2654.4072
739.39612	2649.8083
739.4469	2642.8315
739.49774	2629.7017
739.54858	2662.2522
739.59943	2653.3245
739.65027	2673.8757
739.70111	2687.2205
739.75195	2646.4226
739.8028	2679.5417
739.85358	2686.3394
739.90442	2674.7117
739.95526	2705.7129
740.0061	2713.4919
740.05695	2731.1833
740.10779	2688.3557
740.15863	2698.3552
740.20941	2728.1538
740.26025	2719.4834
740.3111	2753.5056
740.36194	2769.7849
740.41278	2785.6753
740.46362	2808.1123
740.51447	2749.321
740.56525	2726.406
740.61609	2745.116
740.66693	2776.5908
740.71777	2786.27
740.76862	2786.7271
740.81946	2773.0332
740.8703	2766.5625
740.92108	2801.4441
740.97192	2812.7639
741.02277	2783.0347
741.07361	2794.0034
741.12445	2823.1528
741.17529	2801.5857
741.22614	2796.4521
741.27692	2829.9165
741.32776	2818.6052
741.3786	2809.2002
741.42944	2873.4082
741.48029	2900.6111
741.53113	2829.1587
741.58197	2854.679
741.63275	2828.0764
741.68359	2865.2188
741.73444	2918.1755
741.78528	2862.9392
741.83612	2863.2764
741.88696	2856.1189
741.93781	2896.2832
741.98859	2849.4382
742.03943	2848.7854
742.09027	2929.0613
742.14111	2898.7439
742.19196	2896.3687
742.2428	2867.1934
742.29364	2938.3867
742.34442	3012.479
742.39526	2947.7244
742.44611	2966.9871
742.49695	2941.5903
742.54779	2935.8086
742.59863	2975.8613
742.64948	2930.5955
742.70026	3025.0017
742.7511	2989.5439
742.80194	3026.7817
742.85278	3009.9055
742.90363	2961.7642
742.95447	3078.9163
743.00531	3011.8699
743.05609	3055.0891
743.10693	3097.7656
743.15778	3048.2212
743.20862	3104.5881
743.25946	3014.6296
743.3103	3065.634
743.36115	3032.4106
743.41193	3061.2422
743.46277	3110.9534
743.51361	3101.0916
743.56445	3132.7681
743.6153	3099.8989
743.66614	3141.043
743.71698	3135.5974
743.76782	3104.8647
743.8186	3136.0103
743.86945	3123.2109
743.92029	3164.2817
743.97113	3133.3672
744.02197	3106.9348
744.07281	3143.5784
744.12366	3156.9939
744.17444	3190.5305
744.22528	3148.3936
744.27612	3135.4639
744.32697	3146.9556
744.37781	3147.8286
744.42865	3238.0269
744.47949	3184.8076
744.53027	3200.7432
744.58112	3188.0535
744.63196	3200.5962
744.6828	3264.6284
744.73364	3235.533
744.78448	3245.1365
744.83533	3267.7097
744.88611	3258.0437
744.93695	3279.5349
744.98779	3298.3374
745.03864	3327.1685
745.08948	3338.5818
745.14032	3317.1482
745.19116	3314.2927
745.24194	3302.0825
745.29279	3311.6709
745.34363	3327.7803
745.39447	3336.938
745.44531	3377.4199
745.49615	3315.5269
745.547	3356.499
745.59778	3314.2583
745.64862	3394.6445
745.69946	3431.3459
745.75031	3394.5579
745.80115	3439.6128
745.85199	3411.9634
745.90283	3426.4128
745.95361	3427.3005
746.00446	3364.0547
746.0553	3498.5535
746.10614	3426.4348
746.15698	3502.2063
746.20782	3499.9023
746.25867	3425.5896
746.30945	3478.5557
746.36029	3449.1235
746.41113	3545.9851
746.46198	3465.9609
746.51282	3491.7122
746.56366	3524.2344
746.6145	3463.9531
746.66528	3462.8347
746.71613	3458.5952
746.76697	3531.5137
746.81781	3535.6975
746.86865	3566.6992
746.91949	3569.8992
746.97034	3448.8508
747.02112	3568.6575
747.07196	3540.2341
747.1228	3601.3027
747.17365	3539.4802
747.22449	3506.269
747.27533	3607.2539
747.32617	3534.8457
747.37695	3605.0715
747.4278	3596.6479
747.47864	3599.9854
747.52948	3634.853
747.58032	3569.4866
747.63116	3642.7334
747.68201	3624.0986
747.73279	3660.946
747.78363	3688.9395
747.83447	3661.8752
747.88531	3679.8579
747.93616	3671.6401
747.987	3702.4326
748.03784	3640.9766
748.08868	3640.7061
748.13947	3677.6243
748.19031	3669.4707
748.24115	3711.6042
748.29199	3657.0354
748.34283	3677.7571
748.39368	3726.4832
748.44452	3736.0984
748.4953	3776.3882
748.54614	3778.2932
748.59698	3750.7053
748.64783	3701.646
748.69867	3668.5886
748.74951	3699.854
748.80035	3757.3911
748.85114	3785.3169
748.90198	3783.7529
748.95282	3784.5356
749.00366	3776.2139
749.0545	3761.7896
749.10535	3743.8757
749.15619	3792.4868
749.20697	3890.2949
749.25781	3880.1257
749.30865	3828.2329
749.3595	3815.4751
749.41034	3791.6887
749.46118	3817.5996
749.51202	3852.3992
749.56281	3844.3921
749.61365	3820.1392
749.66449	3867.113
749.71533	3965.6699
749.76617	3887.0481
749.81702	3880.092
749.86786	3894.1133
749.91864	3854.1511
749.96948	3956.147
750.02032	3946.2048
750.07117	3981.5237
750.12201	3965.0706
750.17285	3904.6763
750.22369	3929.1687
750.27448	3909.3477
750.32532	4068.532
750.37616	3957.5906
750.427	4023.948
750.47784	3978.74
750.52869	3951.1965
750.57953	4079.4907
750.63031	4045.708
750.68115	4068.7874
750.73199	4025.698
750.78284	4063.1697
750.83368	4081.7019
750.88452	4003.1677
750.93536	4132.5513
750.98615	4037.3257
751.03699	4131.1572
751.08783	4077.6167
751.13867	4192.5654
751.18951	4132.458
751.24036	4098.5474
751.2912	4157.9395
751.34198	4114.0815
751.39282	4256.5112
751.44366	4112.3662
751.49451	4161.5522
751.54535	4255.0264
751.59619	4245.4712
751.64703	4264.5771
751.69781	4271.0796
751.74866	4280.4907
751.7995	4181.8408
751.85034	4294.1172
751.90118	4262.2969
751.95203	4213.1641
752.00287	4306.8687
752.05365	4235.7788
752.10449	4354.6035
752.15533	4277.2119
752.20618	4293.6636
752.25702	4352.1514
752.30786	4313.5337
752.3587	4410.6787
752.40955	4385.9033
752.46033	4405.8193
752.51117	4346.8486
752.56201	4360.4644
752.61285	4396.5659
752.6637	4389.0195
752.71454	4407.6685
752.76538	4387.1382
752.81616	4465.3066
752.867	4388.3442
752.91785	4300.7778
752.96869	4414.3765
753.01953	4436.5103
753.07037	4483.2949
753.12122	4480.8057
753.172	4486.2568
753.22284	4433.124
753.27368	4493.835
753.32452	4556.8247
753.37537	4519.7129
753.42621	4591.6387
753.47705	4561.4795
753.52783	4552.8701
753.57867	4563.3022
753.62952	4533.7803
753.68036	4539.7412
753.7312	4532.0049
753.78204	4580.918
753.83289	4577.5669
753.88367	4593.8135
753.93451	4659.0342
753.98535	4660.6631
754.03619	4668.5542
754.08704	4661.834
754.13788	4676.916
754.18872	4667.7129
754.2395	4668.3213
754.29034	4721.8594
754.34119	4715.9712
754.39203	4698.8569
754.44287	4602.6787
754.49371	4671.3242
754.54456	4769.8687
754.59534	4748.3262
754.64618	4742.2588
754.69702	4756.8716
754.74786	4739.2246
754.79871	4743.8389
754.84955	4803.0186
754.90039	4777.7798
754.95117	4802.812
755.00201	4764.8198
755.05286	4781.0801
755.1037	4888.396
755.15454	4819.7656
755.20538	4846.2422
755.25623	4880.604
755.30701	4760.7231
755.35785	4801.229
755.40869	4816.8037
755.45953	4920.2788
755.51038	4845.4644
755.56122	4878.6387
755.61206	4908.7441
755.66284	4779.5781
755.71368	4961.6685
755.76453	4828.8682
755.81537	5015.7998
755.86621	4892.4731
755.91705	4968.8379
755.9679	4925.0771
756.01868	5046.8477
756.06952	4920.4214
756.12036	4935.0215
756.1712	5085.7939
756.22205	4896.4302
756.27289	5032.5405
756.32373	4960.0718
756.37457	4978.002
756.42535	5110.6772
756.4762	5046.9365
756.52704	5096.0317
756.57788	4962.8428
756.62872	5009.833
756.67957	4990.5732
756.73041	5156.7134
756.78119	5188.52
756.83203	4977.7358
756.88287	5143.9219
756.93372	5060.2002
756.98456	5191.4868
757.0354	5189.2466
757.08624	5185.2935
757.13702	5093.0947
757.18787	5088.1499
757.23871	5101.7207
757.28955	5161.9258
757.34039	5250.7813
757.39124	5091.2446
757.44208	5203.0728
757.49286	5178.8662
757.5437	5230.6812
757.59454	5280.8706
757.64539	5148.208
757.69623	5138.7041
757.74707	5062.8975
757.79791	5130.8569
757.84869	5250.3394
757.89954	5241.2319
757.95038	5265.563
758.00122	5313.5435
758.05206	5316.6343
758.10291	5209.0874
758.15375	5260.208
758.20453	5253.5347
758.25537	5365.6147
758.30621	5367.3716
758.35706	5334.5571
758.4079	5404.2202
758.45874	5317.2705
758.50958	5287.8809
758.56036	5236.0854
758.61121	5336.583
758.66205	5364.7974
758.71289	5286.354
758.76373	5328.6431
758.81458	5395.2544
758.86542	5459.4531
758.9162	5400.6353
758.96704	5461.083
759.01788	5506.3599
759.06873	5536.7402
759.11957	5503.3608
759.17041	5477.27
759.22125	5549.1958
759.27203	5464.2598
759.32288	5490.5713
759.37372	5526.377
759.42456	5552.1704
759.4754	5535.6392
759.52625	5463.2319
759.57709	5486.3789
759.62787	5377.3745
759.67871	5477.9888
759.72955	5543.6704
759.7804	5498.0313
759.83124	5486.9478
759.88208	5477.1841
759.93292	5542.8413
759.9837	5490.7734
760.03455	5641.6011
760.08539	5574.71
760.13623	5543.8145
760.18707	5510.6191
760.23792	5554.4414
760.28876	5735.4551
760.33954	5697.9355
760.39038	5673.0112
760.44122	5527.728
760.49207	5644.2305
760.54291	5566.2017
760.59375	5595.4341
760.64459	5731.7622
760.69543	5626.9385
760.74622	5719.9292
760.79706	5724.0972
760.8479	5813.7734
760.89874	5749.7231
760.94958	5739.9292
761.00043	5828.6089
761.05127	5814.688
761.10205	5885.6411
761.15289	5737.6074
761.20374	5921.6167
761.25458	5816.3442
761.30542	5921.3042
761.35626	5958.335
761.4071	5855.835
761.45789	5925.0547
761.50873	5964.7671
761.55957	6041.9214
761.61041	5922.7622
761.66125	5924.3105
761.7121	5708.2192
761.76294	5912.0332
761.81372	5990.6997
761.86456	6046.7524
761.91541	6071.6069
761.96625	5979.687
762.01709	5965.4263
762.06793	5771.3677
762.11877	6063.9043
762.16956	5927.2305
762.2204	6064.9995
762.27124	6049.3027
762.32208	6106.0649
762.37292	6147.2046
762.42377	6047.5488
762.47461	6187.0547
762.52539	6056.7881
762.57623	6153.9976
762.62708	6057.9556
762.67792	6116.9429
762.72876	6175.5991
762.7796	6247.5513
762.83044	6238.6147
762.88123	6118.5303
762.93207	6254.3384
762.98291	6147.1392
763.03375	6198.1743
763.08459	6246.27
763.13544	6301.8306
763.18628	6180.9287
763.23706	6283.5557
763.2879	6266.2388
763.33875	6244.1147
763.38959	6211.5161
763.44043	6312.2524
763.49127	6476.0693
763.54211	6322.1104
763.5929	6245.7524
763.64374	6328.647
763.69458	6317.7817
763.74542	6353.0059
763.79626	6278.3882
763.84711	6449.8145
763.89795	6347.9707
763.94873	6407.748
763.99957	6420.2832
764.05042	6487.9292
764.10126	6405.5288
764.1521	6281.4932
764.20294	6295.71
764.25378	6346.562
764.30457	6498.959
764.35541	6493.7256
764.40625	6571.5107
764.45709	6518.5454
764.50793	6372.3135
764.55878	6351.3516
764.60962	6441.8892
764.66046	6521.4277
764.71124	6488.6523
764.76208	6610.7153
764.81293	6555.4399
764.86377	6564.3418
764.91461	6596.7695
764.96545	6596.3672
765.0163	6542.5859
765.06708	6515.8149
765.11792	6554.7651
765.16876	6585.0557
765.2196	6685.9263
765.27045	6688.9834
765.32129	6761.1313
765.37213	6712.5596
765.42291	6635.4229
765.47375	6629.2119
765.5246	6640.6968
765.57544	6742.4448
765.62628	6712.4287
765.67712	6702.9883
765.72797	6701.0635
765.77875	6772.1367
765.82959	6799.0708
765.88043	6828.7026
765.93127	6868.8057
765.98212	6798.5625
766.03296	6797.7686
766.0838	6712.7866
766.13458	6720.6006
766.18542	6722.8687
766.23627	6804.1958
766.28711	6862.688
766.33795	6882.27
766.38879	6855.9727
766.43964	6818.7666
766.49042	6893.3906
766.54126	6851.9482
766.5921	6831.3828
766.64294	6734.3975
766.69379	6882.0879
766.74463	6951.1851
766.79547	7010.0552
766.84625	7077.1689
766.89709	6960.7876
766.94794	6810.3276
766.99878	6680.6392
767.04962	6800.8179
767.10046	6857.3198
767.15131	7112.5117
767.20209	7134.3213
767.25293	7147.6113
767.30377	7056.8306
767.35461	7034.2988
767.40546	7054.3936
767.4563	6985.248
767.50714	7135.0054
767.55792	7077.3345
767.60876	7209.0889
767.65961	7130.7666
767.71045	7224.0586
767.76129	7228.9785
767.81213	7114.8091
767.86298	7231.7397
767.91376	7207.3745
767.9646	7257.0186
768.01544	7133.4097
768.06628	7333.1104
768.11713	7300.1816
768.16797	7236.8486
768.21881	7181.4761
768.26959	7329.7422
768.32043	7409.7017
768.37128	7401.1816
768.42212	7399.4326
768.47296	7208.2715
768.5238	7341.7954
768.57465	7258.375
768.62543	7374.0034
768.67627	7385.5659
768.72711	7529.5732
768.77795	7401.2661
768.8288	7415.6807
768.87964	7319.7329
768.93048	7302.5806
768.98132	7425.5605
769.0321	7333.103
769.08295	7447.0405
769.13379	7269.4146
769.18463	7437.6021
769.23547	7517.2534
769.28632	7513.5796
769.33716	7512.0073
769.38794	7632.7529
769.43878	7534.9434
769.48962	7352.0449
769.54047	7448.1016
769.59131	7482.5562
769.64215	7694.3369
769.69299	7644.5469
769.74377	7744.3965
769.79462	7651.6987
769.84546	7693.4771
769.8963	7531.644
769.94714	7638.1196
769.99799	7688.3125
770.04883	7795.6074
770.09961	7799.3799
770.15045	7784.1294
770.20129	7929.2446
770.25214	7899.0576
770.30298	7897.375
770.35382	7928.3027
770.40466	7880.3682
770.45544	7805.5532
770.50629	7908.8721
770.55713	7964.0073
770.60797	7827.1514
770.65881	7821.5054
770.70966	7798.416
770.7605	7949.6289
770.81128	7957.8169
770.86212	8035.4785
770.91296	7971.665
770.96381	7955.7031
771.01465	7830.4375
771.06549	7920.2612
771.11633	7834.8745
771.16711	7974.3208
771.21796	8101.2754
771.2688	8079.9268
771.31964	8115.3833
771.37048	8025.3813
771.42133	7911.4814
771.47217	7954.0024
771.52295	8079.9512
771.57379	8100.5083
771.62463	8110.6421
771.67548	8151.4209
771.72632	8203.9854
771.77716	8196.4258
771.828	8208.0078
771.87878	8249.6543
771.92963	8177.9985
771.98047	8148.8726
772.03131	8120.9321
772.08215	8235.0332
772.133	8294.2598
772.18384	8351.7373
772.23462	8353.167
772.28546	8437.5625
772.3363	8412.2813
772.38715	8390.457
772.43799	8373.2217
772.48883	8505.7402
772.53967	8521.5459
772.59045	8406.0801
772.6413	8446.3125
772.69214	8505.6436
772.74298	8569.9492
772.79382	8565.8242
772.84467	8589.4434
772.89551	8493.082
772.94635	8486.7529
772.99713	8509.625
773.04797	8543.8086
773.09882	8509.1406
773.14966	8468.5283
773.2005	8521.4189
773.25134	8499.3184
773.30219	8544.3936
773.35297	8610.8291
773.40381	8716.3369
773.45465	8594.46
773.50549	8467.8076
773.55634	8406.0117
773.60718	8461.6465
773.65802	8516.1855
773.7088	8645.5576
773.75964	8701.584
773.81049	8710.0547
773.86133	8653.4375
773.91217	8484.3232
773.96301	8482.1357
774.01385	8559.3037
774.06464	8674.5977
774.11548	8669.9766
774.16632	8789.0537
774.21716	8789.2949
774.26801	8848.9307
774.31885	8860.7227
774.36969	8833.9219
774.42047	8871.0244
774.47131	8748.1064
774.52216	8768.2715
774.573	8799.4072
774.62384	8998.8623
774.67468	8965.1367
774.72552	9052.1699
774.77631	8961.1172
774.82715	9089.1758
774.87799	9063.5518
774.92883	9030.4199
774.97968	8981.6582
775.03052	9079.9043
775.08136	9120.1035
775.13214	8972.3145
775.18298	9072.5244
775.23383	9038.4814
775.28467	9137.3594
775.33551	9127.04
775.38635	9110.0068
775.43719	8949.5498
775.48798	9045.4893
775.53882	8948.8789
775.58966	8982.417
775.6405	9082.9727
775.69135	9139.6494
775.74219	9102.7295
775.79303	9098.1748
775.84381	9200.1631
775.89465	9108.2627
775.9455	9307.1826
775.99634	9183.7227
776.04718	9177.2627
776.09802	8947.1826
776.14886	8988.9404
776.19965	9147.5801
776.25049	9433.3799
776.30133	9452.499
776.35217	9501.3281
776.40302	9398.582
776.45386	9195.5635
776.5047	9252.6484
776.55548	9119.6387
776.60632	9395.6055
776.65717	9383.7969
776.70801	9521.9873
776.75885	9416.666
776.80969	9530.9053
776.86053	9437.877
776.91132	9574.2949
776.96216	9472.2734
777.013	9563.2881
777.06384	9539.6719
777.11469	9483.3887
777.16553	9557.1807
777.21637	9738.6475
777.26721	9815.5254
777.31799	9624.1855
777.36884	9725.1689
777.41968	9742.0928
777.47052	9740.1768
777.52136	9705.7578
777.5722	9783.0635
777.62305	9748.207
777.67383	9577.0273
777.72467	9596.833
777.77551	9651.1973
777.82635	9870.0879
777.8772	9923.4277
777.92804	9951.1152
777.97888	9752.5928
778.02966	9769.9316
778.08051	9572.0713
778.13135	9703.6455
778.18219	9801.5439
778.23303	9890.7559
778.28387	9850.4893
778.33472	9857.4512
778.3855	9868.4307
778.43634	9879.7227
778.48718	9915.6543
778.53802	9895.6816
778.58887	9815.2109
778.63971	9678.166
778.69055	9775.9912
778.74133	9893.6582
778.79218	10114.073
778.84302	10114.624
778.89386	10215.36
778.9447	10091.918
778.99554	9991.9736
779.04639	9885.7676
779.09717	9944.2588
779.14801	10230.42
779.19885	10250.789
779.24969	10319.389
779.30054	10308.924
779.35138	10415.531
779.40222	10255.047
779.453	10335.823
779.50385	10270.751
779.55469	10423.036
779.60553	10283.565
779.65637	10386.226
779.70721	10424.364
779.75806	10529.376
779.80884	10508.458
779.85968	10428.362
779.91052	10525.052
779.96136	10480.058
780.01221	10529.247
780.06305	10495.347
780.11389	10610.016
780.16467	10403.24
780.21552	10481.496
780.26636	10332.168
780.3172	10493.966
780.36804	10589.041
780.41888	10825.821
780.46973	10684.607
780.52051	10619.756
780.57135	10454.521
780.62219	10276.466
780.67303	10321.521
780.72388	10511.635
780.77472	10808.903
780.82556	10585.111
780.87634	10856.121
780.92719	10729.298
780.97803	10789.522
781.02887	10539.495
781.07971	10799.343
781.13055	10696.76
781.1814	10716.135
781.23218	10542.588
781.28302	10815.633
781.33386	10842.084
781.3847	10998.931
781.43555	11038.987
781.48639	11021.192
781.53723	11010.574
781.58807	10786.562
781.63885	10872.419
781.6897	10856.164
781.74054	11219.838
781.79138	10999.464
781.84222	11276.625
781.89307	11155.228
781.94391	11390.347
781.99469	11085.216
782.04553	11265.371
782.09637	11272.922
782.14722	11526.447
782.19806	11201.852
782.2489	11168.356
782.29974	11131.15
782.35052	11326.099
782.40137	11525.717
782.45221	11403.618
782.50305	11499.589
782.55389	11288.585
782.60474	11531.149
782.65558	11203.994
782.70636	11409.155
782.7572	11305.924
782.80804	11294.381
782.85889	11053.417
782.90973	11422.729
782.96057	11422.301
783.01141	11704.434
783.06219	11634.719
783.11304	11675.216
783.16388	11249.877
783.21472	11158.466
783.26556	11153.2
783.31641	11320.117
783.36725	11630.434
783.41803	11729.923
783.46887	11818.218
783.51971	11669.019
783.57056	11586.411
783.6214	11435.45
783.67224	11654.367
783.72308	11613.933
783.77386	11696.822
783.82471	11536.379
783.87555	11747.174
783.92639	11869.994
783.97723	12142.293
784.02808	11937.064
784.07892	12124.438
784.1297	11997.772
784.18054	11921.205
784.23138	11850.59
784.28223	11955.391
784.33307	12133.39
784.38391	12228.734
784.43475	12206.55
784.48553	12160.513
784.53638	12394.579
784.58722	12318.287
784.63806	12324.574
784.6889	12220.962
784.73975	12385.611
784.79059	12110.392
784.84137	12077.025
784.89221	12057.417
784.94305	12324.564
784.9939	12381.631
785.04474	12485.391
785.09558	12494.67
785.14642	12571.134
785.1972	12349.006
785.24805	12278.1
785.29889	12323.555
785.34973	12256.953
785.40057	12143.101
785.45142	12169.387
785.50226	12348.226
785.5531	12353.363
785.60388	12640.138
785.65472	12685.443
785.70557	12597.77
785.75641	12444.032
785.80725	12218.361
785.85809	12107.787
785.90894	12398.811
785.95972	12677.523
786.01056	12751.531
786.0614	12833.955
786.11224	12922.549
786.16309	12725.636
786.21393	12486.426
786.26477	12480.264
786.31555	12606.566
786.36639	12873.744
786.41724	12860.304
786.46808	12886.701
786.51892	12897.44
786.56976	13068.832
786.62061	13144.938
786.67139	13252.025
786.72223	13275.625
786.77307	13172.092
786.82391	13064.881
786.87476	13058.997
786.9256	13221.733
786.97644	13305.553
787.02722	13349.579
787.07806	13320.514
787.12891	13397.553
787.17975	13356.206
787.23059	13521.352
787.28143	13552.487
787.33228	13569.149
787.38306	13300.567
787.4339	13256.673
787.48474	13031.766
787.53558	13294.585
787.58643	13416.172
787.63727	13820.849
787.68811	13596.717
787.73889	13549.06
787.78973	13284.136
787.84058	13359.765
787.89142	13170.329
787.94226	13290.222
787.9931	13397.996
788.04395	13411.514
788.09473	13390.013
788.14557	13610.01
788.19641	13885.855
788.24725	13877.181
788.2981	13890.877
788.34894	13745.868
788.39978	13645.343
788.45056	13361.888
788.5014	13497.381
788.55225	13627.826
788.60309	14233.323
788.65393	14160.379
788.70477	14544.869
788.75562	14034.714
788.8064	14255.897
788.85724	13729.063
788.90808	14057.535
788.95892	13968.947
789.00977	14374.817
789.06061	14147.458
789.11145	14231.753
789.16223	14487.222
789.21307	14734.799
789.26392	14503.689
789.31476	14642.814
789.3656	14658.488
789.41644	14617.615
789.46729	14633.928
789.51807	14446.051
789.56891	14656.121
789.61975	14501.151
789.67059	14616.759
789.72144	14522.289
789.77228	14750.56
789.82312	14597.652
789.87396	14984.417
789.92474	14625.428
789.97559	14981.287
790.02643	14477.981
790.07727	14361.308
790.12811	14031.366
790.17896	14873.809
790.2298	14918.748
790.28058	15428.43
790.33142	14894.496
790.38226	15360.946
790.43311	14582.183
790.48395	14663.168
790.53479	14101.519
790.58563	14852.168
790.63641	14653.016
790.68726	15066.182
790.7381	14846.035
790.78894	15426.975
790.83978	15085.328
790.89063	15207.258
790.94147	15231.021
790.99225	15316.383
791.04309	15046.528
791.09393	14790.906
791.14478	14916.508
791.19562	15344.538
791.24646	15713.422
791.2973	15758.675
791.34808	15867.08
791.39893	15664.32
791.44977	15691.531
791.50061	15236.358
791.55145	15396.73
791.60229	15597.452
791.65314	16000.48
791.70392	15666.944
791.75476	15743.621
791.8056	15699.342
791.85645	16207.911
791.90729	15937.803
791.95813	16206.74
792.00897	15953.225
792.05975	16302.018
792.1106	15641.463
792.16144	15869.186
792.21228	15645.248
792.26312	16119.04
792.31396	15783.729
792.36481	15956.333
792.41559	16012.139
792.46643	16300.354
792.51727	16056.986
792.56812	16357.397
792.61896	16078.475
792.6698	16033.872
792.72064	15438.535
792.77142	15503.267
792.82227	15722.184
792.87311	16405.625
792.92395	16638.676
792.97479	16825.373
793.02563	16627.979
793.07648	16165.401
793.12726	15820.729
793.1781	15638.736
793.22894	15924.109
793.27979	16316.654
793.33063	16593.086
793.38147	16703.846
793.43231	16837.795
793.48309	16731.799
793.53394	16591.277
793.58478	16359.66
793.63562	16710.039
793.68646	16643.701
793.7373	16552.305
793.78815	16382.708
793.83899	16761.205
793.88977	17118.088
793.94061	17284.441
793.99146	17175.072
794.0423	17267.191
794.09314	17104.654
794.14398	17094.324
794.19482	16909.982
794.24561	17241.553
794.29645	17336.883
794.34729	17288.99
794.39813	16875.596
794.44897	17136.807
794.49982	17340.605
794.55066	17655.375
794.60144	17611.813
794.65228	17738.305
794.70313	17527.008
794.75397	17199.855
794.80481	16836.186
794.85565	17042.459
794.90649	17294.232
794.95728	17506.564
795.00812	17425.828
795.05896	17407.496
795.1098	17499.721
795.16064	17513.537
795.21149	17401.982
795.26233	17477.77
795.31311	17304.736
795.36395	16988.207
795.41479	16656.275
795.46564	16820.811
795.51648	17325.652
795.56732	17814.617
795.61816	18086.424
795.66895	18161.75
795.71979	17886.508
795.77063	17292.4
795.82147	17010.801
795.87231	17026.01
795.92316	17589.484
795.974	18069.279
796.02478	18045.998
796.07562	18084.215
796.12646	18220.84
796.17731	18063.299
796.22815	17902.332
796.27899	17850.324
796.32983	17986.268
796.38062	18159.164
796.43146	18017.516
796.4823	17951.385
796.53314	18349.447
796.58398	18662.412
796.63483	18644.15
796.68567	18537.539
796.73645	18548.453
796.78729	18639.066
796.83813	18510.564
796.88898	18473.705
796.93982	18473.508
796.99066	18554.318
797.0415	18371.055
797.09229	18158.213
797.14313	18233.387
797.19397	18785.725
797.24481	18909.063
797.29565	19112.367
797.3465	18918.596
797.39734	18709.721
797.44812	18143.9
797.49896	18035.422
797.5498	18082.805
797.60065	18401.244
797.65149	18720.564
797.70233	18938.129
797.75317	18888.822
797.80396	18893.334
797.8548	18548.17
797.90564	18607.41
797.95648	18562.326
798.00732	18781.275
798.05817	18328.322
798.10901	18322.027
798.15985	18363.342
798.21063	19191.205
798.26147	19317.355
798.31232	19710.826
798.36316	19526.936
798.414	19349.336
798.46484	18563.994
798.51569	18529.02
798.56647	18450.369
798.61731	19351.439
798.66815	19599.721
798.71899	19935.449
798.76984	19744.52
798.82068	20053.648
798.87152	19617.633
798.9223	19652.863
798.97314	19391.512
799.02399	19882.686
799.07483	19655.846
799.12567	19676.715
799.17651	19342.152
799.22736	20109.217
799.27814	20017.143
799.32898	20207.68
799.37982	19925.023
799.43066	20280.893
799.48151	20048.178
799.53235	20162.145
799.58319	19748.92
799.63397	20281.246
799.68481	19982.389
799.73566	19924.201
799.7865	19614.82
799.83734	20042.1
799.88818	20234.641
799.93903	20818.59
799.98981	20477.703
800.04065	20900.42
800.09149	19979.91
800.14233	19685.672
800.19318	19111.195
800.24402	19582.713
800.29486	19856.688
800.34564	20720.027
800.39648	20619.809
800.44733	21028.459
800.49817	20422.994
800.54901	20376.305
800.59985	19837.904
800.6507	20224.229
800.70148	20162.957
800.75232	20498.008
800.80316	20014.377
800.854	20489.639
800.90485	20662.949
800.95569	21352.604
801.00653	21170.832
801.05731	21553.652
801.10815	21163
801.159	21126.865
801.20984	20320.346
801.26068	20562.008
801.31152	20723.016
801.36237	21790.615
801.41315	21620.867
801.46399	21896.33
801.51483	21651.559
801.56567	21908.049
801.61652	21368.305
801.66736	21710.52
801.7182	21642.193
801.76898	22042.82
801.81982	21311.301
801.87067	21649.922
801.92151	21222.584
801.97235	22069.58
802.02319	21974.43
802.07404	22322.133
802.12488	21952.209
802.17566	22376.178
802.2265	21739.232
802.27734	21919.906
802.32819	21700.223
802.37903	22035.416
802.42987	21398.934
802.48071	21649.934
802.53149	21233.578
802.58234	22132.242
802.63318	22415.49
802.68402	22806.133
802.73486	22606.754
802.78571	22762.443
802.83655	21372.285
802.88733	21116.654
802.93817	20688.412
802.98901	21984.842
803.03986	22244.016
803.0907	23090.023
803.14154	22900.287
803.19238	23194.926
803.24316	22334.219
803.29401	22211.506
803.34485	21479.768
803.39569	22391.143
803.44653	22268.477
803.49738	22972.672
803.54822	22216.805
803.599	23282.832
803.64984	23060.174
803.70068	23499.846
803.75153	23096.059
803.80237	23649.338
803.85321	23166.852
803.90405	23397.461
803.95483	22326.379
804.00568	23219.854
804.05652	23499.107
804.10736	24287.855
804.1582	23532.484
804.20905	24044.416
804.25989	23835.543
804.31067	24350.053
804.36151	23748.43
804.41235	24191.74
804.4632	23835.766
804.51404	24185.51
804.56488	23296.477
804.61572	23513.541
804.6665	23356.957
804.71735	24469.299
804.76819	24254.096
804.81903	24718.555
804.86987	24105.807
804.92072	24521.623
804.97156	23479.691
805.02234	23708.563
805.07318	23260.705
805.12402	24004.873
805.17487	23643.461
805.22571	23882.873
805.27655	23589.119
805.32739	24398.781
805.37817	24363.904
805.42902	24822.109
805.47986	24620.451
805.5307	24662.184
805.58154	23522.992
805.63239	23062.166
805.68323	22729.119
805.73401	23968.027
805.78485	24757.264
805.83569	25430.883
805.88654	25481.088
805.93738	25549.453
805.98822	24572.098
806.03906	24198.279
806.08984	23708.031
806.14069	24539.32
806.19153	24894.111
806.24237	25111.242
806.29321	25027.016
806.34406	25446.732
806.3949	25820.643
806.44574	25744.334
806.49652	25604.08
806.54736	25570.102
806.59821	25744.141
806.64905	25498.15
806.69989	25129.109
806.75073	25129.502
806.80157	26033.893
806.85236	25986.691
806.9032	25996.486
806.95404	25881.854
807.00488	26255.527
807.05573	26237.074
807.10657	26284.564
807.15741	26089.338
807.20819	26381.646
807.25903	25770.83
807.30988	25463.781
807.36072	24903.172
807.41156	25313.082
807.4624	26050.432
807.51324	26725.016
807.56403	26626.26
807.61487	26917.158
807.66571	26296.539
807.71655	25771.02
807.7674	24897.109
807.81824	25220.387
807.86908	25446.566
807.91986	25953.443
807.9707	25743.719
808.02155	26058.373
808.07239	26331.307
808.12323	26606.488
808.17407	26247.789
808.22491	26634.996
808.2757	26255.602
808.32654	25944.188
808.37738	25107.324
808.42822	25037.346
808.47906	25706.375
808.52991	26986.74
808.58075	27544.184
808.63153	27795.281
808.68237	27660.18
808.73322	27260.777
808.78406	26435.326
808.8349	25935.656
808.88574	26333.605
808.93658	26954.082
808.98737	27525.635
809.03821	27511.91
809.08905	27585.859
809.13989	27722.625
809.19073	28022.189
809.24158	27649.52
809.29242	27827.518
809.3432	27942.506
809.39404	28113.451
809.44489	27244.023
809.49573	27317.598
809.54657	27384.916
809.59741	28080.898
809.64825	27802.24
809.69904	27997.951
809.74988	27660.18
809.80072	28512.99
809.85156	28123.463
809.9024	28335.721
809.95325	27785.518
810.00409	28012.381
810.05487	27093.563
810.10571	26740.373
810.15656	26254.689
810.2074	27686.535
810.25824	28324.318
810.30908	29224.1
810.35992	28913.617
810.41071	28918.598
810.46155	27749.275
810.51239	26795.967
810.56323	26242.412
810.61407	26968.914
810.66492	27745.248
810.71576	28374.631
810.7666	28382.811
810.81738	28450.445
810.86823	28825.977
810.91907	28472.91
810.96991	28280.098
811.02075	28261.141
811.07159	28511.854
811.12244	28120.916
811.17322	27633.723
811.22406	27499.82
811.2749	28836.465
811.32574	29468.92
811.37659	30262.898
811.42743	29764.854
811.47827	30302.305
811.52905	29342.783
811.5799	29083.861
811.63074	28130.436
811.68158	29406.27
811.73242	29375.537
811.78326	30195.27
811.83411	29455.441
811.88489	30127.949
811.93573	29994.168
811.98657	30901.432
812.03741	29977.68
812.08826	30883.777
812.1391	30182.348
812.18994	30648.43
812.24072	29194.816
812.29156	29437.637
812.34241	29477
812.39325	30557.533
812.44409	30199.004
812.49493	30511.621
812.54578	30244.299
812.59656	30843.783
812.6474	30548.848
812.69824	30306.135
812.74908	30404.805
812.79993	30216.092
812.85077	29492.633
812.90161	28492.826
812.95239	28892.1
813.00323	29631.195
813.05408	31456.584
813.10492	31246.916
813.15576	32207.387
813.2066	30915.588
813.25745	30590.268
813.30823	28424.625
813.35907	28607.006
813.40991	28870.412
813.46075	31041.332
813.5116	30791.863
813.56244	31948.814
813.61328	31428.27
813.66406	32201.498
813.7149	30652.377
813.76575	31098.125
813.81659	30340.639
813.86743	31957.666
813.91827	30933.5
813.96912	31254.016
814.0199	30649.125
814.07074	32250.045
814.12158	32520.092
814.17242	33273.445
814.22327	32283.682
814.27411	33320.52
814.32495	32830.207
814.37573	32116.795
814.42657	31603.309
814.47742	31946.639
814.52826	33040.984
814.5791	33054.57
814.62994	32714.752
814.68079	32233.807
814.73163	33651.957
814.78241	33223.574
814.83325	34152.723
814.88409	33132.234
814.93494	34087.027
814.98578	32781.691
815.03662	32558.188
815.08746	31054.941
815.13824	32573.43
815.18909	32483.232
815.23993	33972.406
815.29077	33171.266
815.34161	33992.195
815.39246	33392.48
815.4433	33530.09
815.49408	32420.115
815.54492	33167.207
815.59576	32886.34
815.64661	32796.859
815.69745	31698.973
815.74829	31773.463
815.79913	32855.012
815.84991	33981.004
815.90076	34671.727
815.9516	35232.926
816.00244	34961.469
816.05328	33680.613
816.10413	32766.139
816.15497	31010.672
816.20575	32188.295
816.25659	33249.426
816.30743	35324.168
816.35828	35269.332
816.40912	35969.336
816.45996	35224.109
816.5108	35608.977
816.56158	33757.742
816.61243	34167.473
816.66327	34393.66
816.71411	35718.406
816.76495	34658.629
816.8158	35015.18
816.86664	34907.336
816.91742	36620.246
816.96826	36585.258
817.0191	36488.492
817.06995	36319.801
817.12079	36710.039
817.17163	36221.906
817.22247	35584.68
817.27325	35761.719
817.3241	36108.645
817.37494	36772.34
817.42578	35752.957
817.47662	35935.105
817.52747	35954.34
817.57831	37216.934
817.62909	37190.887
817.67993	37882.195
817.73077	37247.195
817.78162	37294.168
817.83246	35254.629
817.8833	34600.383
817.93414	33979.199
817.98492	35361.258
818.03577	36127.754
818.08661	37561.633
818.13745	37253.148
818.18829	37737.098
818.23914	36973.68
818.28998	35879.684
818.34076	35020.02
818.3916	35443.59
818.44244	35859.723
818.49329	35906.156
818.54413	35643.973
818.59497	35758.125
818.64581	37281.031
818.69659	37830.023
818.74744	38695.094
818.79828	38267.953
818.84912	38553.852
818.89996	37043.785
818.95081	35982.117
819.00165	35012.496
819.05249	36536.453
819.10327	37823.297
819.15411	39334.523
819.20496	39263.172
819.2558	39838.07
819.30664	39424.395
819.35748	39056.285
819.40833	37914.547
819.45911	37899.039
819.50995	38977.332
819.56079	39140.754
819.61163	39032.59
819.66248	38916.723
819.71332	39327.523
819.76416	39992.914
819.81494	40626.77
819.86578	39836.594
819.91663	40365.137
819.96747	40506.113
820.01831	40388.473
820.06915	39151.066
820.12	39199.609
820.17078	39423.129
820.22162	40120.461
820.27246	39222.129
820.3233	38960.547
820.37415	39465.016
820.42499	40617.559
820.47583	41173.969
820.52661	41612.328
820.57745	41366.594
820.6283	40654.695
820.67914	39238.352
820.72998	37290.07
820.78082	37037.023
820.83167	38473.148
820.88245	40659.461
820.93329	41585.023
820.98413	42353.832
821.03497	41777.875
821.08582	41052.754
821.13666	39236.672
821.1875	38317.672
821.23828	38844.48
821.28912	40203.582
821.33997	40371.055
821.39081	40124.113
821.44165	40290.918
821.49249	41356.449
821.54333	42284.078
821.59412	42305.977
821.64496	42163.973
821.6958	42205.109
821.74664	42154.906
821.79749	40570.383
821.84833	39678.641
821.89917	40240.867
821.94995	42295.453
822.00079	43585.391
822.05164	43918.613
822.10248	43532.82
822.15332	43927.285
822.20416	43427.633
822.255	42508.063
822.30579	42298.816
822.35663	43122.656
822.40747	43796.445
822.45831	43331.902
822.50916	42535.699
822.56	42457.996
822.61084	43809.672
822.66162	44639.172
822.71246	44898.379
822.76331	44872.359
822.81415	44948.332
822.86499	44239.352
822.91583	43273.848
822.96667	42296.387
823.01752	42666.699
823.0683	43302.125
823.11914	43055.727
823.16998	42609.949
823.22083	42811.305
823.27167	43777.492
823.32251	44656.238
823.37335	45185.961
823.42413	44845.875
823.47498	44311.457
823.52582	42642.25
823.57666	40856.324
823.6275	40158.664
823.67834	41464.375
823.72919	43534.629
823.77997	45486.73
823.83081	46318.258
823.88165	46409.223
823.9325	45630.98
823.98334	43689.824
824.03418	41942.996
824.08502	41574.98
824.1358	42953.82
824.18665	44401.512
824.23749	45163.82
824.28833	45225.141
824.33917	45985.605
824.39001	46340.871
824.44086	46574.027
824.49164	45866.805
824.54248	46080.617
824.59332	46430.926
824.64417	45855.813
824.69501	44757.941
824.74585	44518.613
824.79669	45802.867
824.84747	47397.453
824.89832	48190.734
824.94916	47660.531
825	47742.633
825.05084	48037.332
825.10168	47883.891
825.15253	46773.57
825.20331	47245.445
825.25415	47600.887
825.30499	47683.414
825.35583	46450.09
825.40668	45613.441
825.45752	46049.352
825.50836	47655.449
825.55914	48676.891
825.60999	48812.477
825.66083	49278.258
825.71167	48581.246
825.76251	47077.332
825.81335	45053.16
825.8642	44914.824
825.91498	45654.102
825.96582	46890.785
826.01666	46624.883
826.0675	46657.816
826.11835	46898.23
826.16919	47948.09
826.22003	47989.938
826.27081	47921.914
826.32166	47972.637
826.3725	47297.773
826.42334	45899.145
826.47418	43820.586
826.52502	43651.945
826.57587	45341.676
826.62665	48391.988
826.67749	49721.914
826.72833	50626.117
826.77917	50371.043
826.83002	49654.121
826.88086	46956.672
826.9317	45342.262
826.98248	45105.145
827.03333	46809.27
827.08417	49060.129
827.13501	49718.457
827.18585	49835.645
827.23669	50284.414
827.28754	50807.668
827.33838	49953.336
827.38916	49610.023
827.44	49500.941
827.49084	50428.582
827.54169	50059.27
827.59253	49306.727
827.64337	48465.09
827.69421	49869.316
827.745	50945.867
827.79584	51280.156
827.84668	50913.969
827.89752	50943.895
827.94836	51598.801
827.99921	51474.973
828.05005	51031.125
828.10083	50584.695
828.15167	51394.203
828.20251	50590.723
828.25336	49172.504
828.3042	47720.566
828.35504	48800.805
828.40588	50692.641
828.45667	52642.563
828.50751	52859.273
828.55835	52836.848
828.60919	51862.832
828.66003	49986.883
828.71088	47527.867
828.76172	46492.859
828.8125	48201.059
828.86334	49757.082
828.91418	50772.316
828.96503	50778.777
829.01587	51626.828
829.06671	51350.891
829.11755	51458.543
829.16833	50253.066
829.21918	50545.859
829.27002	50611.301
829.32086	50017.715
829.3717	48479.352
829.42255	47990.566
829.47339	49234.316
829.52417	51602.953
829.57501	54031.359
829.62585	54475.5
829.6767	54781.875
829.72754	53780.863
829.77838	52445.434
829.82922	49740.012
829.88	49381.246
829.93085	50949.375
829.98169	53443.773
830.03253	54183.652
830.08337	54320.691
830.13422	54510.32
830.18506	54893.543
830.23584	55059.32
830.28668	54242.625
830.33752	54365.066
830.38837	54882.371
830.43921	55397.926
830.49005	53838.578
830.54089	53137.961
830.59167	53357.031
830.64252	55101.402
830.69336	55545.293
830.7442	55406.586
830.79504	55093.402
830.84589	55706.805
830.89673	56127.691
830.94751	55317.27
830.99835	54842.566
831.04919	54628.965
831.10004	55017.645
831.15088	52891.863
831.20172	51497.07
831.25256	51466.664
831.30341	53786.988
831.35419	55846.383
831.40503	57834.699
831.45587	58132.98
831.50671	57476.84
831.55756	55274.902
831.6084	51892.676
831.65924	49645.379
831.71002	50014.527
831.76086	53046.594
831.81171	55317.367
831.86255	56835.461
831.91339	56833.566
831.96423	57371.227
832.01508	56471.172
832.06586	55147.637
832.1167	54154.863
832.16754	54660.441
832.21838	55656.648
832.26923	55173.273
832.32007	54075.605
832.37091	54256.023
832.42169	56628.395
832.47253	58385.922
832.52338	59649.289
832.57422	59465.594
832.62506	59991.707
832.6759	59030.895
832.72675	57580.164
832.77753	55632.328
832.82837	55828.844
832.87921	58046.293
832.93005	60146.594
832.9809	60423.469
833.03174	59558.07
833.08258	60395.664
833.13336	60594.566
833.1842	60899.445
833.23505	60220.113
833.28589	60735.969
833.33673	60869.605
833.38757	60518.645
833.43842	58313.688
833.4892	56910.723
833.54004	58071.137
833.59088	60057.629
833.64172	61215.336
833.69257	60943.504
833.74341	61514.027
833.79425	61518.109
833.84503	61298.746
833.89587	59730.168
833.94672	59120.336
833.99756	59141.922
834.0484	59350.016
834.09924	57589.297
834.15009	55897.137
834.20087	56630.195
834.25171	59537.281
834.30255	62344.66
834.35339	63078.145
834.40424	63729.16
834.45508	62548.453
834.50592	59972.199
834.5567	55891.875
834.60754	53947.48
834.65839	54839.43
834.70923	58725.574
834.76007	62329.285
834.81091	63563.297
834.86176	63985.176
834.91254	63914.809
834.96338	62659.219
835.01422	60191.945
835.06506	59203.109
835.11591	59842.715
835.16675	62015.633
835.21759	62091.66
835.26837	61658.926
835.31921	61797.496
835.37006	62764.008
835.4209	64429.297
835.47174	64428.758
835.52258	64186.695
835.57343	64165.277
835.62427	64436.926
835.67505	63876.617
835.72589	62757.098
835.77673	62634.992
835.82758	63802.008
835.87842	64437.688
835.92926	64437.84
835.9801	63982.645
836.03088	63961.887
836.08173	64438.285
836.13257	64438.441
836.18341	64438.59
836.23425	64438.742
836.2851	64438.891
836.33594	64277.863
836.38672	62956.27
836.43756	60900.566
836.4884	61847.633
836.53925	64008.32
836.59009	64256.996
836.64093	64439.953
836.69177	64440.105
836.74255	64440.262
836.7934	64440.41
836.84424	63421.258
836.89508	62227.734
836.94592	62865.387
836.99677	63431.133
837.04761	63271.727
837.09839	61769.301
837.14923	61982.887
837.20007	64179.059
837.25092	64432.656
837.30176	64441.918
837.3526	64442.074
837.40344	64442.223
837.45422	64299.945
837.50507	62647.098
837.55591	59632.867
837.60675	59966.148
837.65759	62881.211
837.70844	64257.063
837.75928	64443.285
837.81006	64443.434
837.8609	64443.582
837.91174	64443.738
837.96259	64431.75
838.01343	64033.145
838.06427	64134.59
838.11511	64444.344
838.16589	64444.496
838.21674	64444.645
838.26758	64444.793
838.31842	64444.949
838.36926	64445.102
838.4201	64445.25
838.47095	64445.398
838.52173	64445.551
838.57257	64445.707
838.62341	64445.855
838.67426	64446.004
838.7251	64446.156
838.77594	64446.313
838.82678	64446.461
838.87756	64446.613
838.92841	64446.762
838.97925	64446.918
839.03009	64447.066
839.08093	64447.215
839.13177	64447.367
839.18262	64447.523
839.2334	64447.672
839.28424	64447.82
839.33508	64447.711
839.38593	64176.348
839.43677	63458.516
839.48761	63958.93
839.53845	64448.582
839.58929	64448.73
839.64008	64448.879
839.69092	64449.035
839.74176	64449.188
839.7926	64449.336
839.84344	64449.484
839.89429	63929.203
839.94513	64170.598
839.99591	64449.941
840.04675	64450.09
840.0976	64450.238
840.14844	64450.395
840.19928	64450.547
840.25012	64450.695
840.30096	64450.852
840.35175	64451.004
840.40259	64451.152
840.45343	64451.301
840.50427	64451.457
840.55511	63876.906
840.60596	64187.039
840.6568	64451.906
840.70758	64452.055
840.75842	64452.211
840.80927	64452.359
840.86011	64452.512
840.91095	64452.66
840.96179	64452.813
841.01263	64452.969
841.06342	64453.117
841.11426	64453.266
841.1651	64453.414
841.21594	64453.566
841.26678	64453.723
841.31763	64453.879
841.36847	64454.031
841.41925	64454.18
841.47009	64454.328
841.52094	64454.48
841.57178	64454.629
841.62262	64454.777
841.67346	64454.934
841.7243	64455.086
841.77509	64455.238
841.82593	64455.387
841.87677	64455.539
841.92761	64455.691
841.97845	64455.84
842.0293	64455.988
842.08014	64456.145
842.13092	64456.297
842.18176	64456.449
842.2326	64456.598
842.28345	64456.746
842.33429	64456.895
842.38513	64058.27
842.43597	64352.074
842.48676	64457.352
842.5376	64457.508
842.58844	64457.656
842.63928	64457.809
842.69012	64457.957
842.74097	64458.105
842.79181	64458.266
842.84259	64401.379
842.89343	64446.098
842.94427	64458.723
842.99512	64458.871
843.04596	64459.02
843.0968	64459.172
843.14764	64459.32
843.19843	64459.477
843.24927	64459.625
843.30011	64459.773
843.35095	64459.934
843.40179	64460.082
843.45264	64460.23
843.50348	64460.379
843.55426	64460.531
843.6051	64460.68
843.65594	64460.828
843.70679	64460.984
843.75763	64461.137
843.80847	64461.293
843.85931	64461.441
843.91016	64461.59
843.96094	64461.742
844.01178	64461.891
844.06262	64462.039
844.11346	64462.195
844.16431	64462.348
844.21515	64462.5
844.26599	64462.656
844.31677	64462.805
844.36761	64462.957
844.41846	64463.105
844.4693	64463.254
844.52014	64463.41
844.57098	64463.563
844.62183	64463.711
844.67261	64463.859
844.72345	64464.016
844.77429	64464.164
844.82513	64464.316
844.87598	64464.465
844.92682	64464.613
844.97766	64464.77
845.02844	64464.922
845.07928	64465.07
845.13013	64465.223
845.18097	64465.375
845.23181	64465.527
845.28265	64465.676
845.3335	64465.824
845.38428	64465.98
845.43512	64466.262
845.48596	64466.418
845.5368	64466.566
845.58765	64466.715
845.63849	64466.867
845.68933	64467.023
845.74011	64467.172
845.79095	64467.332
845.8418	64467.48
845.89264	64467.629
845.94348	64467.785
845.99432	64467.934
846.04517	64468.082
846.09595	64468.234
846.14679	64468.387
846.19763	64468.539
846.24847	64468.695
846.29932	64468.844
846.35016	64468.996
846.401	64469.145
846.45178	64469.297
846.50262	64469.449
846.55347	64469.598
846.60431	64469.754
846.65515	64469.906
846.70599	64470.055
846.75684	64470.207
846.80762	64470.359
846.85846	64470.508
846.9093	64470.656
846.96014	64470.813
847.01099	64470.965
847.06183	64471.117
847.11267	64471.273
847.16345	64471.422
847.21429	64471.574
847.26514	64471.727
847.31598	64471.875
847.36682	64472.023
847.41766	64472.184
847.46851	64472.332
847.51929	64472.488
847.57013	64472.637
847.62097	64472.785
847.67181	64472.941
847.72266	64473.09
847.7735	64473.238
847.82434	64473.398
847.87512	64473.547
847.92596	64474
847.97681	64474
848.02765	64474
848.07849	64474
848.12933	64474
848.18018	64474
848.23102	64474
848.2818	64474
848.33264	64474
848.38348	64474
848.43433	64473.996
848.48517	64473.996
848.53601	64473.996
848.58685	64474.004
848.63763	64474.004
848.68848	64474
848.73932	64474
848.79016	64474
848.841	64474
848.89185	64474
848.94269	64474
848.99347	64474
849.04431	64474
849.09515	64474
849.146	64474
849.19684	64474
849.24768	64474
849.29852	64474
849.3493	64474
849.40015	64474
849.45099	64474
849.50183	64474
849.55267	64474
849.60352	64474
849.65436	64474
849.70514	64474
849.75598	64474
849.80682	64474
849.85767	64474
849.90851	64473.996
849.95935	64473.996
850.01019	64474.004
850.06097	64474.004
850.11182	64474
850.16266	64474
850.2135	64474
850.26434	64474
850.31519	64474
850.36603	64474
850.41681	64474
850.46765	64474
850.51849	64474
850.56934	64474
850.62018	64474
850.67102	64474
850.72186	64474
850.77264	64474
850.82349	64474
850.87433	64474
850.92517	64474
850.97601	64474
851.02686	64474
851.0777	64474
851.12848	64474
851.17932	64474
851.23016	64474
851.28101	64474
851.33185	64474
851.38269	64474
851.43353	64473.996
851.48431	64474.004
851.53516	64474
851.586	64474
851.63684	64474
851.68768	64474
851.73853	64474
851.78937	64474
851.84015	64474
851.89099	64474
851.94183	64474
851.99268	64474
852.04352	64474
852.09436	64474
852.1452	64474
852.19604	64474
852.24683	64474
852.29767	64474
852.34851	64474
852.39935	64474
852.4502	64474
852.50104	64474
852.55188	64474
852.60266	64474
852.6535	64474
852.70435	64474
852.75519	64474
852.80603	64474
852.85687	64474
852.90771	64474.004
852.9585	64474
853.00934	64474
853.06018	64474
853.11102	64474
853.16187	64474
853.21271	64474
853.26355	64474
853.31433	64474
853.36517	64474
853.41602	64474
853.46686	64474
853.5177	64474
853.56854	64474
853.61938	64474
853.67017	64474
853.72101	64474
853.77185	64474
853.82269	64474
853.87354	64474
853.92438	64474
853.97522	64474
854.026	64474
854.07684	64474
854.12769	64474
854.17853	64474
854.22937	64474
854.28021	64474
854.33105	64474.004
854.38184	64474
854.43268	64474
854.48352	64474
854.53436	64474
854.58521	64474
854.63605	64474
854.68689	64474
854.73767	64474
854.78851	64474
854.83936	64474
854.8902	64474
854.94104	64474
854.99188	64474
855.04272	64474
855.09351	64474
855.14435	64474
855.19519	64474
855.24603	64474
855.29688	64474
855.34772	64474
855.39856	64474
855.44934	64474
855.50018	64474
855.55103	64474
855.60187	64474
855.65271	64474
855.70355	64474
855.75439	64474.004
855.80518	64473.996
855.85602	64474
855.90686	64474
855.9577	64474
856.00854	64474
856.05939	64474
856.11023	64474
856.16101	64474
856.21185	64474
856.2627	64474
856.31354	64474
856.36438	64474
856.41522	64474
856.46606	64474
856.51691	64474
856.56769	64474
856.61853	64474
856.66937	64474
856.72021	64474
856.77106	64474
856.8219	64474
856.87274	64474
856.92352	64474
856.97437	64474
857.02521	64474
857.07605	64474
857.12689	64474
857.17773	64474.004
857.22858	64474.004
857.27936	64473.996
857.3302	64473.996
857.38104	64474
857.43188	64474
857.48273	64474
857.53357	64474
857.58441	64474
857.63519	64474
857.68604	64474
857.73688	64474
857.78772	64474
857.83856	64474
857.8894	64474
857.94025	64474
857.99103	64474
858.04187	64474
858.09271	64474
858.14355	64474
858.1944	64474
858.24524	64474
858.29608	64474
858.34686	64474
858.39771	64474
858.44855	64474
858.49939	64474
858.55023	64474
858.60107	64474.004
858.65192	64474.004
858.7027	64473.996
858.75354	64473.996
858.80438	64473.996
858.85522	64474
858.90607	64474
858.95691	64474
859.00775	64474
859.05853	64474
859.10938	64474
859.16022	64473.934
859.21106	64473.871
859.2619	64473.805
859.31274	64473.742
859.36359	64473.672
859.41437	64473.609
859.46521	64473.539
859.51605	64473.473
859.56689	64473.41
859.61774	64473.348
859.66858	64473.281
859.71942	64473.219
859.7702	64473.148
859.82104	64473.082
859.87189	64473.02
859.92273	64472.953
859.97357	64472.891
860.02441	64472.82
860.07526	64472.758
860.12604	64472.691
860.17688	64472.617
860.22772	64472.555
860.27856	64472.488
860.32941	64472.426
860.38025	64472.359
860.43109	64472.297
860.48193	64472.234
860.53271	64472.168
860.58356	64472.098
860.6344	64472.035
860.68524	64471.965
860.73608	64471.902
860.78693	64471.836
860.83777	64471.773
860.88855	64471.707
860.93939	64471.645
860.99023	64471.574
861.04108	64471.512
861.09192	64471.445
861.14276	64471.383
861.1936	64471.316
861.24438	64471.254
861.29523	64471.188
861.34607	64471.121
861.39691	64471.051
861.44775	64470.984
861.4986	64470.922
861.54944	64470.855
861.60022	64470.789
861.65106	64470.723
861.7019	64470.66
861.75275	64470.594
861.80359	64470.527
861.85443	64470.461
861.90527	64470.391
861.95605	64470.328
862.0069	64470.262
862.05774	64470.199
862.10858	64470.133
862.15942	64470.07
862.21027	64470
862.26111	64469.938
862.31189	64469.871
862.36273	64469.809
862.41357	64469.742
862.46442	64469.676
862.51526	64469.613
862.5661	64469.547
862.61694	64469.48
862.66772	64469.414
862.71857	64469.348
862.76941	64469.285
862.82025	64469.219
862.87109	64469.156
862.92194	64469.09
862.97278	64469.027
863.02356	64468.961
863.0744	64468.887
863.12524	64468.82
863.17609	64468.758
863.22693	64468.691
863.27777	64468.625
863.32861	64468.563
863.37939	64468.496
863.43024	64468.434
863.48108	64468.363
863.53192	64468.301
863.58276	64468.234
863.63361	64468.172
863.68445	64468.105
863.73523	64468.043
863.78607	64467.973
863.83691	64467.906
863.88776	64467.84
863.9386	64467.773
863.98944	64467.711
864.04028	64467.645
864.09106	64467.582
864.14191	64467.516
864.19275	64467.453
864.24359	64467.387
864.29443	64467.32
864.34528	64467.254
864.39612	64467.188
864.4469	64467.121
864.49774	64467.035
864.54858	64466.969
864.59943	64466.906
864.65027	64466.84
864.70111	64466.773
864.75195	64466.707
864.8028	64466.645
864.85358	64466.578
864.90442	64466.516
864.95526	64466.449
865.0061	64466.379
865.05695	64466.316
865.10779	64466.246
865.15863	64466.184
865.20941	64466.117
865.26025	64466.055
865.3111	64465.988
865.36194	64465.926
865.41278	64465.859
865.46362	64465.797
865.51447	64465.727
865.56525	64465.66
865.61609	64465.598
865.66693	64465.527
865.71777	64465.461
865.76862	64465.398
865.81946	64465.332
865.8703	64465.27
865.92108	64465.199
865.97192	64465.129
866.02277	64465.066
866.07361	64465
866.12445	64464.934
866.17529	64464.871
866.22614	64464.805
866.27692	64464.742
866.32776	64464.676
866.3786	64464.609
866.42944	64464.539
866.48029	64464.477
866.53113	64464.41
866.58197	64464.348
866.63275	64464.281
866.68359	64464.219
866.73444	64464.148
866.78528	64464.09
866.83612	64464.02
866.88696	64463.953
866.93781	64463.887
866.98859	64463.82
867.03943	64463.758
867.09027	64463.691
867.14111	64463.621
867.19196	64463.559
867.2428	64463.492
867.29364	64463.426
867.34442	64463.359
867.39526	64463.297
867.44611	64463.23
867.49695	64463.168
867.54779	64463.098
867.59863	64463.039
867.64948	64462.969
867.70026	64462.898
867.7511	64462.832
867.80194	64462.77
867.85278	64462.703
867.90363	64462.641
867.95447	64462.57
868.00531	64462.512
868.05609	64462.441
868.10693	64462.379
868.15778	64462.309
868.20862	64462.242
868.25946	64462.184
868.3103	64462.113
868.36115	64462.047
868.41193	64461.984
868.46277	64461.918
868.51361	64461.852
868.56445	64461.781
868.6153	64461.719
868.66614	64461.652
868.71698	64461.59
868.76782	64461.52
868.8186	64461.461
868.86945	64461.391
868.92029	64461.324
868.97113	64461.262
869.02197	64461.191
869.07281	64461.133
869.12366	64461.063
869.17444	64460.992
869.22528	64460.934
869.27612	64460.863
869.32697	64460.801
869.37781	64460.734
869.42865	64460.668
869.47949	64460.605
869.53027	64460.539
869.58112	64460.469
869.63196	64460.41
869.6828	64460.34
869.73364	64460.277
869.78448	64460.211
869.83533	64460.145
869.88611	64460.074
869.93695	64460.012
869.98779	64459.941
870.03864	64459.883
870.08948	64459.813
870.14032	64459.75
870.19116	64459.684
870.24194	64459.613
870.29279	64459.555
870.34363	64459.484
870.39447	64459.418
870.44531	64459.355
870.49615	64459.289
870.547	64459.227
870.59778	64459.16
870.64862	64459.09
870.69946	64459.031
870.75031	64458.961
870.80115	64458.891
870.85199	64458.832
870.90283	64458.762
870.95361	64458.703
871.00446	64458.633
871.0553	64458.566
871.10614	64458.504
871.15698	64458.434
871.20782	64458.371
871.25867	64458.305
871.30945	64458.242
871.36029	64458.172
871.41113	64458.105
871.46198	64458.043
871.51282	64457.977
871.56366	64457.91
871.6145	64457.84
871.66528	64457.781
871.71613	64457.715
871.76697	64457.652
871.81781	64457.582
871.86865	64457.516
871.91949	64457.453
871.97034	64457.383
872.02112	64457.316
872.07196	64457.254
872.1228	64457.184
872.17365	64457.125
872.22449	64457.055
872.27533	64456.984
872.32617	64456.926
872.37695	64456.855
872.4278	64456.797
872.47864	64456.727
872.52948	64456.66
872.58032	64456.598
872.63116	64456.531
872.68201	64456.465
872.73279	64456.402
872.78363	64456.324
872.83447	64456.266
872.88531	64456.203
872.93616	64456.137
872.987	64456.074
873.03784	64456.004
873.08868	64455.934
873.13947	64455.875
873.19031	64455.805
873.24115	64455.742
873.29199	64455.676
873.34283	64455.613
873.39368	64455.547
873.44452	64455.434
873.4953	64455.367
873.54614	64455.297
873.59698	64455.234
873.64783	64455.172
873.69867	64455.105
873.74951	64455.035
873.80035	64454.969
873.85114	64454.906
873.90198	64454.84
873.95282	64454.777
874.00366	64454.703
874.0545	64454.641
874.10535	64454.578
874.15619	64454.512
874.20697	64454.449
874.25781	64454.379
874.30865	64454.313
874.3595	64454.242
874.41034	64454.18
874.46118	64454.121
874.51202	64454.051
874.56281	64453.984
874.61365	64453.922
874.66449	64453.852
874.71533	64453.785
874.76617	64453.715
874.81702	64453.652
874.86786	64453.594
874.91864	64453.527
874.96948	64453.465
875.02032	64453.395
875.07117	64453.324
875.12201	64453.258
875.17285	64453.195
875.22369	64453.125
875.27448	64453.066
875.32532	64452.996
875.37616	64452.93
875.427	64452.867
875.47784	64452.797
875.52869	64452.73
875.57953	64452.668
875.63031	64452.602
875.68115	64452.539
875.73199	64452.469
875.78284	64452.402
875.83368	64452.34
875.88452	64452.27
875.93536	64452.211
875.98615	64452.137
876.03699	64452.07
876.08783	64452.012
876.13867	64451.945
876.18951	64451.883
876.24036	64451.813
876.2912	64451.742
876.34198	64451.68
876.39282	64451.613
876.44366	64451.547
876.49451	64451.48
876.54535	64451.418
876.59619	64451.355
876.64703	64451.285
876.69781	64451.219
876.74866	64451.152
876.7995	64451.086
876.85034	64451.023
876.90118	64450.953
876.95203	64450.887
877.00287	64450.824
877.05365	64450.758
877.10449	64450.691
877.15533	64450.629
877.20618	64450.559
877.25702	64450.488
877.30786	64450.426
877.3587	64450.363
877.40955	64450.301
877.46033	64450.23
877.51117	64450.168
877.56201	64450.098
877.61285	64450.031
877.6637	64449.969
877.71454	64449.898
877.76538	64449.84
877.81616	64449.773
877.867	64449.703
877.91785	64449.641
877.96869	64449.57
878.01953	64449.504
878.07037	64449.441
878.12122	64449.375
878.172	64449.316
878.22284	64449.242
878.27368	64449.176
878.32452	64449.113
878.37537	64449.047
878.42621	64448.977
878.47705	64448.914
878.52783	64448.844
878.57867	64448.785
878.62952	64448.719
878.68036	64448.648
878.7312	64448.586
878.78204	64448.52
878.83289	64448.449
878.88367	64448.387
878.93451	64448.316
878.98535	64448.258
879.03619	64448.191
879.08704	64448.129
879.13788	64448.059
879.18872	64447.988
879.2395	64447.922
879.29034	64447.859
879.34119	64447.793
879.39203	64447.734
879.44287	64447.66
879.49371	64447.465
879.54456	64447.465
879.59534	64447.465
879.64618	64447.469
879.69702	64447.465
879.74786	64447.465
879.79871	64447.465
879.84955	64447.465
879.90039	64447.461
879.95117	64447.465
880.00201	64447.465
880.05286	64447.465
880.1037	64447.461
880.15454	64447.465
880.20538	64447.465
880.25623	64447.465
880.30701	64447.465
880.35785	64447.461
880.40869	64447.465
880.45953	64447.465
880.51038	64447.465
880.56122	64447.465
880.61206	64447.465
880.66284	64447.465
880.71368	64447.465
880.76453	64447.465
880.81537	64447.469
880.86621	64447.465
880.91705	64447.465
880.9679	64447.465
881.01868	64447.465
881.06952	64447.469
881.12036	64447.465
881.1712	64447.465
881.22205	64447.465
881.27289	64447.465
881.32373	64447.461
881.37457	64447.465
881.42535	64447.465
881.4762	64447.465
881.52704	64447.465
881.57788	64447.461
881.62872	64447.465
881.67957	64447.465
881.73041	64447.465
881.78119	64447.465
881.83203	64447.465
881.88287	64447.465
881.93372	64447.465
881.98456	64447.465
882.0354	64447.465
882.08624	64447.465
882.13702	64447.465
882.18787	64447.465
882.23871	64447.465
882.28955	64447.465
882.34039	64447.465
882.39124	64447.465
882.44208	64447.465
882.49286	64447.465
882.5437	64447.469
882.59454	64447.465
882.64539	64447.465
882.69623	64447.465
882.74707	64447.465
882.79791	64447.469
882.84869	64447.465
882.89954	64447.465
882.95038	64447.465
883.00122	64447.465
883.05206	64447.461
883.10291	64447.465
883.15375	64447.465
883.20453	64447.465
883.25537	64447.465
883.30621	64447.465
883.35706	64447.465
883.4079	64447.465
883.45874	64447.465
883.50958	64447.465
883.56036	64447.465
883.61121	64447.465
883.66205	64447.465
883.71289	64447.465
883.76373	64447.465
883.81458	64447.465
883.86542	64447.465
883.9162	64447.465
883.96704	64447.465
884.01788	64447.465
884.06873	64447.465
884.11957	64447.465
884.17041	64447.465
884.22125	64447.465
884.27203	64447.469
884.32288	64447.465
884.37372	64447.465
884.42456	64447.465
884.4754	64447.465
884.52625	64447.465
884.57709	64447.465
884.62787	64447.465
884.67871	64447.465
884.72955	64447.465
884.7804	64447.465
884.83124	64447.465
884.88208	64447.465
884.93292	64447.465
884.9837	64447.465
885.03455	64447.465
885.08539	64447.465
885.13623	64447.465
885.18707	64447.465
885.23792	64447.465
885.28876	64447.465
885.33954	64447.465
885.39038	64447.465
885.44122	64447.465
885.49207	64447.465
885.54291	64447.465
885.59375	64447.465
885.64459	64447.465
885.69543	64447.465
885.74622	64447.465
885.79706	64447.465
885.8479	64447.465
885.89874	64447.465
885.94958	64447.465
886.00043	64447.469
886.05127	64447.465
886.10205	64447.465
886.15289	64447.465
886.20374	64447.465
886.25458	64447.465
886.30542	64447.465
886.35626	64447.465
886.4071	64447.465
886.45789	64447.465
886.50873	64447.465
886.55957	64447.465
886.61041	64447.465
886.66125	64447.465
886.7121	64447.465
886.76294	64447.465
886.81372	64447.465
886.86456	64447.465
886.91541	64447.465
886.96625	64447.465
887.01709	64447.465
887.06793	64447.465
887.11877	64447.465
887.16956	64447.465
887.2204	64447.461
887.27124	64447.465
887.32208	64447.465
887.37292	64447.465
887.42377	64447.465
887.47461	64447.469
887.52539	64447.465
887.57623	64447.465
887.62708	64447.465
887.67792	64447.465
887.72876	64447.469
887.7796	64447.465
887.83044	64447.465
887.88123	64447.465
887.93207	64447.465
887.98291	64447.465
888.03375	64447.465
888.08459	64447.465
888.13544	64447.465
888.18628	64447.465
888.23706	64447.465
888.2879	64447.465
888.33875	64447.465
888.38959	64447.465
888.44043	64447.465
888.49127	64447.465
888.54211	64447.465
888.5929	64447.465
888.64374	64447.465
888.69458	64447.461
888.74542	64447.465
888.79626	64447.465
888.84711	64447.465
888.89795	64447.465
888.94873	64447.461
888.99957	64447.465
889.05042	64447.465
889.10126	64447.465
889.1521	64447.465
889.20294	64447.469
889.25378	64447.465
889.30457	64447.465
889.35541	64447.465
889.40625	64447.469
889.45709	64447.465
889.50793	64447.465
889.55878	64447.465
889.60962	64447.465
889.66046	64447.465
889.71124	64447.465
889.76208	64447.465
889.81293	64447.465
889.86377	64447.461
889.91461	64447.465
889.96545	64447.465
890.0163	64447.465
890.06708	64447.465
890.11792	64447.461
890.16876	64447.465
890.2196	64447.465
890.27045	64447.465
890.32129	64447.465
890.37213	64447.461
890.42291	64447.465
890.47375	64447.465
890.5246	64447.465
890.57544	64447.465
890.62628	64447.469
890.67712	64447.074
890.72797	64446.688
890.77875	64446.297
890.82959	64445.91
890.88043	64445.52
890.93127	64445.133
890.98212	64444.738
891.03296	64444.348
891.0838	64443.961
891.13458	64443.574
891.18542	64443.188
891.23627	64442.793
891.28711	64442.402
891.33795	64442.012
891.38879	64441.629
891.43964	64441.238
891.49042	64440.844
891.54126	64440.457
891.5921	64440.066
891.64294	64439.684
891.69379	64439.289
891.74463	64438.902
891.79547	64438.508
891.84625	64438.117
891.89709	64437.734
891.94794	64437.344
891.99878	64436.957
892.04962	64436.566
892.10046	64436.18
892.15131	64435.785
892.20209	64435.398
892.25293	64435.008
892.30377	64434.617
892.35461	64434.234
892.40546	64433.84
892.4563	64433.453
892.50714	64433.059
892.55792	64432.316
892.60876	64431.938
892.65961	64431.547
892.71045	64431.156
892.76129	64430.77
892.81213	64430.379
892.86298	64429.992
892.91376	64429.602
892.9646	64429.215
893.01544	64428.824
893.06628	64428.434
893.11713	64428.051
893.16797	64427.66
893.21881	64427.277
893.26959	64426.879
893.32043	64426.492
893.37128	64426.109
893.42212	64425.723
893.47296	64425.332
893.5238	64424.941
893.57465	64424.559
893.62543	64424.168
893.67627	64423.777
893.72711	64423.387
893.77795	64423
893.8288	64422.613
893.87964	64422.223
893.93048	64421.84
893.98132	64421.445
894.0321	64421.063
894.08295	64420.676
894.13379	64420.281
894.18463	64419.895
894.23547	64419.508
894.28632	64419.117
894.33716	64418.73
894.38794	64418.344
894.43878	64417.953
894.48962	64417.563
894.54047	64417.172
894.59131	64416.785
894.64215	64416.398
894.69299	64416.008
894.74377	64415.625
894.79462	64415.234
894.84546	64414.852
894.8963	64414.461
894.94714	64414.066
894.99799	64413.68
895.04883	64413.293
895.09961	64412.906
895.15045	64412.516
895.20129	64412.129
895.25214	64411.738
895.30298	64411.359
895.35382	64410.961
895.40466	64410.57
895.45544	64410.188
895.50629	64409.793
895.55713	64409.414
895.60797	64409.023
895.65881	64408.637
895.70966	64408.246
895.7605	64407.852
895.81128	64407.469
895.86212	64407.078
895.91296	64406.691
895.96381	64406.301
896.01465	64405.914
896.06549	64405.426
896.11633	64405.031
896.16711	64404.641
896.21796	64404.25
896.2688	64403.867
896.31964	64403.477
896.37048	64403.09
896.42133	64402.695
896.47217	64402.309
896.52295	64401.922
896.57379	64401.527
896.62463	64401.141
896.67548	64400.746
896.72632	64400.367
896.77716	64399.973
896.828	64399.586
896.87878	64399.195
896.92963	64398.805
896.98047	64398.418
897.03131	64398.023
897.08215	64397.637
897.133	64397.246
897.18384	64396.859
897.23462	64396.473
897.28546	64396.086
897.3363	64395.691
897.38715	64395.301
897.43799	64394.91
897.48883	64394.527
897.53967	64394.129
897.59045	64393.742
897.6413	64393.355
897.69214	64392.965
897.74298	64392.582
897.79382	64392.191
897.84467	64391.793
897.89551	64391.414
897.94635	64391.016
897.99713	64390.629
898.04797	64390.242
898.09882	64389.855
898.14966	64389.469
898.2005	64389.07
898.25134	64388.684
898.30219	64388.297
898.35297	64387.906
898.40381	64387.516
898.45465	64387.125
898.50549	64386.738
898.55634	64386.352
898.60718	64385.957
898.65802	63652.133
898.7088	60754.996
898.75964	55296.891
898.81049	51879.656
898.86133	54342.535
898.91217	59599.867
898.96301	63182.641
899.01385	64382.848
899.06464	64382.453
899.11548	64382.066
899.16632	63467.582
899.21716	60042.738
899.26801	53804.578
899.31885	49034.668
899.36969	49965.281
899.42047	54400.41
899.47131	59729.066
899.52216	62506.234
899.573	62288.703
899.62384	62615.535
899.67468	63151.242
899.72552	62786.371
899.77631	61052.152
899.82715	57821.121
899.87799	57276.168
899.92883	58485.594
899.97968	59594.691
900.03052	58720.328
900.08136	54474.621
900.13214	52892.086
900.18298	54470.516
900.23383	58556.617
900.28467	62383.137
900.33551	61424.813
900.38635	60054.066
900.43719	59793.32
900.48798	59795.82
900.53882	59425.488
900.58966	56076.293
900.6405	53926.531
900.69135	54560.957
900.74219	56418.742
900.79303	57493.613
900.84381	53963.539
900.89465	49924.84
900.9455	49043.379
900.99634	50597.582
901.04718	54442.613
901.09802	55738.832
901.14886	55312.73
901.19965	55717.902
901.25049	54896.02
901.30133	53428.488
901.35217	48623.07
901.40302	43318.223
901.45386	41680.965
901.5047	42261.898
901.55548	45761.879
901.60632	47228.5
901.65717	46091.746
901.70801	45402.004
901.75885	44769.031
901.80969	46300.453
901.86053	46403.25
901.91132	44626.191
901.96216	43831.961
902.013	43016.16
902.06384	43569.711
902.11469	41621.074
902.16553	37355.871
902.21637	34278.602
902.26721	33205.141
902.31799	36354.668
902.36884	40626.641
902.41968	44253.934
902.47052	46821.336
902.52136	46472.695
902.5722	45805.102
902.62305	42909.918
902.67383	37320.984
902.72467	32951.723
902.77551	30433.881
902.82635	32199.273
902.8772	36391.457
902.92804	39547.91
902.97888	41926.801
903.02966	40745.281
903.08051	40857.496
903.13135	41316.355
903.18219	39254.586
903.23303	37439.125
903.28387	35153.352
903.33472	35039.094
903.3855	37175.152
903.43634	37446.895
903.48718	36979.176
903.53802	34893.191
903.58887	33436.891
903.63971	35553.684
903.69055	36443.766
903.74133	37450.848
903.79218	36504.762
903.84302	34705.801
903.89386	35535.078
903.9447	35706.172
903.99554	35586.527
904.04639	34346.992
904.09717	32251.979
904.14801	33044.996
904.19885	32996.926
904.24969	32247.551
904.30054	30152.357
904.35138	26887.502
904.40222	26702.002
904.453	28211.365
904.50385	30220.924
904.55469	32834.008
904.60553	32409.373
904.65637	32529.186
904.70721	32115.746
904.75806	29371.061
904.80884	26444.148
904.85968	22702.309
904.91052	21211.811
904.96136	22219.779
905.01221	24064.867
905.06305	26647.037
905.11389	26911.918
905.16467	26528.438
905.21552	26977.494
905.26636	26289.268
905.3172	25810.766
905.36804	23993.686
905.41888	22258.322
905.46973	22640.523
905.52051	22840.059
905.57135	23305.434
905.62219	22474.961
905.67303	20338.674
905.72388	20010.057
905.77472	20896.412
905.82556	23077.732
905.87634	25375.396
905.92719	25480.002
905.97803	25711.418
906.02887	25381.057
906.07971	24219.578
906.13055	22643.057
906.1814	19769.51
906.23218	18257.293
906.28302	18677.988
906.33386	20416.162
906.3847	23268.826
906.43555	24344.082
906.48639	24138.264
906.53723	23735.314
906.58807	23453.609
906.63885	23730.934
906.6897	22462.818
906.74054	20962.412
906.79138	20749.377
906.84222	21248.092
906.89307	22572.123
906.94391	22446.865
906.99469	20797.273
907.04553	19800.379
907.09637	19863.672
907.14722	21194.779
907.19806	21878.211
907.2489	21400.176
907.29974	20876.721
907.35052	20345.752
907.40137	21022.133
907.45221	21094.145
907.50305	20054.051
907.55389	19337.58
907.60474	18842.006
907.65558	19279.74
907.70636	19200.4
907.7572	17824.178
907.80804	16398.629
907.85889	15406.013
907.90973	15881.08
907.96057	17447.877
908.01141	18780.732
908.06219	20069.715
908.11304	19861.498
908.16388	19621.598
908.21472	18989.334
908.26556	16430.035
908.31641	14071.915
908.36725	12415.504
908.41803	12107.022
908.46887	13629.608
908.51971	15143.176
908.57056	16957.666
908.6214	17676.541
908.67224	17227.574
908.72308	17565.18
908.77386	16563.971
908.82471	15099.552
908.87555	13825.419
908.92639	12696.174
908.97723	13254.8
909.02808	14213.419
909.07892	14449.798
909.1297	14446.801
909.18054	13292.785
909.23138	13649.043
909.28223	14399.959
909.33307	14963.129
909.38391	15924.875
909.43475	15167.582
909.48553	14794.287
909.53638	15502.295
909.58722	14758.545
909.63806	14250.172
909.6889	12550.51
909.73975	11595.926
909.79059	12591.793
909.84137	13411.471
909.89221	14950.427
909.94305	14952.434
909.9939	13755.416
910.04474	14255.685
910.09558	14043.77
910.14642	14140.459
910.1972	14064.58
910.24805	12799.96
910.29889	12985.952
910.34973	13416.076
910.40057	13619.447
910.45142	13341.272
910.50226	11569.741
910.5531	10927.454
910.60388	11213.325
910.65472	11689.878
910.70557	13053.985
910.75641	12564.626
910.80725	12152.4
910.85809	12263.262
910.90894	11967.441
910.95972	12046.587
911.01056	11340.365
911.0614	10036.729
911.11224	10156.702
911.16309	10133.255
911.21393	10531.193
911.26477	10303.408
911.31555	8924.6621
911.36639	8748.5625
911.41724	8739.7383
911.46808	9402.0947
911.51892	10542.761
911.56976	10686.565
911.62061	10957.29
911.67139	10888.998
911.72223	10257.125
911.77307	9544.1416
911.82391	8022.2461
911.87476	7017.7061
911.9256	6836.9097
911.97644	7136.7285
912.02722	8522.4365
912.07806	9652.0986
912.12891	10123.888
912.17975	10593.569
912.23059	10225.695
912.28143	9877.584
912.33228	9067.6895
912.38306	7782.4233
912.4339	7251.7129
912.48474	7138.8208
912.53558	7748.9438
912.58643	8754.7422
912.63727	8815.9795
912.68811	8655.3398
912.73889	8371.5625
912.78973	8521.7793
912.84058	9061.8564
912.89142	9013.248
912.94226	8741.6201
912.9931	8503.1543
913.04395	8486.3691
913.09473	8910.4727
913.14557	8672.4033
913.19641	8083.4663
913.24725	7594.7271
913.2981	7394.5444
913.34894	8078.4722
913.39978	8537.3369
913.45056	8423.6445
913.5014	8189.8623
913.55225	7673.2041
913.60309	7804.6313
913.65393	8169.7363
913.70477	8166.7627
913.75562	8128.3467
913.8064	7790.9531
913.85724	7887.439
913.90808	8095.7241
913.95892	7453.978
914.00977	6809.5322
914.06061	6016.1211
914.11145	5649.3306
914.16223	6184.5674
914.21307	6709.4155
914.26392	7324.9629
914.31476	7458.5596
914.3656	7198.9512
914.41644	7372.3999
914.46729	6988.9229
914.51807	6414.1289
914.56891	5860.4155
914.61975	5211.7661
914.67059	5356.1904
914.72144	5525.4883
914.77228	5762.4414
914.82312	5896.4814
914.87396	5386.1235
914.92474	5199.6543
914.97559	5555.4531
915.02643	5672.0313
915.07727	6127.3027
915.12811	5997.0068
915.17896	5819.7456
915.2298	5959.085
915.28058	5727.2144
915.33142	5285.2642
915.38226	4651.5396
915.43311	4081.7168
915.48395	4028.718
915.53479	4447.4185
915.58563	5081.29
915.63641	6079.5938
915.68726	5987.355
915.7381	6086.8027
915.78894	6017.313
915.83978	5639.458
915.89063	5251.7783
915.94147	4458.8926
915.99225	4041.7891
916.04309	4168.0693
916.09393	4502.2568
916.14478	5255.7422
916.19562	5338.2861
916.24646	5000.0278
916.2973	5098.5581
916.34808	4962.1895
916.39893	5084.8999
916.44977	5368.2515
916.50061	4793.085
916.55145	4655.0786
916.60229	4840.0815
916.65314	5004.0659
916.70392	5129.7935
916.75476	4625.8311
916.8056	4281.9624
916.85645	4258.02
916.90729	4383.6382
916.95813	4852.5542
917.00897	4661.5708
917.05975	4219.6426
917.1106	4209.981
917.16144	4120.2554
917.21228	4458.8594
917.26312	4712.9351
917.31396	4414.3872
917.36481	4432.3926
917.41559	4388.8496
917.46643	4273.4956
917.51727	4111.7358
917.56812	3435.3147
917.61896	3020.4001
917.6698	3007.4478
917.72064	3152.4663
917.77142	3589.0183
917.82227	3967.249
917.87311	4258.5757
917.92395	4358.7769
917.97479	4134.8462
918.02563	3981.2661
918.07648	3551.8438
918.12726	2990.7153
918.1781	2742.7844
918.22894	2609.7817
918.27979	2859.1692
918.33063	3269.0847
918.38147	3330.6145
918.43231	3319.0879
918.48309	3234.9092
918.53394	3303.168
918.58478	3479.8533
918.63562	3396.2122
918.68646	3273.3584
918.7373	3144.3269
918.78815	3081.6394
918.83899	3232.7327
918.88977	3194.6064
918.94061	2941.137
918.99146	2664.0967
919.0423	2503.1985
919.09314	2727.6372
919.14398	3067.1299
919.19482	3311.3013
919.24561	3527.7334
919.29645	3490.2532
919.34729	3517.2871
919.39813	3482.0154
919.44897	3173.2488
919.49982	2925.7317
919.55066	2665.0537
919.60144	2557.657
919.65228	2801.5725
919.70313	3051.4717
919.75397	3244.6711
919.80481	3179.3174
919.85565	2916.0706
919.90649	3041.0059
919.95728	3074.5891
920.00812	3105.9167
920.05896	3107.6292
920.1098	2915.064
920.16064	2924.1035
920.21149	3048.2903
920.26233	2955.6172
920.31311	2956.2102
920.36395	2661.6104
920.41479	2407.9131
920.46564	2547.4675
920.51648	2613.7141
920.56732	2756.6182
920.61816	2656.2053
920.66895	2442.5852
920.71979	2439.7944
920.77063	2524.3145
920.82147	2646.7131
920.87231	2736.4148
920.92316	2524.1511
920.974	2478.2112
921.02478	2454.0872
921.07562	2381.7957
921.12646	2289.1958
921.17731	1869.1681
921.22815	1629.7267
921.27899	1704.0565
921.32983	1875.0461
921.38062	2154.8296
921.43146	2530.6511
921.4823	2504.2451
921.53314	2626.7886
921.58398	2520.4607
921.63483	2276.5579
921.68567	2000.7451
921.73645	1591.8551
921.78729	1442.0178
921.83813	1496.4587
921.88898	1607.5083
921.93982	1979.7725
921.99066	2110.8354
922.0415	2086.0947
922.09229	2150.7832
922.14313	2098.8936
922.19397	2096.3757
922.24481	1990.7028
922.29565	1767.4447
922.3465	1701.9681
922.39734	1728.6345
922.44812	1829.7101
922.49896	1979.3245
922.5498	1828.2938
922.60065	1663.2031
922.65149	1627.3302
922.70233	1686.4821
922.75317	1922.0586
922.80396	2013.7654
922.8548	1944.6019
922.90564	1973.1323
922.95648	1935.1294
923.00732	1984.8506
923.05817	1976.0348
923.10901	1764.7456
923.15985	1656.447
923.21063	1628.5415
923.26147	1679.8416
923.31232	1847.0598
923.36316	1845.6775
923.414	1698.1372
923.46484	1627.6891
923.51569	1590.0079
923.56647	1691.2314
923.61731	1794.0261
923.66815	1784.0756
923.71899	1765.5819
923.76984	1735.3781
923.82068	1764.7347
923.87152	1762.7931
923.9223	1557.082
923.97314	1384.9193
924.02399	1252.1345
924.07483	1269.4608
924.12567	1399.9052
924.17651	1488.8922
924.22736	1500.9561
924.27814	1460.9075
924.32898	1396.0038
924.37982	1464.7776
924.43066	1474.0609
924.48151	1406.8369
924.53235	1383.6027
924.58319	1266.5138
924.63397	1308.7817
924.68481	1364.769
924.73566	1252.6722
924.7865	1149.7357
924.83734	1030.73
924.88818	966.80243
924.93903	1113.7729
924.98981	1219.7953
925.04065	1380.2302
925.09149	1502.6796
925.14233	1441.1837
925.19318	1481.5294
925.24402	1411.8086
925.29486	1181.4827
925.34564	1048.2916
925.39648	870.09442
925.44733	820.41913
925.49817	964.47211
925.54901	1083.2225
925.59985	1349.5645
925.6507	1404.8026
925.70148	1310.7192
925.75232	1376.8427
925.80316	1314.6553
925.854	1232.188
925.90485	1153.1644
925.95569	995.79138
926.00653	1007.5541
926.05731	1142.63
926.10815	1192.0356
926.159	1271.4364
926.20984	1164.4719
926.26068	1077.8951
926.31152	1127.3267
926.36237	1169.1089
926.41315	1235.8276
926.46399	1270.6182
926.51483	1111.1113
926.56567	1157.1732
926.61652	1206.7634
926.66736	1206.1079
926.7182	1209.8749
926.76898	1066.5652
926.81982	1030.4847
926.87067	1075.2882
926.92151	1100.2157
926.97235	1163.7727
927.02319	1068.1656
927.07404	927.38696
927.12488	919.46606
927.17566	940.59113
927.2265	1034.7622
927.27734	1130.4945
927.32819	1114.3053
927.37903	1100.3564
927.42987	1097.2803
927.48071	1017.2055
927.53149	982.06085
927.58234	854.53662
927.63318	712.03113
927.68402	669.94812
927.73486	728.47314
927.78571	820.60846
927.83655	916.45642
927.88733	925.50708
927.93817	954.40533
927.98901	936.61829
928.03986	881.42139
928.0907	894.74463
928.14154	798.76257
928.19238	701.33795
928.24316	721.05536
928.29401	709.78717
928.34485	746.08063
928.39569	755.15869
928.44653	698.98114
928.49738	654.8194
928.54822	629.59723
928.599	684.41901
928.64984	773.59955
928.70068	831.19501
928.75153	859.47418
928.80237	854.50275
928.85321	825.89343
928.90405	816.45746
928.95483	744.76282
929.00568	639.13336
929.05652	568.64502
929.10736	533.87891
929.1582	608.81049
929.20905	731.82141
929.25989	803.05029
929.31067	865.18353
929.36151	823.17596
929.41235	799.32385
929.4632	796.03241
929.51404	769.38586
929.56488	704.70251
929.61572	667.23096
929.6665	614.78406
929.71735	677.24573
929.76819	718.11938
929.81903	735.7052
929.86987	700.62128
929.92072	651.99493
929.97156	650.15851
930.02234	723.68774
930.07318	730.14215
930.12402	718.33319
930.17487	703.63824
930.22571	672.94336
930.27655	713.54425
930.32739	719.82397
930.37817	713.47876
930.42902	682.18005
930.47986	600.84155
930.5307	602.99817
930.58154	644.50244
930.63239	632.20679
930.68323	601.44806
930.73401	542.84418
930.78485	475.7113
930.83569	499.9144
930.88654	541.72137
930.93738	594.51019
930.98822	651.59167
931.03906	639.30511
931.08984	651.78076
931.14069	658.60962
931.19153	532.64038
931.24237	453.65082
931.29321	391.44592
931.34406	357.79843
931.3949	358.08319
931.44574	429.17175
931.49652	517.90784
931.54736	593.47028
931.59821	592.18561
931.64905	612.52942
931.69989	603.90686
931.75073	507.24319
931.80157	484.48615
931.85236	405.12872
931.9032	386.79443
931.95404	385.54691
932.00488	404.81992
932.05573	449.87802
932.10657	475.17477
932.15741	446.01334
932.20819	426.69983
932.25903	439.57181
932.30988	482.10367
932.36072	497.65216
932.41156	477.21399
932.4624	442.11792
932.51324	483.03241
932.56403	464.73846
932.61487	494.77325
932.66571	437.56674
932.71655	382.47083
932.7674	360.72241
932.81824	384.27911
932.86908	423.673
932.91986	498.05978
932.9707	528.02783
933.02155	502.25513
933.07239	488.444
933.12323	491.37744
933.17407	525.8736
933.22491	471.27966
933.2757	426.46265
933.32654	424.01215
933.37738	429.74246
933.42822	459.17105
933.47906	480.95294
933.52991	435.53589
933.58075	395.99411
933.63153	398.09509
933.68237	385.43686
933.73322	418.28647
933.78406	463.39807
933.8349	441.19339
933.88574	451.66678
933.93658	431.34042
933.98737	412.54077
934.03821	428.1705
934.08905	377.95459
934.13989	327.61728
934.19073	339.14136
934.24158	332.10034
934.29242	366.45615
934.3432	375.2233
934.39404	336.39899
934.44489	306.2702
934.49573	287.51117
934.54657	305.30969
934.59741	346.9328
934.64825	356.00589
934.69904	374.19788
934.74988	389.33255
934.80072	370.51926
934.85156	379.97827
934.9024	331.56042
934.95325	265.25662
935.00409	229.43571
935.05487	205.00838
935.10571	235.34737
935.15656	270.52222
935.2074	323.25745
935.25824	362.47571
935.30908	373.65082
935.35992	366.37488
935.41071	362.94229
935.46155	333.59702
935.51239	281.81754
935.56323	243.53535
935.61407	197.45961
935.66492	221.92062
935.71576	255.98065
935.7666	293.11511
935.81738	318.84555
935.86823	323.57996
935.91907	301.5267
935.96991	306.39279
936.02075	293.86459
936.07159	320.51569
936.12244	305.22971
936.17322	292.20908
936.22406	288.79846
936.2749	313.73666
936.32574	314.18729
936.37659	301.45349
936.42743	260.56561
936.47827	262.13376
936.52905	257.74042
936.5799	283.76843
936.63074	313.41724
936.68158	322.45132
936.73242	297.80634
936.78326	272.22565
936.83411	314.51575
936.88489	301.0105
936.93573	306.58307
936.98657	265.80191
937.03741	266.41473
937.08826	267.233
937.1391	291.71112
937.18994	278.07339
937.24072	241.40945
937.29156	220.9231
937.34241	207.32799
937.39325	212.17445
937.44409	220.52106
937.49493	275.21796
937.54578	307.07977
937.59656	284.14874
937.6474	299.25085
937.69824	279.52646
937.74908	271.42429
937.79993	235.27312
937.85077	208.43985
937.90161	174.76366
937.95239	186.14279
938.00323	203.52344
938.05408	218.3744
938.10492	222.86328
938.15576	200.99229
938.2066	196.46944
938.25745	201.23921
938.30823	213.67201
938.35907	226.33601
938.40991	232.9498
938.46075	228.68871
938.5116	214.95578
938.56244	219.63882
938.61328	218.79712
938.66406	194.8878
938.7149	165.22234
938.76575	145.53587
938.81659	137.8607
938.86743	167.61635
938.91827	196.42319
938.96912	225.80775
939.0199	253.37335
939.07074	266.5578
939.12158	254.37155
939.17242	218.66551
939.22327	218.94037
939.27411	196.09117
939.32495	160.82913
939.37573	141.54179
939.42657	150.96405
939.47742	193.49031
939.52826	216.63925
939.5791	211.21371
939.62994	230.40897
939.68079	225.39592
939.73163	228.91019
939.78241	232.31451
939.83325	201.40881
939.88409	186.8223
939.93494	200.47853
939.98578	179.11455
940.03662	225.62216
940.08746	202.47409
940.13824	193.11636
940.18909	213.45395
940.23993	186.5562
940.29077	195.50206
940.34161	204.88303
940.39246	210.88744
940.4433	184.15265
940.49408	199.77194
940.54492	165.99277
940.59576	186.96727
940.64661	200.97519
940.69745	203.12776
940.74829	218.93181
940.79913	189.11919
940.84991	181.47223
940.90076	191.83417
940.9516	217.42134
941.00244	149.27321
941.05328	136.74704
941.10413	118.29816
941.15497	128.40872
941.20575	165.82568
941.25659	188.12062
941.30743	189.96864
941.35828	187.98445
941.40912	176.51527
941.45996	203.28636
941.5108	175.48808
941.56158	140.98929
941.61243	124.30595
941.66327	106.55708
941.71411	98.235535
941.76495	125.23249
941.8158	142.56784
941.86664	153.57463
941.91742	150.32382
941.96826	136.04536
942.0191	166.7876
942.06995	159.84247
942.12079	145.56818
942.17163	147.67999
942.22247	132.02307
942.27325	125.06595
942.3241	136.88362
942.37494	146.1772
942.42578	135.8596
942.47662	101.47784
942.52747	102.20969
942.57831	124.62641
942.62909	137.41248
942.67993	130.02299
942.73077	145.31609
942.78162	169.57788
942.83246	165.24809
942.8833	153.78905
942.93414	153.60419
942.98492	155.41016
943.03577	135.42821
943.08661	131.53288
943.13745	108.0497
943.18829	111.26894
943.23914	140.50774
943.28998	149.41016
943.34076	182.38216
943.3916	156.00864
943.44244	148.29782
943.49329	144.65952
943.54413	153.07053
943.59497	138.21051
943.64581	140.24304
943.69659	107.50986
943.74744	130.7095
943.79828	142.4095
943.84912	127.40808
943.89996	117.28098
943.95081	118.24512
944.00165	113.75156
944.05249	122.86973
944.10327	117.64899
944.15411	133.00108
944.20496	115.61407
944.2558	112.3927
944.30664	106.77027
944.35748	127.34738
944.40833	126.27702
944.45911	143.39249
944.50995	125.63174
944.56079	103.94019
944.61163	109.61531
944.66248	115.4987
944.71332	140.51274
944.76416	94.581436
944.81494	56.324512
944.86578	66.410156
944.91663	67.726204
944.96747	77.657295
945.01831	96.358505
945.06915	102.25656
945.12	108.22048
945.17078	136.32683
945.22162	124.64243
945.27246	108.83237
945.3233	94.072426
945.37415	63.410156
945.42499	61.413208
945.47583	61.921974
945.52661	76.552277
945.57745	81.018204
945.6283	77.448074
945.67914	88.410156
945.72998	87.151741
945.78082	88.015587
945.83167	99.045982
945.88245	97.288445
945.93329	83.453705
945.98413	82.410156
946.03497	72.263412
946.08582	67.110062
946.13666	80.002663
946.1875	83.55127
946.23828	75.314377
946.28912	74.31498
946.33997	70.450874
946.39081	73.127403
946.44165	73.656204
946.49249	87.418991
946.54333	90.518829
946.59412	88.079803
946.64496	89.094444
946.6958	92.907036
946.74664	97.980057
946.79749	83.369812
946.84833	78.899323
946.89917	72.57798
946.94995	75.05603
947.00079	74.832504
947.05164	86.470802
947.10248	85.317558
947.15332	80.241287
947.20416	66.671425
947.255	88.592934
947.30579	84.499344
947.35663	86.987976
947.40747	81.048409
947.45831	80.410156
947.50916	73.832535
947.56	84.857819
947.61084	97.042847
947.66162	74.75824
947.71246	70.413666
947.76331	81.00145
947.81415	53.560516
947.86499	59.639923
947.91583	84.861626
947.96667	77.162933
948.01752	84.322845
948.0683	60.860691
948.11914	44.521675
948.16998	78.669937
948.22083	61.107292
948.27167	60.411606
948.32251	63.586319
948.37335	55.014439
948.42413	56.396832
948.47498	65.579681
948.52582	62.341568
948.57666	64.39666
948.6275	40.006409
948.67834	31.026539
948.72919	39.247261
948.77997	44.375134
948.83081	53.152847
948.88165	63.941887
948.9325	67.139931
948.98334	74.656761
949.03418	62.616913
949.08502	59.653687
949.1358	57.540291
949.18665	38.155434
949.23749	28.706989
949.28833	34.122463
949.33917	27.934498
949.39001	30.46904
949.44086	45.912537
949.49164	58.566029
949.54248	62.630177
949.59332	58.705353
949.64417	62.613533
949.69501	66.004433
949.74585	45.286083
949.79669	38.47538
949.84747	42.059231
949.89832	35.764652
949.94916	42.610538
950	62.033504
