700	48.096409
700.05084	47
700.10168	47.153461
700.15253	47.452026
700.20331	40.847206
700.25415	49.729019
700.30499	45.751255
700.35583	41.065708
700.40668	43.079792
700.45752	47.995625
700.50836	44.071331
700.55914	42.354137
700.60999	40.39817
700.66083	42.155685
700.71167	46.861946
700.76251	48.191433
700.81335	48.294922
700.8642	45.706764
700.91498	50.120411
700.96582	46.855362
701.01666	47.624065
701.0675	47.439365
701.11835	40.83947
701.16919	43.031269
701.22003	49.506081
701.27081	46.202034
701.32166	47.848221
701.3725	51.171608
701.42334	52.000004
701.47418	52.194637
701.52502	48.246796
701.57587	47.252365
701.62665	44.953564
701.67749	46.729061
701.72833	44.690952
701.77917	41.294922
701.83002	47.253681
701.88086	46.367233
701.9317	45.721027
701.98248	46.366768
702.03333	44.665543
702.08417	48.531761
702.13501	47.925751
702.18585	46.144157
702.23669	48.518089
702.28754	48.225521
702.33838	46.606007
702.38916	49.546661
702.44	49.659859
702.49084	47.800934
702.54169	46.434349
702.59253	47.341908
702.64337	44.66362
702.69421	48.294922
702.745	48.464306
702.79584	49.066132
702.84668	49.233772
702.89752	47.723061
702.94836	43.633701
702.99921	49.730881
703.05005	47.125854
703.10083	40.744255
703.15167	45.924362
703.20251	45.176525
703.25336	43.947445
703.3042	42.891434
703.35504	36.69083
703.40588	46.182598
703.45667	53.278652
703.50751	51.312759
703.55835	48.368431
703.60919	44.460403
703.66003	43.353188
703.71088	43.294922
703.76172	46.022293
703.8125	47.187149
703.86334	49.665565
703.91418	48.280762
703.96503	46.561394
704.01587	42.159882
704.06671	43.48634
704.11755	42.645905
704.16833	48.514942
704.21918	45.501297
704.27002	46.234676
704.32086	47.214954
704.3717	48.509418
704.42255	46.423538
704.47339	48.012096
704.52417	51.087784
704.57501	51.353355
704.62585	49.925514
704.6767	44.201874
704.72754	47.749348
704.77838	48.635387
704.82922	46.564949
704.88	48.646099
704.93085	46.269245
704.98169	45.218845
705.03253	46.146736
705.08337	45.968021
705.13422	46.202591
705.18506	46.064594
705.23584	46.258259
705.28668	44.875637
705.33752	45.788349
705.38837	48.887306
705.43921	50.926594
705.49005	51.042435
705.54089	47.941906
705.59167	47.777039
705.64252	52.173317
705.69336	49.339813
705.7442	46.726185
705.79504	46.257225
705.84589	47.241489
705.89673	47.323528
705.94751	46.670731
705.99835	52.034458
706.04919	47.34359
706.10004	45.049896
706.15088	48.855274
706.20172	47.484032
706.25256	44.791878
706.30341	49.872288
706.35419	39.916031
706.40503	46.870247
706.45587	45.24543
706.50671	49.83886
706.55756	45.070843
706.6084	49.291874
706.65924	45.354866
706.71002	50.141396
706.76086	48.106571
706.81171	43.316395
706.86255	48.525475
706.91339	50.81036
706.96423	51.262318
707.01508	49.289822
707.06586	48.142021
707.1167	46.317497
707.16754	45.174671
707.21838	51.476776
707.26923	49.030682
707.32007	46.673225
707.37091	45.307678
707.42169	48.733318
707.47253	49.26907
707.52338	44.70882
707.57422	48.102531
707.62506	46.87627
707.6759	46.43391
707.72675	44.583313
707.77753	45.653316
707.82837	47
707.87921	50.025318
707.93005	50.23201
707.9809	47.279209
708.03174	49.511703
708.08258	50.508648
708.13336	49.681641
708.1842	48.612328
708.23505	47
708.28589	47.620522
708.33673	49.221848
708.38757	48.951733
708.43842	48.158913
708.4892	49.172157
708.54004	48.717594
708.59088	49.337063
708.64172	47.297554
708.69257	41.709023
708.74341	45.710224
708.79425	50.126141
708.84503	48.204288
708.89587	49.252304
708.94672	50.832619
708.99756	46.031887
709.0484	44.031601
709.09924	45.307835
709.15009	44.204071
709.20087	51.103359
709.25171	45.137863
709.30255	40.72187
709.35339	45.513657
709.40424	52.158314
709.45508	50.447792
709.50592	44.050919
709.5567	42.84203
709.60754	51.122929
709.65839	49.017784
709.70923	49.370922
709.76007	50.979668
709.81091	50.277927
709.86176	49.002232
709.91254	44.375751
709.96338	47.196186
710.01422	44.437481
710.06506	46.168526
710.11591	47.215992
710.16675	49.107735
710.21759	42.16864
710.26837	48.921329
710.31921	51.721001
710.37006	44.397102
710.4209	47.394859
710.47174	44.796787
710.52258	44
710.57343	49.489376
710.62427	46.615852
710.67505	48.309406
710.72589	48.556744
710.77673	43.018501
710.82758	47.371048
710.87842	48.61404
710.92926	48.877453
710.9801	45.123531
711.03088	43.838234
711.08173	49.167145
711.13257	53.416058
711.18341	50.080791
711.23425	47.121876
711.2851	47.16861
711.33594	47.851391
711.38672	51.383522
711.43756	48.36047
711.4884	46.876366
711.53925	47.169567
711.59009	44.9627
711.64093	46
711.69177	44.779831
711.74255	44.909771
711.7934	47.966801
711.84424	48.076233
711.89508	45.513004
711.94592	45.424091
711.99677	48.995304
712.04761	50.269653
712.09839	46.766266
712.14923	47.244595
712.20007	49.596104
712.25092	50.008312
712.30176	50.029949
712.3526	52.331875
712.40344	51.844589
712.45422	47.067768
712.50507	47.144253
712.55591	49.704422
712.60675	47.058907
712.65759	45.664608
712.70844	44.962788
712.75928	49.882793
712.81006	47.540535
712.8609	48.429016
712.91174	41.294922
712.96259	41.429638
713.01343	43.316746
713.06427	48.097561
713.11511	50.068424
713.16589	51.907574
713.21674	47.328953
713.26758	53.937668
713.31842	45.504383
713.36926	50.773129
713.4201	44.659561
713.47095	49.606628
713.52173	47.520847
713.57257	40.715546
713.62341	45.324059
713.67426	46
713.7251	45.141792
713.77594	47.530914
713.82678	46.586372
713.87756	47.109421
713.92841	44.895126
713.97925	42.492573
714.03009	44.312386
714.08093	47.268681
714.13177	43.768784
714.18262	48.838722
714.2334	47.019798
714.28424	45.992874
714.33508	46.978306
714.38593	50.44175
714.43677	44.996243
714.48761	45.584011
714.53845	43.183483
714.58929	44.388645
714.64008	46.404026
714.69092	46
714.74176	48.267342
714.7926	48.895466
714.84344	48.697102
714.89429	47.567352
714.94513	42.582127
714.99591	44.100639
715.04675	50.583565
715.0976	48.566612
715.14844	47.00695
715.19928	49.289551
715.25012	49.395454
715.30096	49.65913
715.35175	46.111786
715.40259	45.815964
715.45343	46.354729
715.50427	44.5112
715.55511	49.893757
715.60596	52.513416
715.6568	46.986404
715.70758	47.387054
715.75842	50.840591
715.80927	51.138393
715.86011	47.765709
715.91095	52.049297
715.96179	47.884464
716.01263	44.270359
716.06342	46.270687
716.11426	50.241665
716.1651	48.885529
716.21594	43.294922
716.26678	42.880245
716.31763	41.006214
716.36847	46.220219
716.41925	48
716.47009	47.859921
716.52094	45.956989
716.57178	41.810074
716.62262	50.575729
716.67346	40.345108
716.7243	42.291477
716.77509	42.000896
716.82593	48.192352
716.87677	46.070782
716.92761	51.734322
716.97845	51.058792
717.0293	50.346649
717.08014	50.294926
717.13092	49.39624
717.18176	44.60807
717.2326	50.102314
717.28345	46.108795
717.33429	49.513783
717.38513	47.806755
717.43597	47.870113
717.48676	48.236362
717.5376	44.123589
717.58844	46.867405
717.63928	45.944649
717.69012	47.534153
717.74097	46.098495
717.79181	47.238316
717.84259	46.095116
717.89343	45.985359
717.94427	44.263813
717.99512	47.07653
718.04596	45.297123
718.0968	45.837517
718.14764	44.62558
718.19843	43
718.24927	46.565563
718.30011	43.949554
718.35095	44.658108
718.40179	45.788509
718.45264	46.697361
718.50348	49.525448
718.55426	50.662334
718.6051	50.151859
718.65594	46.57658
718.70679	45.882893
718.75763	45.394512
718.80847	45.397991
718.85931	45.728981
718.91016	43.61869
718.96094	46.893013
719.01178	45.014828
719.06262	46.000847
719.11346	48.829773
719.16431	46.147633
719.21515	47.291405
719.26599	46.1614
719.31677	48.70435
719.36761	49.034298
719.41846	44.682041
719.4693	43.695335
719.52014	49.206966
719.57098	46.790493
719.62183	49.681141
719.67261	49.508236
719.72345	44.258606
719.77429	45.667095
719.82513	46.779758
719.87598	44.453243
719.92682	46.309357
719.97766	51.203991
720.02844	44
720.07928	44.240314
720.13013	46.477551
720.18097	47.804459
720.23181	42.535133
720.28265	50.228737
720.3335	48.822353
720.38428	44.363888
720.43512	46.943096
720.48596	42.299919
720.5368	41.309628
720.58765	41.008289
720.63849	48.667919
720.68933	41.439285
720.74011	43.138153
720.79095	43.942387
720.8418	48.524433
720.89264	49.26292
720.94348	44.020168
720.99432	46.758396
721.04517	50.704792
721.09595	46.852131
721.14679	44.348671
721.19763	45.624527
721.24847	46.235886
721.29932	50.782806
721.35016	43.72234
721.401	45.094147
721.45178	42.558273
721.50262	48.637203
721.55347	48.919857
721.60431	45.1703
721.65515	44.899773
721.70599	46.658539
721.75684	47.766201
721.80762	45.379971
721.85846	47.401283
721.9093	45.518581
721.96014	42.678932
722.01099	45.133511
722.06183	47
722.11267	47.576969
722.16345	49.128475
722.21429	50.713959
722.26514	50.217739
722.31598	45.459713
722.36682	45.586353
722.41766	47.501419
722.46851	45.170109
722.51929	45.576801
722.57013	46.538898
722.62097	46.895401
722.67181	47.565186
722.72266	48.266251
722.7735	48.893169
722.82434	48.087852
722.87512	48.527882
722.92596	47.92725
722.97681	45.168953
723.02765	40.264496
723.07849	44.430206
723.12933	45.934151
723.18018	46.068615
723.23102	44.764908
723.2818	46.890274
723.33264	42.679008
723.38348	43.297539
723.43433	48.784744
723.48517	45.230549
723.53601	46.217403
723.58685	46.795071
723.63763	46.191757
723.68848	47.052944
723.73932	47.412739
723.79016	47.737625
723.841	46.394794
723.89185	47.517056
723.94269	50.884003
723.99347	50.103771
724.04431	50.935539
724.09515	49.80315
724.146	44.395351
724.19684	49.356838
724.24768	38.132599
724.29852	41.510765
724.3493	48.984219
724.40015	48.004593
724.45099	49.281876
724.50183	46.072803
724.55267	42.422104
724.60352	49.922466
724.65436	42.774143
724.70514	50.645081
724.75598	43.970406
724.80682	49.351845
724.85767	43.762276
724.90851	48.273235
724.95935	49
725.01019	48.398411
725.06097	36.272968
725.11182	43.945168
725.16266	44.366932
725.2135	45.041508
725.26434	47.671139
725.31519	43.615871
725.36603	41.302105
725.41681	46.501785
725.46765	52.004738
725.51849	47.241848
725.56934	40.189091
725.62018	41.613277
725.67102	40.920879
725.72186	41.562405
725.77264	46.3064
725.82349	48.757698
725.87433	45.325256
725.92517	43.926811
725.97601	43.492516
726.02686	44.822277
726.0777	44.214413
726.12848	43.582966
726.17932	45.712204
726.23016	46.047707
726.28101	48.572559
726.33185	47.394497
726.38269	42.954002
726.43353	42.661404
726.48431	43.793457
726.53516	45.267532
726.586	47.577332
726.63684	47.152622
726.68768	45
726.73853	45.437904
726.78937	47.279018
726.84015	47.465691
726.89099	45.176399
726.94183	43.44141
726.99268	42.620975
727.04352	45.552711
727.09436	46.104443
727.1452	46.978745
727.19604	47.868011
727.24683	44.868946
727.29767	41.123775
727.34851	44.470879
727.39935	47.519264
727.4502	44.055012
727.50104	39.369633
727.55188	44.700871
727.60266	48.834671
727.6535	49.121758
727.70435	50.796612
727.75519	46.037312
727.80603	44.061714
727.85687	40.928871
727.90771	46.227074
727.9585	49.675507
728.00934	42.434845
728.06018	43.129375
728.11102	42.116646
728.16187	43.135372
728.21271	44.294922
728.26355	43.888737
728.31433	39.764919
728.36517	45.826405
728.41602	43.045689
728.46686	43.802658
728.5177	38.445026
728.56854	44.943424
728.61938	40.004333
728.67017	50.171654
728.72101	40.249035
728.77185	46.072861
728.82269	46.966534
728.87354	43.234318
728.92438	46.721455
728.97522	40.572498
729.026	47.256485
729.07684	43.789238
729.12769	47.713711
729.17853	42.193264
729.22937	47.064342
729.28021	44.852917
729.33105	48.234699
729.38184	42.391239
729.43268	46.938583
729.48352	45.083752
729.53436	46.670128
729.58521	44.7257
729.63605	44.99506
729.68689	48.858425
729.73767	47.763706
729.78851	44.063713
729.83936	46.615074
729.8902	44.650188
729.94104	44.488594
729.99188	45
730.04272	44.52224
730.09351	43.431805
730.14435	41.69059
730.19519	45.049126
730.24603	43.501846
730.29688	45.459591
730.34772	44.339611
730.39856	45.167931
730.44934	45.948353
730.50018	43.272888
730.55103	45.387875
730.60187	46.892822
730.65271	48.712658
730.70355	45.31728
730.75439	45.85331
730.80518	47.950974
730.85602	45.497112
730.90686	43.569721
730.9577	44.465076
731.00854	45.047333
731.05939	42.972885
731.11023	46.455784
731.16101	47.306343
731.21185	48.098557
731.2627	48.54808
731.31354	43.409615
731.36438	42.273613
731.41522	44.294922
731.46606	46.481461
731.51691	47.71714
731.56769	44.71154
731.61853	48.097694
731.66937	48.200489
731.72021	48
731.77106	46.211529
731.8219	42.574043
731.87274	44.633312
731.92352	44.970394
731.97437	43.504692
732.02521	48.372066
732.07605	44.159595
732.12689	47.629829
732.17773	49.57856
732.22858	45.441051
732.27936	36.204292
732.3302	44.6492
732.38104	43.653797
732.43188	45.866898
732.48273	40.626141
732.53357	43.040825
732.58441	47.457054
732.63519	44.867882
732.68604	44.134022
732.73688	44.580315
732.78772	42.097301
732.83856	49.936607
732.8894	39.413105
732.94025	44.308327
732.99103	44.411934
733.04187	46.420296
733.09271	49.089134
733.14355	48.144447
733.1944	50.852455
733.24524	46.01873
733.29608	44.196411
733.34686	49.638515
733.39771	45.97945
733.44855	45.324028
733.49939	42.236908
733.55023	46.462643
733.60107	43.627464
733.65192	40.586899
733.7027	46.587467
733.75354	42.999619
733.80438	40.638046
733.85522	44.605366
733.90607	44.782524
733.95691	42.507965
734.00775	41.082027
734.05853	46.535038
734.10938	43.515179
734.16022	42.974316
734.21106	44.87664
734.2619	44.356415
734.31274	44.939392
734.36359	44.632858
734.41437	43.439026
734.46521	40.512344
734.51605	50.16378
734.56689	46.569149
734.61774	44.204872
734.66858	45.008801
734.71942	45.173687
734.7702	42.11565
734.82104	46.770416
734.87189	44.24781
734.92273	43.749462
734.97357	47.447899
735.02441	44.300678
735.07526	44.13002
735.12604	43.817936
735.17688	46.835003
735.22772	48.079205
735.27856	44.422131
735.32941	45.939083
735.38025	43.337013
735.43109	41.991024
735.48193	44.065392
735.53271	44.803589
735.58356	46.225723
735.6344	44.144741
735.68524	40.520855
735.73608	41.566998
735.78693	42.940495
735.83777	43.213428
735.88855	44.333752
735.93939	44.116234
735.99023	43.704166
736.04108	42.522972
736.09192	43.165211
736.14276	43.734222
736.1936	41.572216
736.24438	44.468021
736.29523	43.682575
736.34607	41.364292
736.39691	42.420216
736.44775	41.54929
736.4986	40.757042
736.54944	42.495445
736.60022	43.001228
736.65106	45.858742
736.7019	42.761868
736.75275	42.339169
736.80359	44.58802
736.85443	41.521408
736.90527	46.554726
736.95605	45.592377
737.0069	44.90675
737.05774	45.882648
737.10858	46.571854
737.15942	46.185619
737.21027	43.582455
737.26111	42.23558
737.31189	42.416634
737.36273	39.524113
737.41357	43.68869
737.46442	43.428165
737.51526	42.700397
737.5661	38.741318
737.61694	39.739738
737.66772	40.090309
737.71857	46.853439
737.76941	43.267513
737.82025	45.778614
737.87109	38.770702
737.92194	42.099369
737.97278	48.931732
738.02356	39.686863
738.0744	44.010303
738.12524	46.670227
738.17609	46.575428
738.22693	44.975033
738.27777	43.665489
738.32861	46.158211
738.37939	40.593868
738.43024	40.181107
738.48108	45.176655
738.53192	41.835808
738.58276	43.174496
738.63361	42.878883
738.68445	41.710354
738.73523	42.231739
738.78607	44.687862
738.83691	44.093872
738.88776	45.054653
738.9386	45.402271
738.98944	44.942245
739.04028	39.920212
739.09106	46.34296
739.14191	42.564613
739.19275	42.606762
739.24359	45.05722
739.29443	41.369038
739.34528	39.947361
739.39612	43.061718
739.4469	43.464699
739.49774	43.58989
739.54858	43.841938
739.59943	45.190807
739.65027	42.062157
739.70111	41.924904
739.75195	42.161579
739.8028	44.874454
739.85358	45.310246
739.90442	43.617508
739.95526	43.572819
740.0061	42.510796
740.05695	45.312801
740.10779	46.550941
740.15863	44.500267
740.20941	44.096958
740.26025	42.175308
740.3111	44.623367
740.36194	48.047966
740.41278	44.206566
740.46362	41.880409
740.51447	41.924335
740.56525	42.489788
740.61609	44.76067
740.66693	46.575573
740.71777	44.374985
740.76862	41.767681
740.81946	42.364799
740.8703	42.227936
740.92108	41.264492
740.97192	40.763355
741.02277	42.629047
741.07361	43.858257
741.12445	41.362083
741.17529	38.635342
741.22614	42.618515
741.27692	42.985291
741.32776	37.755589
741.3786	41.23674
741.42944	44.21888
741.48029	43.295227
741.53113	47.76844
741.58197	43.800381
741.63275	41.406925
741.68359	41.873646
741.73444	41.480701
741.78528	44.923607
741.83612	43.615528
741.88696	41.596291
741.93781	43.186226
741.98859	46.023521
742.03943	42.5172
742.09027	39.163551
742.14111	40.157185
742.19196	41.999996
742.2428	41.538033
742.29364	43.398262
742.34442	44.155796
742.39526	40.301548
742.44611	42.644135
742.49695	46.159897
742.54779	42.629276
742.59863	41.559727
742.64948	42.73888
742.70026	40.516205
742.7511	40.763996
742.80194	42.441338
742.85278	45.308895
742.90363	43.546375
742.95447	42.861759
743.00531	43.475441
743.05609	43.439201
743.10693	43.996124
743.15778	46.304482
743.20862	43.221497
743.25946	45.241318
743.3103	45.127922
743.36115	42.3508
743.41193	45.15049
743.46277	44.195789
743.51361	43.371185
743.56445	43.231663
743.6153	45.705338
743.66614	45.652271
743.71698	41.820869
743.76782	42.557007
743.8186	45.501762
743.86945	41.722603
743.92029	47.300106
743.97113	44.625755
744.02197	41.667969
744.07281	44.011623
744.12366	43.438057
744.17444	42.890266
744.22528	42.392769
744.27612	43.191753
744.32697	45.866871
744.37781	42.684101
744.42865	39.720524
744.47949	45.065735
744.53027	45.407635
744.58112	44.413601
744.63196	43.598991
744.6828	45.367676
744.73364	44.097088
744.78448	41.308498
744.83533	43.63607
744.88611	43.23288
744.93695	43.425045
744.98779	40.794113
745.03864	42.037731
745.08948	43.983707
745.14032	43.64629
745.19116	43.531109
745.24194	41.240326
745.29279	42.613457
745.34363	42.757961
745.39447	45.526958
745.44531	40.910027
745.49615	41.331497
745.547	42.30769
745.59778	42.903713
745.64862	43.564114
745.69946	42.827869
745.75031	42.497353
745.80115	42.118359
745.85199	41.47583
745.90283	44.558075
745.95361	44.87373
746.00446	44.310753
746.0553	46.851738
746.10614	39.269802
746.15698	39.820076
746.20782	39.929699
746.25867	43.764179
746.30945	43.268513
746.36029	44.588997
746.41113	44.629658
746.46198	41.977058
746.51282	39.482929
746.56366	41.748684
746.6145	42.594852
746.66528	47.079193
746.71613	44.992931
746.76697	43.771175
746.81781	45.284294
746.86865	47.964928
746.91949	44.569607
746.97034	41.385021
747.02112	41.596909
747.07196	41.82893
747.1228	42.587177
747.17365	43.799641
747.22449	39.677975
747.27533	44.045727
747.32617	42.713005
747.37695	42.20668
747.4278	41.610794
747.47864	42.829372
747.52948	42.096367
747.58032	42.261833
747.63116	42.543575
747.68201	42.333847
747.73279	43.525845
747.78363	43.848324
747.83447	40.034462
747.88531	41.610954
747.93616	43.226322
747.987	45.521416
748.03784	45.396145
748.08868	46.237015
748.13947	41.173855
748.19031	42.093391
748.24115	46.080376
748.29199	42.602097
748.34283	41.646751
748.39368	43.899918
748.44452	41.668461
748.4953	40.45697
748.54614	40.103912
748.59698	44.260807
748.64783	45.617023
748.69867	44.193123
748.74951	44.603722
748.80035	42.66148
748.85114	41.341805
748.90198	42.844826
748.95282	43.228142
749.00366	43.147427
749.0545	41.612309
749.10535	43.308285
749.15619	46.660725
749.20697	44.064243
749.25781	44.138325
749.30865	45.246365
749.3595	44.489471
749.41034	41.444244
749.46118	41.570042
749.51202	45.34745
749.56281	46.237141
749.61365	44.041912
749.66449	43.602055
749.71533	43.851185
749.76617	42.948128
749.81702	41.779346
749.86786	43.857517
749.91864	45.963451
749.96948	41.844296
750.02032	38.985771
750.07117	41.118538
750.12201	43.472557
750.17285	41.280701
750.22369	42.125305
750.27448	45.085163
750.32532	47.719173
750.37616	44.419415
750.427	40.320896
750.47784	46.004059
750.52869	42.426949
750.57953	39.01815
750.63031	44.497021
750.68115	47.404106
750.73199	42.777744
750.78284	42.397144
750.83368	45.435585
750.88452	46.617996
750.93536	44.710323
750.98615	44.659317
751.03699	43.30669
751.08783	46.727089
751.13867	48.54488
751.18951	44.556442
751.24036	45.681763
751.2912	46.546032
751.34198	43.991375
751.39282	41.988132
751.44366	44.676804
751.49451	47.598175
751.54535	39.719101
751.59619	38.29287
751.64703	40.004833
751.69781	42.607311
751.74866	41.111408
751.7995	37.712391
751.85034	43.53297
751.90118	43.189953
751.95203	42.752346
752.00287	45.282135
752.05365	43.393764
752.10449	43.571892
752.15533	42.319096
752.20618	44.213913
752.25702	36.6068
752.30786	45.303802
752.3587	43.617065
752.40955	40.460831
752.46033	40.78783
752.51117	43.873203
752.56201	47.075882
752.61285	45.113808
752.6637	43.94043
752.71454	45.991859
752.76538	44.961143
752.81616	44
752.867	44.614079
752.91785	43.049454
752.96869	42.595493
753.01953	42.354229
753.07037	40.736553
753.12122	39.976383
753.172	41.745697
753.22284	42.94043
753.27368	42.366505
753.32452	43.068516
753.37537	48.927876
753.42621	46.441502
753.47705	40.433765
753.52783	40.989464
753.57867	42.9697
753.62952	43.435677
753.68036	44.949394
753.7312	46.030022
753.78204	42.624458
753.83289	41.860912
753.88367	43.972843
753.93451	45.727039
753.98535	47.94043
754.03619	47.538971
754.08704	44.914959
754.13788	42.814247
754.18872	41.990112
754.2395	40.877243
754.29034	44.696297
754.34119	44.856033
754.39203	41.901897
754.44287	40.987507
754.49371	42.621487
754.54456	41.011036
754.59534	40.28228
754.64618	43.913559
754.69702	45.639622
754.74786	44.357887
754.79871	43.787128
754.84955	45.139603
754.90039	43.246834
754.95117	43.94043
755.00201	45.418331
755.05286	49.284019
755.1037	46.491631
755.15454	44.509552
755.20538	42.952675
755.25623	43.58773
755.30701	45.614895
755.35785	43.763329
755.40869	42.605591
755.45953	41.73307
755.51038	46.237724
755.56122	47.531918
755.61206	44.732105
755.66284	43.30143
755.71368	45.835575
755.76453	45.095676
755.81537	45.202576
755.86621	38.161137
755.91705	39.871544
755.9679	39.257874
756.01868	43.051395
756.06952	44.032219
756.12036	45.94043
756.1712	45.696178
756.22205	37.122211
756.27289	44.051952
756.32373	49.93462
756.37457	40.03883
756.42535	45.82917
756.4762	43.025639
756.52704	40.109207
756.57788	43.755322
756.62872	39.219109
756.67957	43.612675
756.73041	43.94043
756.78119	47.608292
756.83203	46.126064
756.88287	42.346954
756.93372	44.609428
756.98456	43.233013
757.0354	44.742138
757.08624	44.948627
757.13702	40.677185
757.18787	45.846825
757.23871	44.435226
757.28955	46.416576
757.34039	46.172596
757.39124	46.759651
757.44208	43.795509
757.49286	39.796299
757.5437	42.108799
757.59454	45.3153
757.64539	42.90229
757.69623	43.447357
757.74707	40.962559
757.79791	42.191555
757.84869	48.04612
757.89954	43.482887
757.95038	41.691097
758.00122	43.357841
758.05206	46.054775
758.10291	42.865211
758.15375	42.961391
758.20453	40.615673
758.25537	42.21777
758.30621	40.747158
758.35706	40.874969
758.4079	45.085175
758.45874	44.496395
758.50958	43.611542
758.56036	43.361248
758.61121	43.569962
758.66205	45.170868
758.71289	44.269806
758.76373	42.431973
758.81458	41.440674
758.86542	43.753117
758.9162	44.374241
758.96704	45.634323
759.01788	49.513973
759.06873	47.845562
759.11957	43.956421
759.17041	41.475094
759.22125	41.409538
759.27203	42.94043
759.32288	38.717892
759.37372	37.708752
759.42456	43.819565
759.4754	47.313549
759.52625	47.624401
759.57709	43.816177
759.62787	41.817444
759.67871	44.178131
759.72955	44.752895
759.7804	44.185486
759.83124	45.226162
759.88208	42.840588
759.93292	39.481514
759.9837	40.615402
760.03455	45.58865
760.08539	42.310905
760.13623	39.633457
760.18707	39.563782
760.23792	43.682579
760.28876	40.689117
760.33954	41.212006
760.39038	42.528511
760.44122	39.268581
760.49207	39.663208
760.54291	39.748569
760.59375	42.998665
760.64459	44.486355
760.69543	41.452209
760.74622	45.233154
760.79706	42.726646
760.8479	41.328293
760.89874	39.783791
760.94958	42.333294
761.00043	40.135056
761.05127	41.88224
761.10205	44.918911
761.15289	40.279842
761.20374	41.144051
761.25458	37.604824
761.30542	41.955162
761.35626	46.987671
761.4071	41.257458
761.45789	42.757877
761.50873	41.112492
761.55957	42.098598
761.61041	42.747913
761.66125	41.03434
761.7121	42
761.76294	41.710339
761.81372	38.123779
761.86456	40.112377
761.91541	43.09227
761.96625	45.100559
762.01709	48.715057
762.06793	41.998581
762.11877	42.021713
762.16956	46.89505
762.2204	40.940514
762.27124	42.924976
762.32208	43.924252
762.37292	42.964146
762.42377	39.069981
762.47461	43.797874
762.52539	41.14241
762.57623	42.887768
762.62708	37.382229
762.67792	41.588539
762.72876	34.570412
762.7796	46.771801
762.83044	44.379929
762.88123	44.897495
762.93207	45.83596
762.98291	45.94043
763.03375	45.11874
763.08459	44.08218
763.13544	40.505638
763.18628	39.090267
763.23706	43.995209
763.2879	40.81546
763.33875	44.087811
763.38959	44.169369
763.44043	41.565769
763.49127	40.14846
763.54211	44.717285
763.5929	42.832924
763.64374	44.296768
763.69458	45.714008
763.74542	40.623661
763.79626	46.585361
763.84711	44.493912
763.89795	41.468723
763.94873	42.454411
763.99957	45.154209
764.05042	43.805485
764.10126	45.744308
764.1521	46.833622
764.20294	42.758209
764.25378	44.338268
764.30457	41.826077
764.35541	40.658787
764.40625	43.479588
764.45709	43.463943
764.50793	43.466576
764.55878	44.483601
764.60962	41.69902
764.66046	40.539066
764.71124	43.915039
764.76208	41.587318
764.81293	42.526466
764.86377	44.035809
764.91461	43.249195
764.96545	43.425213
765.0163	43.796486
765.06708	40.788921
765.11792	39.500278
765.16876	41.366146
765.2196	42.811287
765.27045	42.683064
765.32129	41.703354
765.37213	41.762707
765.42291	44.23613
765.47375	44.914032
765.5246	42.957523
765.57544	41.820129
765.62628	40.200504
765.67712	44.253452
765.72797	45.110806
765.77875	39.543217
765.82959	39.554993
765.88043	41.49102
765.93127	42.560436
765.98212	43.162479
766.03296	40.692066
766.0838	41.379597
766.13458	42.119099
766.18542	39.753227
766.23627	41.152313
766.28711	40.743744
766.33795	39.045815
766.38879	41.769554
766.43964	40.172546
766.49042	39.521538
766.54126	39.810249
766.5921	42.669075
766.64294	43.078732
766.69379	42.026615
766.74463	38.97646
766.79547	40.307377
766.84625	43.49292
766.89709	44.830215
766.94794	43.977516
766.99878	44.827606
767.04962	41.595631
767.10046	42.095993
767.15131	42.939388
767.20209	41.356926
767.25293	41.129341
767.30377	41.751823
767.35461	45.312752
767.40546	42.05822
767.4563	40.076466
767.50714	42.797623
767.55792	43.873955
767.60876	43.66935
767.65961	43.974838
767.71045	41.129482
767.76129	42.083447
767.81213	42.040752
767.86298	40.496819
767.91376	42.247757
767.9646	41.054741
768.01544	46.26001
768.06628	40.766582
768.11713	40.786674
768.16797	42.234009
768.21881	43.207283
768.26959	44.510063
768.32043	43.532063
768.37128	44.039799
768.42212	43.72184
768.47296	43.346535
768.5238	43.524834
768.57465	45.388721
768.62543	41.029053
768.67627	43.622807
768.72711	43.110386
768.77795	39.61787
768.8288	42.659431
768.87964	39.905365
768.93048	39.76841
768.98132	43.340305
769.0321	42.608868
769.08295	40.288448
769.13379	40.914688
769.18463	40.268803
769.23547	44.02578
769.28632	42.5672
769.33716	44.108974
769.38794	43.065689
769.43878	44.320271
769.48962	35.149525
769.54047	42.569477
769.59131	39.601677
769.64215	41.128586
769.69299	40.564671
769.74377	39.88261
769.79462	40.132965
769.84546	42.008381
769.8963	40.362259
769.94714	40.443138
769.99799	42.438438
770.04883	36.316803
770.09961	43.731918
770.15045	42.709366
770.20129	43.323242
770.25214	42.776112
770.30298	41.47607
770.35382	38.140488
770.40466	43.010746
770.45544	39.409229
770.50629	38.281044
770.55713	41.249485
770.60797	46.720814
770.65881	44.021816
770.70966	41.229416
770.7605	43.246662
770.81128	40.266685
770.86212	39.721638
770.91296	40.134811
770.96381	42.056564
771.01465	44.037769
771.06549	42.763725
771.11633	42.354736
771.16711	39.384048
771.21796	41.5462
771.2688	40.294636
771.31964	42.603081
771.37048	43.201084
771.42133	43.463337
771.47217	41.449665
771.52295	41.816013
771.57379	42.52404
771.62463	43.006569
771.67548	40.869736
771.72632	38.745689
771.77716	40.049072
771.828	41.240082
771.87878	41.143032
771.92963	42.410145
771.98047	40.312168
772.03131	37.828857
772.08215	39.020832
772.133	40.240105
772.18384	39.518452
772.23462	40.553436
772.28546	40.952385
772.3363	42.401443
772.38715	42.390499
772.43799	41.163666
772.48883	42.568501
772.53967	42.48196
772.59045	41.309612
772.6413	39.045013
772.69214	41.272236
772.74298	41.55212
772.79382	38.489315
772.84467	40.331188
772.89551	42.723816
772.94635	43.495228
772.99713	42.959602
773.04797	39.821056
773.09882	38.549358
773.14966	38.594036
773.2005	39.753498
773.25134	41.628208
773.30219	41.23711
773.35297	42.990768
773.40381	41.351383
773.45465	37.798569
773.50549	39.067772
773.55634	37.043037
773.60718	37.511158
773.65802	40.567307
773.7088	39.084003
773.75964	41.710022
773.81049	42.823494
773.86133	43.093086
773.91217	42.476868
773.96301	41.613541
774.01385	41.917126
774.06464	41.617382
774.11548	41.522346
774.16632	41.549824
774.21716	41.628704
774.26801	41.652912
774.31885	41.448486
774.36969	42.16679
774.42047	41.22506
774.47131	39.334934
774.52216	40.452374
774.573	38.499294
774.62384	39.998062
774.67468	44.857719
774.72552	45.236744
774.77631	42.53968
774.82715	41.663586
774.87799	40.867043
774.92883	41.184559
774.97968	42.052311
775.03052	37.89193
775.08136	40.006771
775.13214	42.124386
775.18298	43.313316
775.23383	38.64901
775.28467	40.141388
775.33551	44.503513
775.38635	40.561172
775.43719	42.170235
775.48798	42.983406
775.53882	41.414051
775.58966	42.804047
775.6405	39.331013
775.69135	37.919926
775.74219	40.129677
775.79303	40.662785
775.84381	39.048752
775.89465	41.401459
775.9455	39.744701
775.99634	40.256405
776.04718	41.050812
776.09802	42.120136
776.14886	40.199787
776.19965	39.559837
776.25049	43.035561
776.30133	39.978455
776.35217	39.756744
776.40302	40.154953
776.45386	40.619415
776.5047	42.312401
776.55548	42.3339
776.60632	41.528873
776.65717	40.350307
776.70801	42.335217
776.75885	39.562374
776.80969	38.234619
776.86053	36.813515
776.91132	41.359455
776.96216	39.805038
777.013	41.394077
777.06384	39.646137
777.11469	42.869522
777.16553	39.430477
777.21637	41.042614
777.26721	40.973152
777.31799	41.781799
777.36884	42.833187
777.41968	39.595036
777.47052	40.594467
777.52136	40.217014
777.5722	40.743195
777.62305	40.880058
777.67383	41.435017
777.72467	38.189369
777.77551	34.629566
777.82635	38.181156
777.8772	40.448772
777.92804	42.130203
777.97888	40.22084
778.02966	39.812302
778.08051	41.628548
778.13135	40.638855
778.18219	38.839996
778.23303	40.655861
778.28387	41.039658
778.33472	41.946995
778.3855	40.005123
778.43634	38.927429
778.48718	38.016109
778.53802	39.127571
778.58887	37.450653
778.63971	38.446301
778.69055	41.235004
778.74133	42.136757
778.79218	41.599449
778.84302	38.871128
778.89386	38.74205
778.9447	39.73735
778.99554	41.49773
779.04639	40.348518
779.09717	41.634731
779.14801	40.308201
779.19885	37.596607
779.24969	39.884987
779.30054	41.19363
779.35138	40.087582
779.40222	39.696316
779.453	40.623055
779.50385	40.11438
779.55469	38.028313
779.60553	36.514748
779.65637	38.280876
779.70721	40.250195
779.75806	42.316425
779.80884	41.248669
779.85968	38.363636
779.91052	36.489098
779.96136	36.710682
780.01221	38.933022
780.06305	42.413452
780.11389	40.619625
780.16467	38.06052
780.21552	36.879623
780.26636	41.341541
780.3172	40.357166
780.36804	39.689034
780.41888	41.287674
780.46973	38.239967
780.52051	36.766838
780.57135	36.873169
780.62219	37.819397
780.67303	37.097
780.72388	38.902935
780.77472	37.891636
780.82556	38.660793
780.87634	41.36581
780.92719	41.589886
780.97803	39.045856
781.02887	39.932346
781.07971	39.757877
781.13055	36.934124
781.1814	36.752754
781.23218	37.47546
781.28302	41.143681
781.33386	40.033009
781.3847	37.236931
781.43555	38.26857
781.48639	41.042889
781.53723	39.74818
781.58807	41.437939
781.63885	41.624264
781.6897	38.869789
781.74054	38.980217
781.79138	38.044853
781.84222	39.39941
781.89307	38.464176
781.94391	41.658455
781.99469	36.23938
782.04553	41.351101
782.09637	38.938602
782.14722	43.378979
782.19806	39.459698
782.2489	43.735325
782.29974	40.160896
782.35052	39.404251
782.40137	41.614349
782.45221	39.092823
782.50305	40.468971
782.55389	39.527267
782.60474	38.590389
782.65558	39.082817
782.70636	41.273628
782.7572	38.538891
782.80804	40.120998
782.85889	43.88501
782.90973	42.591408
782.96057	38.876431
783.01141	35.318741
783.06219	38.121666
783.11304	39.015305
783.16388	39.520515
783.21472	35.249886
783.26556	38.028793
783.31641	35.152939
783.36725	38.268055
783.41803	40.947601
783.46887	42.306923
783.51971	35.238369
783.57056	36.557602
783.6214	37.499897
783.67224	39.876816
783.72308	41.749989
783.77386	38.524433
783.82471	41.289948
783.87555	39.767105
783.92639	40.523357
783.97723	38.810417
784.02808	39.560684
784.07892	40.908676
784.1297	41.093189
784.18054	41.815296
784.23138	38.464745
784.28223	38.690842
784.33307	40.786308
784.38391	35.737015
784.43475	38.778641
784.48553	38.924385
784.53638	41.455044
784.58722	41.841232
784.63806	40.628674
784.6889	38.963383
784.73975	36.77388
784.79059	35.342239
784.84137	39.759727
784.89221	40.371376
784.94305	42.49659
784.9939	39.06332
785.04474	41.190681
785.09558	39.168598
785.14642	40.897675
785.1972	42.368168
785.24805	36.926052
785.29889	37.144138
785.34973	39.127052
785.40057	39.177647
785.45142	38.733646
785.50226	39.832851
785.5531	37.638081
785.60388	37.939789
785.65472	37.948128
785.70557	37.623928
785.75641	39.534977
785.80725	39.633465
785.85809	38.784348
785.90894	38.822601
785.95972	38.797016
786.01056	41.829647
786.0614	44.809692
786.11224	41.212524
786.16309	37.515724
786.21393	37.47794
786.26477	39.559422
786.31555	41.163971
786.36639	41.140724
786.41724	40.401459
786.46808	36.938534
786.51892	35.454647
786.56976	37.607265
786.62061	39.708969
786.67139	39.050144
786.72223	37.494568
786.77307	40.590576
786.82391	40.526691
786.87476	40.788231
786.9256	39.33889
786.97644	37.537571
787.02722	36.948311
787.07806	37.369061
787.12891	38.025627
787.17975	39.20039
787.23059	38.940609
787.28143	42.215996
787.33228	38.201736
787.38306	38.774494
787.4339	39.646996
787.48474	38.955212
787.53558	39.352795
787.58643	37.930611
787.63727	39.306641
787.68811	38.014084
787.73889	35.882435
787.78973	38.577301
787.84058	39.804256
787.89142	39.498219
787.94226	39.729168
787.9931	38.287617
788.04395	36.048172
788.09473	36.318703
788.14557	38.984322
788.19641	37.592529
788.24725	36.23452
788.2981	35.841129
788.34894	35.977791
788.39978	38.089001
788.45056	38.514977
788.5014	41.207909
788.55225	34.445835
788.60309	36.61689
788.65393	42.870052
788.70477	41.056164
788.75562	40.718742
788.8064	37.880978
788.85724	37.639267
788.90808	39.257526
788.95892	39.464497
789.00977	42.194263
789.06061	42.876587
789.11145	40.264576
789.16223	39.867973
789.21307	38.025043
789.26392	32.753044
789.31476	42.579823
789.3656	36.924397
789.41644	36.482563
789.46729	37.931622
789.51807	37.861012
789.56891	42.930908
789.61975	39.189137
789.67059	41.131912
789.72144	38.95105
789.77228	38.090477
789.82312	35.531956
789.87396	43.892086
789.92474	41.770931
789.97559	37.350246
790.02643	38.332512
790.07727	38.977699
790.12811	38.279629
790.17896	37.415955
790.2298	42.289948
790.28058	41.285904
790.33142	39.306641
790.38226	39.306347
790.43311	35.023006
790.48395	41.242115
790.53479	36.38942
790.58563	40.219738
790.63641	44.873863
790.68726	39.488972
790.7381	38.048576
790.78894	40.873024
790.83978	42.905048
790.89063	41.105251
790.94147	35.346649
790.99225	37.811226
791.04309	40.792442
791.09393	40.358238
791.14478	39.10397
791.19562	42.026505
791.24646	45.947166
791.2973	41.50423
791.34808	40.10017
791.39893	40.89468
791.44977	40.383236
791.50061	36.769112
791.55145	40.433193
791.60229	36.023533
791.65314	39.656502
791.70392	38.576687
791.75476	34.867329
791.8056	38.317951
791.85645	39.849529
791.90729	37.725788
791.95813	41.502781
792.00897	38.13625
792.05975	37.05246
792.1106	39.7272
792.16144	38.666992
792.21228	41.315525
792.26312	41.190475
792.31396	39.391251
792.36481	40.59845
792.41559	37.819904
792.46643	37.790119
792.51727	38.784969
792.56812	40.559639
792.61896	38.135445
792.6698	38.077354
792.72064	38.071888
792.77142	38
792.82227	44.281219
792.87311	40.296162
792.92395	42.037441
792.97479	35.669315
793.02563	38.383099
793.07648	37.379025
793.12726	36.08379
793.1781	36
793.22894	41.243614
793.27979	42.374546
793.33063	38.457272
793.38147	39.325874
793.43231	40.791355
793.48309	37.528549
793.53394	41.041325
793.58478	37.615051
793.63562	37.720142
793.68646	40.351391
793.7373	37.851082
793.78815	36.973217
793.83899	38.427349
793.88977	39.657463
793.94061	42.158314
793.99146	41.361603
794.0423	42.237488
794.09314	38.636021
794.14398	36.63451
794.19482	37
794.24561	39.504616
794.29645	41.621452
794.34729	40.148884
794.39813	37.162964
794.44897	37.215843
794.49982	39.809723
794.55066	42.197613
794.60144	41.992706
794.65228	37.175377
794.70313	37.821026
794.75397	40.306641
794.80481	39.552551
794.85565	38.602943
794.90649	40.581421
794.95728	38.358215
795.00812	36.4258
795.05896	41.195976
795.1098	38.069225
795.16064	36.829319
795.21149	39.999996
795.26233	41.780903
795.31311	41.70277
795.36395	39.246582
795.41479	39.196514
795.46564	39.116833
795.51648	38.665516
795.56732	40.026031
795.61816	41.664391
795.66895	39.629372
795.71979	38.655148
795.77063	41.299828
795.82147	42.648212
795.87231	44.452557
795.92316	42.607738
795.974	41.505325
796.02478	41.399059
796.07562	40.595364
796.12646	40.879612
796.17731	40.989185
796.22815	43.421078
796.27899	40.754902
796.32983	38.600899
796.38062	34.750301
796.43146	34.760372
796.4823	43.202255
796.53314	42.875923
796.58398	38.613598
796.63483	40.371838
796.68567	42.67627
796.73645	40.828979
796.78729	38.675236
796.83813	37.5597
796.88898	39.004532
796.93982	42.373245
796.99066	41.310307
797.0415	41.178284
797.09229	42.471958
797.14313	42.70615
797.19397	42.143269
797.24481	38.013794
797.29565	37.634483
797.3465	38.068897
797.39734	38.200336
797.44812	38.552216
797.49896	36.907738
797.5498	37.487556
797.60065	38.540565
797.65149	37.419964
797.70233	40.343121
797.75317	38.386017
797.80396	37.587399
797.8548	40.687069
797.90564	38.610889
797.95648	39.115902
798.00732	41.737209
798.05817	40.441589
798.10901	36.625763
798.15985	36.513462
798.21063	36.778061
798.26147	39.667545
798.31232	37.759716
798.36316	38.012035
798.414	40.2742
798.46484	40.321163
798.51569	40.965813
798.56647	38.087341
798.61731	40.085274
798.66815	39.15892
798.71899	36.751053
798.76984	36.706936
798.82068	43.946732
798.87152	40.961685
798.9223	41.486362
798.97314	41.121506
799.02399	42.405251
799.07483	41.204529
799.12567	41.948799
799.17651	39.189381
799.22736	39.894352
799.27814	40.053486
799.32898	40.036873
799.37982	37.530617
799.43066	37.663998
799.48151	39.208275
799.53235	37.211647
799.58319	37.941071
799.63397	38.670868
799.68481	37.519417
799.73566	40.426765
799.7865	41.361992
799.83734	41.845837
799.88818	38.425194
799.93903	36.293301
799.98981	38.504375
800.04065	39.242504
800.09149	36.702011
800.14233	37.249992
800.19318	38.869385
800.24402	37.102016
800.29486	41.775738
800.34564	38.122608
800.39648	38.10714
800.44733	39.639557
800.49817	42.349499
800.54901	42.554691
800.59985	37.044865
800.6507	39.422596
800.70148	38.067982
800.75232	38.004002
800.80316	39.067444
800.854	36.675747
800.90485	42.519867
800.95569	41.195545
801.00653	38.100422
801.05731	37.66951
801.10815	38.06039
801.159	39.823227
801.20984	37.45256
801.26068	39.220493
801.31152	34.208591
801.36237	37.30154
801.41315	39.942547
801.46399	40.482037
801.51483	38.412968
801.56567	39.129555
801.61652	39.824154
801.66736	38.812687
801.7182	39.389042
801.76898	37.479721
801.81982	40.320965
801.87067	41.762669
801.92151	40.271332
801.97235	36.686523
802.02319	39.340225
802.07404	36.322758
802.12488	43.936348
802.17566	41.098309
802.2265	39.042339
802.27734	40.972134
802.32819	38.309402
802.37903	37.858505
802.42987	37.332718
802.48071	41.344372
802.53149	36.24654
802.58234	37.256435
802.63318	36.786133
802.68402	38.704807
802.73486	39.216221
802.78571	39.425781
802.83655	43.114197
802.88733	37.050728
802.93817	40.865696
802.98901	36.028042
803.03986	38.764908
803.0907	40.50066
803.14154	39.664146
803.19238	36.582474
803.24316	38.364025
803.29401	38.290916
803.34485	38.183571
803.39569	37.495773
803.44653	39.350174
803.49738	36.93663
803.54822	39.868557
803.599	36.384884
803.64984	41.307243
803.70068	40.415646
803.75153	39.110016
803.80237	39.19714
803.85321	41.609753
803.90405	39.871059
803.95483	39.020096
804.00568	40.87495
804.05652	44.586697
804.10736	39.106853
804.1582	38.31303
804.20905	38.126022
804.25989	41.705524
804.31067	40.638382
804.36151	38.999706
804.41235	37.689934
804.4632	39.834576
804.51404	43.868927
804.56488	37.009388
804.61572	39.214966
804.6665	36.580677
804.71735	36.264759
804.76819	38.826447
804.81903	37.626701
804.86987	39.384586
804.92072	42.042118
804.97156	40.980274
805.02234	37.332897
805.07318	38.3587
805.12402	37.652355
805.17487	43.99437
805.22571	42.772396
805.27655	40.553707
805.32739	39.177189
805.37817	37.846333
805.42902	39.494766
805.47986	37.483768
805.5307	42.401546
805.58154	39.236275
805.63239	40.026794
805.68323	44.246254
805.73401	40.704971
805.78485	39.685551
805.83569	40.463932
805.88654	39.193893
805.93738	39.976906
805.98822	40.830986
806.03906	42.261295
806.08984	35.809143
806.14069	36.321892
806.19153	39.453537
806.24237	40.151806
806.29321	39.246052
806.34406	38.795013
806.3949	37.961506
806.44574	38.937595
806.49652	40.116302
806.54736	40.43256
806.59821	38.03088
806.64905	41.164997
806.69989	38.227638
806.75073	37.698578
806.80157	38.914185
806.85236	39.036015
806.9032	38.113804
806.95404	37.319908
807.00488	35.776951
807.05573	38.601311
807.10657	41.566151
807.15741	40.11335
807.20819	39.355976
807.25903	40.341385
807.30988	39.585796
807.36072	40.535717
807.41156	38.819042
807.4624	37.443905
807.51324	41.937954
807.56403	42.858559
807.61487	42.697021
807.66571	40.101349
807.71655	39.048874
807.7674	38.030754
807.81824	38.738194
807.86908	39.696163
807.91986	40.076931
807.9707	41.454609
808.02155	41.854519
808.07239	39.94791
808.12323	39.110149
808.17407	39.441055
808.22491	40.730038
808.2757	39.48764
808.32654	38.724686
808.37738	39.345184
808.42822	38.419537
808.47906	38.163479
808.52991	41.168598
808.58075	38.654224
808.63153	39.062428
808.68237	39.04121
808.73322	37.856197
808.78406	38.227417
808.8349	39.52631
808.88574	39.4949
808.93658	39.38126
808.98737	39.597267
809.03821	40.784122
809.08905	38.964825
809.13989	39.991161
809.19073	40.727558
809.24158	41.045418
809.29242	38.429634
809.3432	36.709648
809.39404	38.14196
809.44489	37.733128
809.49573	39.728081
809.54657	37.747131
809.59741	41.549206
809.64825	39.430725
809.69904	39.474148
809.74988	39.11557
809.80072	37.683174
809.85156	43.114193
809.9024	43.803684
809.95325	37.57177
810.00409	34.555454
810.05487	37.426266
810.10571	38.434345
810.15656	40.160923
810.2074	37.852356
810.25824	38.401108
810.30908	41.055786
810.35992	44.31126
810.41071	39.200806
810.46155	38.109051
810.51239	37.351994
810.56323	38.830883
810.61407	40.806675
810.66492	37.69381
810.71576	39.221439
810.7666	38.823002
810.81738	44.842346
810.86823	42.135544
810.91907	40.740246
810.96991	37.635719
811.02075	39.267879
811.07159	40.143494
811.12244	41.763393
811.17322	40.493492
811.22406	40.297703
811.2749	41.549236
811.32574	37.356586
811.37659	41.106609
811.42743	38.985558
811.47827	41.771832
811.52905	40.378494
811.5799	39.370224
811.63074	39.70602
811.68158	38.612675
811.73242	38.405437
811.78326	38.590534
811.83411	38.492863
811.88489	42.399357
811.93573	42.27795
811.98657	39.10149
812.03741	38.630783
812.08826	37.851105
812.1391	41.92358
812.18994	38.788834
812.24072	40.575619
812.29156	40.79364
812.34241	34.554607
812.39325	42.394165
812.44409	40.397663
812.49493	41.666702
812.54578	37.964573
812.59656	40.481003
812.6474	35.368973
812.69824	37.166515
812.74908	42.903347
812.79993	39.11657
812.85077	41.219063
812.90161	42.068119
812.95239	35.335861
813.00323	41.466309
813.05408	38.778008
813.10492	42.723549
813.15576	42.895775
813.2066	41.92038
813.25745	40.752174
813.30823	40.423401
813.35907	43.298313
813.40991	39.796997
813.46075	40.2654
813.5116	39.246155
813.56244	43.692394
813.61328	42.04863
813.66406	40.553452
813.7149	43.270927
813.76575	36.820782
813.81659	36.411736
813.86743	40.064098
813.91827	38.166412
813.96912	41.989395
814.0199	37.162327
814.07074	38.231133
814.12158	42.692272
814.17242	38.16576
814.22327	40.776833
814.27411	37.832264
814.32495	28.896448
814.37573	40.613438
814.42657	41.781223
814.47742	42.572205
814.52826	43.754261
814.5791	38.053085
814.62994	40.143196
814.68079	40.680134
814.73163	38.399544
814.78241	39.856651
814.83325	36.12886
814.88409	41.221355
814.93494	45.364288
814.98578	43.121128
815.03662	45.392136
815.08746	43.269375
815.13824	42.010532
815.18909	42.953617
815.23993	41.569679
815.29077	40.27047
815.34161	41.479332
815.39246	41.854317
815.4433	41.905708
815.49408	43.833488
815.54492	41.394295
815.59576	39.533833
815.64661	36.569214
815.69745	38.626686
815.74829	38.23386
815.79913	34.873417
815.84991	37.544968
815.90076	42.953964
815.9516	40.681416
816.00244	39.261639
816.05328	39.025257
816.10413	43.923397
816.15497	45.727665
816.20575	37.746906
816.25659	41.790001
816.30743	42.206867
816.35828	37.935936
816.40912	41.083763
816.45996	42
816.5108	39.57238
816.56158	40.635254
816.61243	41.80901
816.66327	42.022648
816.71411	42.028316
816.76495	40.417946
816.8158	41.582359
816.86664	42.022305
816.91742	36.537189
816.96826	38.132904
817.0191	39.800968
817.06995	40.804466
817.12079	38.708183
817.17163	41.107082
817.22247	42.773258
817.27325	39.202229
817.3241	33.461639
817.37494	38.095093
817.42578	43.02924
817.47662	47.01125
817.52747	42.006813
817.57831	38.528965
817.62909	36.520641
817.67993	38.983162
817.73077	39.290539
817.78162	38.293308
817.83246	40.936565
817.8833	44.188435
817.93414	39.913013
817.98492	41.619728
818.03577	42.27882
818.08661	41.301933
818.13745	41.743961
818.18829	38.443745
818.23914	37.730221
818.28998	39.443008
818.34076	40.732895
818.3916	37.499397
818.44244	40.214054
818.49329	44.813423
818.54413	42.560776
818.59497	41.008736
818.64581	41.689171
818.69659	42.686405
818.74744	43.68364
818.79828	43.999996
818.84912	41.306786
818.89996	40.703659
818.95081	38.98912
819.00165	40.684002
819.05249	40.663532
819.10327	41.349781
819.15411	43.353722
819.20496	45.34977
819.2558	43.376221
819.30664	38.722015
819.35748	40.264149
819.40833	42
819.45911	38.127407
819.50995	36.655758
819.56079	38.285919
819.61163	42.2048
819.66248	41.445507
819.71332	37.456573
819.76416	36
819.81494	40.420639
819.86578	44.257507
819.91663	41.866322
819.96747	38.126751
820.01831	42.61245
820.06915	39.814526
820.12	40.32119
820.17078	39.94101
820.22162	39.236916
820.27246	41.239185
820.3233	43.245602
820.37415	45.222908
820.42499	40.582634
820.47583	40.01897
820.52661	43.215954
820.57745	41.622604
820.6283	40.595146
820.67914	42.778591
820.72998	44.590805
820.78082	40.308445
820.83167	37.011711
820.88245	35.247425
820.93329	33.434364
820.98413	37.656284
821.03497	42.734856
821.08582	40.559067
821.13666	40.32412
821.1875	40.312717
821.23828	42.433941
821.28912	44.431957
821.33997	43.434044
821.39081	40.761135
821.44165	37.327576
821.49249	43.296402
821.54333	42.876705
821.59412	39.682838
821.64496	43.229141
821.6958	45
821.74664	45.015572
821.79749	42.835457
821.84833	41.559483
821.89917	42.559837
821.94995	43.02832
822.00079	39.783928
822.05164	40.802444
822.10248	38.658863
822.15332	40.446152
822.20416	43.346977
822.255	41.546734
822.30579	43.603622
822.35663	44.471466
822.40747	39.27792
822.45831	38.15863
822.50916	39.954758
822.56	41.620007
822.61084	43.508842
822.66162	45.085285
822.71246	41.851261
822.76331	39.072803
822.81415	38.949684
822.86499	40.062542
822.91583	43.014412
822.96667	45.550358
823.01752	43.968643
823.0683	38.515903
823.11914	40.532059
823.16998	43.513191
823.22083	43.513599
823.27167	43.018391
823.32251	42.510548
823.37335	41.529877
823.42413	40.014355
823.47498	41.488628
823.52582	41.558331
823.57666	40.991341
823.6275	40.551487
823.67834	36.595909
823.72919	36.937786
823.77997	39.531292
823.83081	40.927074
823.88165	40.118816
823.9325	39.393131
823.98334	39.628235
824.03418	38.456486
824.08502	38.602985
824.1358	38.435532
824.18665	42.845184
824.23749	42.251816
824.28833	38.469391
824.33917	40.405361
824.39001	42.466885
824.44086	39.742813
824.49164	37.854961
824.54248	40.925449
824.59332	42
824.64417	44.301128
824.69501	47
824.74585	45.16687
824.79669	42.556225
824.84747	42.484005
824.89832	42.560673
824.94916	42.46603
825	41.21965
825.05084	43.528069
825.10168	45.86496
825.15253	42.925617
825.20331	44.463379
825.25415	44.107666
825.30499	40.774353
825.35583	41.109562
825.40668	44.113632
825.45752	43.897083
825.50836	44.14584
825.55914	42.587982
825.60999	44.65163
825.66083	44.931252
825.71167	42.749386
825.76251	44.563549
825.81335	43.576931
825.8642	42.581512
825.91498	43.733818
825.96582	48.162811
826.01666	47.991661
826.0675	43.154884
826.11835	42.429562
826.16919	41.29744
826.22003	40.726677
826.27081	41.718266
826.32166	40.864799
826.3725	42.441574
826.42334	43.861885
826.47418	42.472046
826.52502	39.845959
826.57587	41.422096
826.62665	41.157932
826.67749	41.261982
826.72833	42.591614
826.77917	40.770081
826.83002	39.865005
826.88086	40.180542
826.9317	36.926327
826.98248	37.356518
827.03333	42.016548
827.08417	42
827.13501	42.840557
827.18585	45.669949
827.23669	45.120968
827.28754	42.666988
827.33838	42.950596
827.38916	38.792793
827.44	39.494183
827.49084	43.848114
827.54169	42.559578
827.59253	41.866734
827.64337	44.368416
827.69421	41.213177
827.745	39.568062
827.79584	41.456367
827.84668	44.524544
827.89752	43.586384
827.94836	40.663528
827.99921	37.943939
828.05005	41.767193
828.10083	46.662254
828.15167	47.056839
828.20251	44.07616
828.25336	41.593533
828.3042	41.257519
828.35504	39.71846
828.40588	41.599274
828.45667	44.954651
828.50751	45.427376
828.55835	44.797272
828.60919	42.667572
828.66003	43.307102
828.71088	45.479172
828.76172	45.4216
828.8125	46.779694
828.86334	44.882622
828.91418	42.931194
828.96503	42.274075
829.01587	41.04332
829.06671	41.13308
829.11755	41.60799
829.16833	42.878178
829.21918	47.113316
829.27002	45.063923
829.32086	42.068142
829.3717	47.24255
829.42255	44.363075
829.47339	42.990364
829.52417	40.687172
829.57501	44.362404
829.62585	44.653999
829.6767	44.080616
829.72754	45.487854
829.77838	43.775055
829.82922	42.194523
829.88	41.393864
829.93085	42.198265
829.98169	43.311134
830.03253	45.170059
830.08337	45.29031
830.13422	40.769798
830.18506	42.964474
830.23584	43.073189
830.28668	42.907974
830.33752	44.590992
830.38837	40.007042
830.43921	41.060345
830.49005	45.253635
830.54089	40.422314
830.59167	43.622551
830.64252	47.437843
830.69336	46.330486
830.7442	44.149307
830.79504	43.956177
830.84589	41.387886
830.89673	39.113544
830.94751	42.837601
830.99835	42.86401
831.04919	43.220142
831.10004	41.62923
831.15088	39.118404
831.20172	40.901348
831.25256	41.635353
831.30341	41.910755
831.35419	40.930256
831.40503	41.216885
831.45587	41.383095
831.50671	43.498688
831.55756	44.882416
831.6084	43.25983
831.65924	40.667915
831.71002	38.792007
831.76086	41.109459
831.81171	44.167976
831.86255	44.071892
831.91339	42.987221
831.96423	44.000797
832.01508	46.356358
832.06586	44.777679
832.1167	41.613766
832.16754	44.405579
832.21838	45.172325
832.26923	45.316589
832.32007	45.892044
832.37091	45.284523
832.42169	45.053822
832.47253	44.179108
832.52338	45.368362
832.57422	43.461258
832.62506	42.692844
832.6759	43.253872
832.72675	43.945541
832.77753	45.268711
832.82837	42.158161
832.87921	40.858456
832.93005	38.552357
832.9809	39.546333
833.03174	42.101608
833.08258	42.672092
833.13336	44.247868
833.1842	44.982079
833.23505	44.62088
833.28589	44.845745
833.33673	45.709244
833.38757	45.683502
833.43842	44.410313
833.4892	45.370773
833.54004	44.894794
833.59088	43.157921
833.64172	42.871284
833.69257	42.540142
833.74341	41.555191
833.79425	43.024265
833.84503	44.073154
833.89587	44.437374
833.94672	44.62315
833.99756	45.267124
834.0484	45.413654
834.09924	44.098934
834.15009	44.56913
834.20087	44.342487
834.25171	46.133316
834.30255	45.579655
834.35339	43.736664
834.40424	44.609901
834.45508	44.689957
834.50592	48.280209
834.5567	44.908741
834.60754	41.079483
834.65839	41.865002
834.70923	43.63343
834.76007	44.018948
834.81091	45.9515
834.86176	46.707977
834.91254	44.341747
834.96338	45.92511
835.01422	45.0284
835.06506	43.833546
835.11591	45.525444
835.16675	48.208721
835.21759	47.162426
835.26837	44.176521
835.31921	44.759537
835.37006	42.806763
835.4209	42.271851
835.47174	43.623436
835.52258	44.13673
835.57343	46.462307
835.62427	45.288803
835.67505	44.248783
835.72589	43.645889
835.77673	44.145432
835.82758	46.938541
835.87842	46.485901
835.92926	45.122482
835.9801	43.719212
836.03088	44.598404
836.08173	45.952248
836.13257	43.070328
836.18341	41.55014
836.23425	44.65382
836.2851	46.193645
836.33594	45.540565
836.38672	43.414097
836.43756	43.942741
836.4884	46.147373
836.53925	47.09922
836.59009	46.274971
836.64093	45.525517
836.69177	47.23494
836.74255	43.368992
836.7934	44.023132
836.84424	47.857098
836.89508	48.042126
836.94592	47.350677
836.99677	45.302963
837.04761	44.180813
837.09839	43.526012
837.14923	42.232906
837.20007	44.503773
837.25092	46.707825
837.30176	49.467644
837.3526	45.514893
837.40344	43.43679
837.45422	46.675358
837.50507	47.829288
837.55591	42.689796
837.60675	41.879993
837.65759	45.18383
837.70844	46.328636
837.75928	47.760605
837.81006	47.606167
837.8609	45.320534
837.91174	42.887283
837.96259	42.566265
838.01343	45.529091
838.06427	47.689053
838.11511	46.208588
838.16589	45.707325
838.21674	48.01223
838.26758	45.900333
838.31842	44.71748
838.36926	44.833866
838.4201	44.005177
838.47095	43.322712
838.52173	44.739735
838.57257	46.342693
838.62341	47.575195
838.67426	44.486591
838.7251	46.650452
838.77594	47.775906
838.82678	48.506889
838.87756	47.350037
838.92841	47.030548
838.97925	46.303509
839.03009	49.217278
839.08093	45.312096
839.13177	45.49012
839.18262	44.788666
839.2334	43.391018
839.28424	46.233677
839.33508	47.113995
839.38593	44.236977
839.43677	43.958572
839.48761	47.046356
839.53845	45.871735
839.58929	43.216293
839.64008	46.757565
839.69092	45.457996
839.74176	42.165352
839.7926	43.26371
839.84344	41.461681
839.89429	44.144421
839.94513	44.767178
839.99591	48.351444
840.04675	47.929203
840.0976	47.072994
840.14844	47.93494
840.19928	46.134129
840.25012	45.061436
840.30096	47.034283
840.35175	48.420685
840.40259	48.588886
840.45343	47.225998
840.50427	45.229012
840.55511	45.132156
840.60596	45.749199
840.6568	45.437866
840.70758	43.518234
840.75842	46.453392
840.80927	46.868626
840.86011	48.681103
840.91095	46.724319
840.96179	48.014427
841.01263	43.729443
841.06342	43.807255
841.11426	48.587612
841.1651	45.646095
841.21594	45.445904
841.26678	46.63829
841.31763	46.077667
841.36847	47.313602
841.41925	46.454552
841.47009	45.500866
841.52094	49.065681
841.57178	49.298328
841.62262	48.179169
841.67346	49.93222
841.7243	48.303627
841.77509	47.422497
841.82593	46.696419
841.87677	45.592484
841.92761	46.768974
841.97845	45.64378
842.0293	46.114929
842.08014	47.810867
842.13092	47.577545
842.18176	49.374657
842.2326	49.954792
842.28345	46.344238
842.33429	46.697781
842.38513	47.506969
842.43597	46.449528
842.48676	48.237267
842.5376	45.071976
842.58844	49.123199
842.63928	47.315567
842.69012	49.321541
842.74097	47.514603
842.79181	47.186108
842.84259	45.983406
842.89343	44.97982
842.94427	48.053829
842.99512	44.778252
843.04596	44.720608
843.0968	48.953068
843.14764	50.105156
843.19843	47.623329
843.24927	49.073345
843.30011	43.071312
843.35095	47.343807
843.40179	47.575096
843.45264	41.836571
843.50348	46.287556
843.55426	47.464729
843.6051	48.087269
843.65594	49.98098
843.70679	44.000015
843.75763	50.556145
843.80847	46.445499
843.85931	46.098061
843.91016	48.584637
843.96094	46.094105
844.01178	48.159184
844.06262	45.951088
844.11346	49.470135
844.16431	49.803303
844.21515	49.775475
844.26599	47.037212
844.31677	47.791336
844.36761	53.071362
844.41846	47.257629
844.4693	45.567486
844.52014	48.31971
844.57098	50.955276
844.62183	50.807888
844.67261	48.675507
844.72345	45.543415
844.77429	46.798519
844.82513	47.914875
844.87598	48.379978
844.92682	48.845867
844.97766	49.142338
845.02844	44.819817
845.07928	46.964699
845.13013	46.263988
845.18097	47.812634
845.23181	48.114449
845.28265	49.473957
845.3335	50.690796
845.38428	47.262508
845.43512	45.659901
845.48596	42.427959
845.5368	46.798374
845.58765	48.029789
845.63849	54.365349
845.68933	51.817112
845.74011	48.454811
845.79095	48.69178
845.8418	44.837967
845.89264	44.51733
845.94348	47.667507
845.99432	47.816017
846.04517	52.30257
846.09595	50.277683
846.14679	50.478596
846.19763	48.332668
846.24847	51.333721
846.29932	47.909473
846.35016	49.864754
846.401	43.742153
846.45178	45.513111
846.50262	45.019424
846.55347	51.774212
846.60431	48.291649
846.65515	50.811562
846.70599	48.063354
846.75684	51.44759
846.80762	49.967392
846.85846	48.948032
846.9093	47.714867
846.96014	54.008347
847.01099	50.9076
847.06183	48.87727
847.11267	45.663776
847.16345	46.640671
847.21429	44.127434
847.26514	48.055908
847.31598	49.078941
847.36682	49.391869
847.41766	47.636623
847.46851	49.294987
847.51929	48.068024
847.57013	47.888374
847.62097	45.036053
847.67181	48.409332
847.72266	47.192173
847.7735	47.341602
847.82434	45.597328
847.87512	48.550049
847.92596	46.551308
847.97681	43.186398
848.02765	48.354679
848.07849	50.941971
848.12933	52.150726
848.18018	53.581585
848.23102	51.120068
848.2818	45.831684
848.33264	53.210804
848.38348	53.108509
848.43433	47.631912
848.48517	52.463436
848.53601	48.641468
848.58685	51.786774
848.63763	50.30407
848.68848	46.878628
848.73932	44.435719
848.79016	46.942734
848.841	46.791862
848.89185	47.376343
848.94269	47.490715
848.99347	45.336952
849.04431	51.607056
849.09515	45.535561
849.146	51.660583
849.19684	54.383335
849.24768	55.793304
849.29852	54.82745
849.3493	50.793739
849.40015	50.940411
849.45099	50.343853
849.50183	48.487976
849.55267	48.382397
849.60352	53.256569
849.65436	49.135002
849.70514	44.712528
849.75598	49.089569
849.80682	51.348564
849.85767	48.820553
849.90851	55.796165
849.95935	55.299633
850.01019	52.765717
850.06097	51.232212
850.11182	48.970318
850.16266	49.260834
850.2135	49.637455
850.26434	54.839508
850.31519	51.759541
850.36603	50.276138
850.41681	48.484234
850.46765	50.178413
850.51849	50.799206
850.56934	50.197296
850.62018	49.279686
850.67102	53.934269
850.72186	52.989502
850.77264	49.487278
850.82349	46.805691
850.87433	49.681087
850.92517	49.492798
850.97601	49.702835
851.02686	46.546726
851.0777	54.477879
851.12848	52.77227
851.17932	52.074848
851.23016	57.410519
851.28101	55.542461
851.33185	53.158688
851.38269	49.31937
851.43353	53.795063
851.48431	54.062019
851.53516	48.002762
851.586	48.347046
851.63684	52.571007
851.68768	47.820683
851.73853	50.806965
851.78937	53.195515
851.84015	55.612968
851.89099	48.673161
851.94183	53.178112
851.99268	51.174717
852.04352	50.932995
852.09436	53.076847
852.1452	48.822769
852.19604	45.713287
852.24683	51.146885
852.29767	53.634544
852.34851	52.521084
852.39935	50.172836
852.4502	48.745258
852.50104	52.976974
852.55188	46.326691
852.60266	50.707809
852.6535	54.740608
852.70435	49.620625
852.75519	50.897324
852.80603	46.472828
852.85687	53.040314
852.90771	54.041512
852.9585	54.425579
853.00934	54.974369
853.06018	57.817257
853.11102	56.429676
853.16187	54.179008
853.21271	56.501633
853.26355	55.362076
853.31433	53.914837
853.36517	52.447079
853.41602	49.086658
853.46686	47.495049
853.5177	45.929123
853.56854	48.435757
853.61938	54.692135
853.67017	51.328197
853.72101	57.241348
853.77185	53.465656
853.82269	49.587109
853.87354	50.145123
853.92438	46.858521
853.97522	47.203976
854.026	54.696835
854.07684	52.131016
854.12769	49.507393
854.17853	50.605804
854.22937	54.548542
854.28021	50.252998
854.33105	52.283905
854.38184	49.921055
854.43268	49.082733
854.48352	51.362942
854.53436	51.903053
854.58521	49.262791
854.63605	47.116234
854.68689	51.946171
854.73767	54.274002
854.78851	53.608948
854.83936	52.867268
854.8902	56.256027
854.94104	58.734375
854.99188	58.734375
855.04272	55.744946
855.09351	50.896793
855.14435	51.906113
855.19519	52.94915
855.24603	52.523666
855.29688	52.941017
855.34772	50.243645
855.39856	50.813637
855.44934	54.084732
855.50018	53.952419
855.55103	54.618622
855.60187	52.890942
855.65271	52.844162
855.70355	55.076752
855.75439	56.219597
855.80518	54.15379
855.85602	55.268414
855.90686	53.876568
855.9577	54.840477
856.00854	58.598167
856.05939	59.758301
856.11023	56.355991
856.16101	45.426208
856.21185	48.120541
856.2627	49.321125
856.31354	45.951164
856.36438	49.626232
856.41522	52.080261
856.46606	50.695793
856.51691	47.907795
856.56769	50.823727
856.61853	53.336723
856.66937	53.85688
856.72021	56.782753
856.77106	58.943153
856.8219	59.610649
856.87274	57.960453
856.92352	54.80777
856.97437	55.397083
857.02521	50.550232
857.07605	49.725307
857.12689	56.768894
857.17773	55.48827
857.22858	52.825268
857.27936	54.869099
857.3302	57.707066
857.38104	58.874325
857.43188	53.494926
857.48273	51.006718
857.53357	54.9016
857.58441	54.678928
857.63519	53.405937
857.68604	53.834301
857.73688	53.251511
857.78772	52.832859
857.83856	49.384827
857.8894	53.168072
857.94025	57.677753
857.99103	56.202824
858.04187	55.34211
858.09271	54.463173
858.14355	52.776409
858.1944	53.508614
858.24524	50.632877
858.29608	51.791531
858.34686	54.225483
858.39771	55.627884
858.44855	55.651966
858.49939	51.609798
858.55023	55.933769
858.60107	56.766624
858.65192	52.59425
858.7027	51.313354
858.75354	55.606796
858.80438	60.003471
858.85522	61.316193
858.90607	54.713665
858.95691	50.478943
859.00775	57.349808
859.05853	56.381351
859.10938	54.687286
859.16022	54.187794
859.21106	54.208595
859.2619	58.41732
859.31274	58.253078
859.36359	54.256149
859.41437	55.221207
859.46521	56.031986
859.51605	53.899277
859.56689	50.279667
859.61774	50.113033
859.66858	55.268131
859.71942	50.187248
859.7702	46.362614
859.82104	53.222473
859.87189	55.427277
859.92273	58.297871
859.97357	50.783253
860.02441	51.06517
860.07526	53.08099
860.12604	53.215885
860.17688	51.934738
860.22772	52.91127
860.27856	50.229507
860.32941	53.514141
860.38025	58.207039
860.43109	59.146198
860.48193	55.605526
860.53271	49.180408
860.58356	57.917889
860.6344	59.270454
860.68524	53.370552
860.73608	59.926826
860.78693	55.599731
860.83777	55.450283
860.88855	51.706905
860.93939	54.060699
860.99023	58.450104
861.04108	55.944473
861.09192	55.607948
861.14276	59.016453
861.1936	54.151398
861.24438	55.726788
861.29523	56.023022
861.34607	60.215961
861.39691	58.129742
861.44775	55.311943
861.4986	52.443417
861.54944	53.88047
861.60022	57.609657
861.65106	54.739597
861.7019	52.522339
861.75275	51.48608
861.80359	56.67485
861.85443	55.543098
861.90527	50.978798
861.95605	53.558147
862.0069	52.462543
862.05774	49.96632
862.10858	52.770424
862.15942	50.25848
862.21027	52.416332
862.26111	57.324169
862.31189	54.457851
862.36273	57.920929
862.41357	58.968727
862.46442	59.765766
862.51526	56.40477
862.5661	53.875141
862.61694	54.342091
862.66772	52.635536
862.71857	50.126793
862.76941	57.822067
862.82025	58.820198
862.87109	53.201298
862.92194	49.974327
862.97278	56.279026
863.02356	58.146797
863.0744	57.093506
863.12524	50.953461
863.17609	56.753468
863.22693	51.366295
863.27777	56.73148
863.32861	51.985683
863.37939	49.196766
863.43024	54.536118
863.48108	61.498016
863.53192	59.990974
863.58276	58.238014
863.63361	56.238289
863.68445	53.86644
863.73523	61.34761
863.78607	56.237957
863.83691	53.601017
863.88776	59.635838
863.9386	61.243366
863.98944	56.063236
864.04028	61.257107
864.09106	59.409435
864.14191	56.259583
864.19275	50.221413
864.24359	57.028809
864.29443	59.039333
864.34528	59.99955
864.39612	60.126724
864.4469	60.651585
864.49774	52.21492
864.54858	50.539795
864.59943	56.46426
864.65027	60.957367
864.70111	56.970245
864.75195	51.328693
864.8028	56.434586
864.85358	53.598457
864.90442	55.429203
864.95526	55.398212
865.0061	53.630165
865.05695	48.480198
865.10779	55.110939
865.15863	56.133644
865.20941	55.724609
865.26025	52.70528
865.3111	56.650917
865.36194	57.110302
865.41278	57.638851
865.46362	58.105389
865.51447	55.995026
865.56525	57.345661
865.61609	60.239765
865.66693	57.099422
865.71777	60.772148
865.76862	57.568779
865.81946	56.475403
865.8703	56.283588
865.92108	57.774502
865.97192	57.141251
866.02277	53.579685
866.07361	51.875114
866.12445	56.32637
866.17529	56.157093
866.22614	54.328873
866.27692	52.038788
866.32776	58.665112
866.3786	55.947247
866.42944	59.273762
866.48029	53.79224
866.53113	57.284256
866.58197	57.881924
866.63275	57.425632
866.68359	58.257885
866.73444	57.251732
866.78528	59.312428
866.83612	60.002758
866.88696	59.527531
866.93781	52.37038
866.98859	57.539532
867.03943	56.862373
867.09027	59.962978
867.14111	59.11216
867.19196	54.708004
867.2428	58.612869
867.29364	56.550907
867.34442	58.195057
867.39526	58.390923
867.44611	57.13055
867.49695	55.387917
867.54779	58.535835
867.59863	56.208263
867.64948	58.63245
867.70026	56.855221
867.7511	53.496906
867.80194	54.302773
867.85278	57.583145
867.90363	59.37859
867.95447	57.350391
868.00531	61.948498
868.05609	60.077705
868.10693	58.964542
868.15778	52.958286
868.20862	54.463764
868.25946	55.550354
868.3103	57.343727
868.36115	57.367718
868.41193	56.887203
868.46277	54.199024
868.51361	54.987164
868.56445	57.401104
868.6153	60.483311
868.66614	62.742447
868.71698	57.604286
868.76782	56.016895
868.8186	59.645885
868.86945	57.587318
868.92029	54.968452
868.97113	52.640705
869.02197	57.02676
869.07281	57.397064
869.12366	57.574482
869.17444	59.336544
869.22528	57.570328
869.27612	56.711662
869.32697	60.509712
869.37781	57.887287
869.42865	54.961639
869.47949	57.045345
869.53027	57.655739
869.58112	59.90897
869.63196	61.190899
869.6828	59.651825
869.73364	60.264198
869.78448	62.657372
869.83533	64.206856
869.88611	62.144726
869.93695	59.980812
869.98779	58.286762
870.03864	60.670307
870.08948	63.138618
870.14032	61.478474
870.19116	59.024166
870.24194	63.220352
870.29279	64.064102
870.34363	60.134396
870.39447	56.747173
870.44531	55.351669
870.49615	57.201359
870.547	59.483379
870.59778	57.828152
870.64862	56.749695
870.69946	60.43251
870.75031	58.971066
870.80115	57.404537
870.85199	56.77713
870.90283	56.422359
870.95361	56.678261
871.00446	58.635399
871.0553	55.153927
871.10614	57.40992
871.15698	58.548798
871.20782	54.525238
871.25867	56.743046
871.30945	60.398041
871.36029	59.006516
871.41113	54.817749
871.46198	54.442039
871.51282	58.449242
871.56366	58.457027
871.6145	57.155579
871.66528	57.407612
871.71613	53.990158
871.76697	58.391838
871.81781	60.718666
871.86865	58.247643
871.91949	56.04538
871.97034	54.489323
872.02112	59.668858
872.07196	60.126694
872.1228	54.668022
872.17365	56.682362
872.22449	56.024796
872.27533	57.205669
872.32617	58.949421
872.37695	61.253078
872.4278	62.659439
872.47864	56.748684
872.52948	59.036728
872.58032	60.035309
872.63116	62.112087
872.68201	59.564655
872.73279	60.676292
872.78363	62.995087
872.83447	62.066429
872.88531	61.575859
872.93616	59.534927
872.987	54.530945
873.03784	58.980175
873.08868	62.35648
873.13947	64.825027
873.19031	59.077499
873.24115	61.163136
873.29199	62.363167
873.34283	61.897228
873.39368	60.200737
873.44452	59.272011
873.4953	58.811241
873.54614	64.663414
873.59698	59.779686
873.64783	59.706638
873.69867	60.919472
873.74951	61.206066
873.80035	56.835697
873.85114	60.762123
873.90198	61.245377
873.95282	62.777859
874.00366	60.144222
874.0545	54.469704
874.10535	58.419453
874.15619	59.421253
874.20697	55.747681
874.25781	56.887394
874.30865	60.478504
874.3595	57.50536
874.41034	58.723663
874.46118	60.384853
874.51202	60.956108
874.56281	64.92038
874.61365	58.817158
874.66449	57.585899
874.71533	59.446999
874.76617	55.393864
874.81702	55.582455
874.86786	58.002438
874.91864	59.224922
874.96948	57.003853
875.02032	54.450436
875.07117	58.912987
875.12201	63.906658
875.17285	62.411449
875.22369	60.499138
875.27448	62.005386
875.32532	60.797913
875.37616	56.015514
875.427	61.05497
875.47784	58.36554
875.52869	61.714439
875.57953	59.408127
875.63031	61.583885
875.68115	64.910942
875.73199	65.080482
875.78284	62.572277
875.83368	54.85873
875.88452	55.234875
875.93536	57.473061
875.98615	58.601246
876.03699	65.007225
876.08783	64.665459
876.13867	62.694576
876.18951	61.602978
876.24036	60.853134
876.2912	59.238407
876.34198	57.242653
876.39282	56.192257
876.44366	56.588696
876.49451	60.78854
876.54535	61.370491
876.59619	58.755764
876.64703	58.927242
876.69781	57.298676
876.74866	57.387753
876.7995	56.522762
876.85034	57.555668
876.90118	60.386456
876.95203	58.204079
877.00287	57.09988
877.05365	58.354847
877.10449	54.739155
877.15533	62.328667
877.20618	59.825886
877.25702	62.179535
877.30786	52.459148
877.3587	57.920094
877.40955	53.529556
877.46033	52.024368
877.51117	56.868954
877.56201	55.902508
877.61285	54.096584
877.6637	55.210442
877.71454	53.129272
877.76538	57.798828
877.81616	61.243698
877.867	55.319458
877.91785	53.416626
877.96869	54.906773
878.01953	55.246643
878.07037	57.546032
878.12122	53.257927
878.172	54.197975
878.22284	53.603725
878.27368	57.444756
878.32452	57.893459
878.37537	57.161667
878.42621	49.792969
878.47705	54.345146
878.52783	58.488972
878.57867	54.593185
878.62952	47.666351
878.68036	52.85461
878.7312	55.141167
878.78204	57.625343
878.83289	58.872807
878.88367	57.253021
878.93451	60.827759
878.98535	53.677925
879.03619	59.488014
879.08704	53.578175
879.13788	54.007729
879.18872	58.730198
879.2395	53.482716
879.29034	55.863132
879.34119	58.761765
879.39203	54.324181
879.44287	52.179531
879.49371	52.096676
879.54456	48.224232
879.59534	56.849747
879.64618	55.145008
879.69702	51.175648
879.74786	44.20372
879.79871	50.031635
879.84955	50.994228
879.90039	48.10231
879.95117	49.099289
880.00201	51.079414
880.05286	48.137501
880.1037	52.124577
880.15454	54.152859
880.20538	61.648911
880.25623	47.124691
880.30701	48.35635
880.35785	55.871651
880.40869	50.128078
880.45953	53.14249
880.51038	53.991299
880.56122	51.841156
880.61206	49.445938
880.66284	54.815311
880.71368	51.347977
880.76453	41.742302
880.81537	49.853512
880.86621	48.577305
880.91705	53.321365
880.9679	46.539536
881.01868	51.198696
881.06952	52.699806
881.12036	48.77565
881.1712	46.324356
881.22205	49.112572
881.27289	48.956867
881.32373	42.200779
881.37457	51.101418
881.42535	56.433773
881.4762	47.184917
881.52704	53.113316
881.57788	46.516254
881.62872	43.699032
881.67957	47.406757
881.73041	48.777702
881.78119	47.573227
881.83203	49.321609
881.88287	46.174046
881.93372	46.660263
881.98456	46.544327
882.0354	52.622791
882.08624	49.474216
882.13702	45.05265
882.18787	51.786793
882.23871	45.961929
882.28955	43.504955
882.34039	49.509277
882.39124	49.666965
882.44208	44.568142
882.49286	44.25808
882.5437	47.859951
882.59454	46.855206
882.64539	45.825977
882.69623	45
882.74707	44.510952
882.79791	41.005508
882.84869	39.089199
882.89954	47.898399
882.95038	43.105152
883.00122	47.408058
883.05206	49.567963
883.10291	43.402733
883.15375	39.736755
883.20453	44.52005
883.25537	42.016617
883.30621	43.472057
883.35706	43.049454
883.4079	44.77425
883.45874	44.09668
883.50958	44.76178
883.56036	44.40765
883.61121	42.810028
883.66205	46.063004
883.71289	46.387753
883.76373	44.911304
883.81458	41.035202
883.86542	44.051357
883.9162	46.851257
883.96704	43.85648
884.01788	44.326481
884.06873	44.229034
884.11957	46.433937
884.17041	45.855335
884.22125	45.623215
884.27203	45.159508
884.32288	43.142006
884.37372	44.773972
884.42456	44.378433
884.4754	46.529594
884.52625	43.98423
884.57709	42.708401
884.62787	43.849869
884.67871	42.005405
884.72955	42.132153
884.7804	42.397068
884.83124	43.102863
884.88208	39.711597
884.93292	39.463417
884.9837	43.022667
885.03455	43.063435
885.08539	42
885.13623	40.536354
885.18707	39.557186
885.23792	42.577274
885.28876	41.923668
885.33954	41.730595
885.39038	46.707436
885.44122	44.157009
885.49207	41.087547
885.54291	42.549438
885.59375	44.665302
885.64459	46.560764
885.69543	45.921906
885.74622	43.897186
885.79706	43.577755
885.8479	44.639824
885.89874	42.740345
885.94958	40.444431
886.00043	46.011372
886.05127	44.593166
886.10205	38.585636
886.15289	38.297028
886.20374	43.406242
886.25458	43.541153
886.30542	43.942036
886.35626	43.073879
886.4071	39.470116
886.45789	42.673283
886.50873	41.799358
886.55957	40.09668
886.61041	38.688545
886.66125	41.388313
886.7121	45.116043
886.76294	43.340717
886.81372	44.878654
886.86456	37.61055
886.91541	41.779079
886.96625	44.287148
887.01709	43.280613
887.06793	42.344738
887.11877	42.827732
887.16956	37.933434
887.2204	41.973488
887.27124	41.071896
887.32208	43.048069
887.37292	40.952854
887.42377	43.841888
887.47461	44.225677
887.52539	43.294571
887.57623	39.162395
887.62708	42.05928
887.67792	40.699234
887.72876	44.927013
887.7796	41.226482
887.83044	39.279091
887.88123	41.489746
887.93207	37.099503
887.98291	35.25988
888.03375	37.543194
888.08459	32.903896
888.13544	37.986374
888.18628	45.033306
888.23706	43.480698
888.2879	41.347782
888.33875	41.096676
888.38959	40.123772
888.44043	40.980301
888.49127	37.497986
888.54211	39.815971
888.5929	44.663239
888.64374	39.493343
888.69458	41.777584
888.74542	41.157436
888.79626	41.09668
888.84711	42.987263
888.89795	42.052452
888.94873	43.051773
888.99957	42.131916
889.05042	39.181873
889.10126	36.066635
889.1521	39.936684
889.20294	35.140652
889.25378	39.088326
889.30457	39.01963
889.35541	43.015079
889.40625	36.131363
889.45709	38.14278
889.50793	40.189617
889.55878	45.979069
889.60962	42.730835
889.66046	37.206963
889.71124	41.058548
889.76208	41.742836
889.81293	37.935711
889.86377	37.018627
889.91461	36.258331
889.96545	38
890.0163	38.404301
890.06708	42.096684
890.11792	41.421986
890.16876	36.216007
890.2196	37.980145
890.27045	43.830502
890.32129	41.676773
890.37213	39.684074
890.42291	42.942951
890.47375	41.775463
890.5246	40.431656
890.57544	41.905453
890.62628	41.198769
890.67712	41.154202
890.72797	37.877934
890.77875	40.891113
890.82959	39.682697
890.88043	38.28907
890.93127	40.11813
890.98212	42.591572
891.03296	39.174862
891.0838	41.972851
891.13458	39.026627
891.18542	38.834141
891.23627	38.296234
891.28711	40.109745
891.33795	41.785988
891.38879	38.154598
891.43964	38.154217
891.49042	41.438145
891.54126	38.748001
891.5921	39.810623
891.64294	40.041534
891.69379	41.5914
891.74463	38.326328
891.79547	38.816666
891.84625	40.248688
891.89709	39.620525
891.94794	39.748154
891.99878	37.130993
892.04962	34.366508
892.10046	39.59708
892.15131	42.030411
892.20209	38.675663
892.25293	36.862064
892.30377	40.08147
892.35461	38.370781
892.40546	37.314892
892.4563	39.086334
892.50714	38.590065
892.55792	39.035168
892.60876	40.406765
892.65961	38.469917
892.71045	37.798801
892.76129	40.225643
892.81213	39.88736
892.86298	39.193615
892.91376	40.462845
892.9646	37.970798
893.01544	36.635422
893.06628	39.14579
893.11713	40.663715
893.16797	41.828461
893.21881	38.977104
893.26959	37.382866
893.32043	40.225399
893.37128	40.483006
893.42212	36.880241
893.47296	36.679794
893.5238	36.939095
893.57465	37.604378
893.62543	38.009247
893.67627	36.954742
893.72711	38.645283
893.77795	39.331013
893.8288	39.604267
893.87964	39.69978
893.93048	38.365875
893.98132	40.048752
894.0321	39.672516
894.08295	38.494377
894.13379	38.384876
894.18463	39.170303
894.23547	38.480682
894.28632	40.545506
894.33716	40.819324
894.38794	38.886799
894.43878	39.173088
894.48962	40.512028
894.54047	39.43729
894.59131	38.550831
894.64215	36.722305
894.69299	35.792831
894.74377	36.511101
894.79462	35.24847
894.84546	39.026459
894.8963	39.581402
894.94714	39.680611
894.99799	40.454758
895.04883	38.470703
895.09961	34.458656
895.15045	36.78812
895.20129	38.506577
895.25214	38.842182
895.30298	35.774189
895.35382	39.641739
895.40466	39.879154
895.45544	40.610924
895.50629	37.625496
895.55713	43.186035
895.60797	40.503216
895.65881	38.882858
895.70966	31.617134
895.7605	39.941555
895.81128	39.191177
895.86212	36.349232
895.91296	37.711166
895.96381	37.683708
896.01465	38.986786
896.06549	35.086025
896.11633	39.553051
896.16711	38.236618
896.21796	38.781792
896.2688	40.529926
896.31964	38.169937
896.37048	39.953201
896.42133	36.560944
896.47217	37.000225
896.52295	35.948841
896.57379	39.908726
896.62463	38.974243
896.67548	40.727486
896.72632	37.047565
896.77716	39.352619
896.828	38.415882
896.87878	36.575237
896.92963	38.960205
896.98047	42.051979
897.03131	38.324726
897.08215	36.939499
897.133	36.133686
897.18384	35.768173
897.23462	38.813244
897.28546	38.409847
897.3363	36.340729
897.38715	36.721527
897.43799	38.476875
897.48883	38.813454
897.53967	39.178761
897.59045	37.060913
897.6413	38.766212
897.69214	37.94035
897.74298	35.755455
897.79382	36.382042
897.84467	39.469135
897.89551	39.223751
897.94635	38.039383
897.99713	39.884747
898.04797	37.772018
898.09882	37.200974
898.14966	37.463947
898.2005	37.795433
898.25134	37.961243
898.30219	38.409046
898.35297	36.927555
898.40381	37.307674
898.45465	37.866009
898.50549	36.577549
898.55634	38.820583
898.60718	38.913559
898.65802	36.589909
898.7088	35.443642
898.75964	38.005447
898.81049	38.30122
898.86133	35.247868
898.91217	35.300331
898.96301	37.028843
899.01385	38.982182
899.06464	40.244884
899.11548	37.933121
899.16632	37.765007
899.21716	39.141033
899.26801	37.933338
899.31885	37.071098
899.36969	36.627186
899.42047	37.916454
899.47131	38.176033
899.52216	37.871807
899.573	38.336441
899.62384	39.86208
899.67468	39.72192
899.72552	39.629532
899.77631	39.379086
899.82715	39.347004
899.87799	38.719032
899.92883	38.566505
899.97968	38.526119
900.03052	39.672695
900.08136	35.753735
900.13214	35.758633
900.18298	38.50893
900.23383	38.230804
900.28467	36.930649
900.33551	35.554443
900.38635	37.602177
900.43719	37.855236
900.48798	36.163044
900.53882	39.447357
900.58966	39.637161
900.6405	37.422981
900.69135	40.847431
900.74219	38.36327
900.79303	39.960243
900.84381	37.813908
900.89465	37.38525
900.9455	38.487583
900.99634	40.355038
901.04718	37.542221
901.09802	41.061031
901.14886	39.136539
901.19965	38.384632
901.25049	36.97739
901.30133	37.064575
901.35217	39.330128
901.40302	35.347313
901.45386	38.148823
901.5047	37.882652
901.55548	36.31694
901.60632	35.774681
901.65717	38.439369
901.70801	39.03429
901.75885	36.684269
901.80969	38.088917
901.86053	38.652058
901.91132	35.768864
901.96216	37.235912
902.013	37.039577
902.06384	39.179554
902.11469	38.348911
902.16553	37.850853
902.21637	39.087551
902.26721	39.595448
902.31799	36.807903
902.36884	38.599552
902.41968	37.552155
902.47052	35.598034
902.52136	37.496754
902.5722	37.105221
902.62305	38.532509
902.67383	38.374779
902.72467	39.205196
902.77551	35.331188
902.82635	37.399841
902.8772	36.797436
902.92804	37.128304
902.97888	36.32547
903.02966	42.085506
903.08051	38.194538
903.13135	34.894352
903.18219	38.439842
903.23303	37.679295
903.28387	40.611435
903.33472	37.12619
903.3855	36.722836
903.43634	38.399467
903.48718	36.094711
903.53802	36.614223
903.58887	37.826412
903.63971	40.996872
903.69055	38.340408
903.74133	38.811508
903.79218	38.3806
903.84302	41.301262
903.89386	37.272125
903.9447	38.623779
903.99554	39.169182
904.04639	36.989525
904.09717	35.751175
904.14801	38.871494
904.19885	37.946983
904.24969	34.985065
904.30054	37.888088
904.35138	40.135201
904.40222	38.916859
904.453	39.052803
904.50385	38.806004
904.55469	38.788681
904.60553	37.829884
904.65637	35.018963
904.70721	37.357861
904.75806	36.371567
904.80884	35.723354
904.85968	36.892223
904.91052	38.618961
904.96136	36.908367
905.01221	37.702095
905.06305	37.76215
905.11389	38.5938
905.16467	36.152935
905.21552	38.296143
905.26636	38.615414
905.3172	37.58017
905.36804	37.650352
905.41888	36.85487
905.46973	36.180042
905.52051	37.841682
905.57135	39.451542
905.62219	38.256634
905.67303	37.942703
905.72388	39.029869
905.77472	37.566364
905.82556	35.63868
905.87634	36.58144
905.92719	40.06422
905.97803	37.538303
906.02887	35.566753
906.07971	38.198528
906.13055	39.766602
906.1814	39.032242
906.23218	37.698189
906.28302	39.561546
906.33386	39.463139
906.3847	39.161774
906.43555	37.548481
906.48639	37.799236
906.53723	39.977417
906.58807	36.176952
906.63885	34.668354
906.6897	37.408432
906.74054	38.858116
906.79138	40.717049
906.84222	39.699833
906.89307	36.955284
906.94391	36.010586
906.99469	38.264503
907.04553	38.453506
907.09637	37.27668
907.14722	37.659462
907.19806	37.079037
907.2489	39.161263
907.29974	37.835915
907.35052	36.739861
907.40137	36.69508
907.45221	36.43079
907.50305	36.460423
907.55389	38.864704
907.60474	39.976273
907.65558	38.712955
907.70636	39.880898
907.7572	37.91737
907.80804	36.905678
907.85889	35.70636
907.90973	36.140842
907.96057	40.016216
908.01141	39.063465
908.06219	36.065266
908.11304	36.517239
908.16388	38.196938
908.21472	38.335258
908.26556	35.245724
908.31641	34.883835
908.36725	37.394325
908.41803	35.939297
908.46887	36.233974
908.51971	38.354397
908.57056	39.561886
908.6214	36.145725
908.67224	37.419895
908.72308	39.128452
908.77386	38.130402
908.82471	41.202709
908.87555	38.774414
908.92639	35.754677
908.97723	37.086109
909.02808	37.648384
909.07892	36.956032
909.1297	38.153515
909.18054	36.268944
909.23138	38.205788
909.28223	36.800175
909.33307	40.854599
909.38391	39.205486
909.43475	37.270496
909.48553	37.666813
909.53638	35.419891
909.58722	40.24757
909.63806	38.279762
909.6889	37.731167
909.73975	41.948971
909.79059	35.345623
909.84137	37.692467
909.89221	39.194729
909.94305	43.470821
909.9939	37.011631
910.04474	39.714409
910.09558	36.211952
910.14642	35.081329
910.1972	41.483601
910.24805	44.411469
910.29889	37.010872
910.34973	36.09174
910.40057	39.52438
910.45142	38.866634
910.50226	37.683289
910.5531	39.552814
910.60388	39.072102
910.65472	40.527367
910.70557	39.052299
910.75641	40.583241
910.80725	36.430458
910.85809	40.926708
910.90894	42.980431
910.95972	38.201077
911.01056	39.400513
911.0614	37.170925
911.11224	39.600677
911.16309	38.981102
911.21393	40.433773
911.26477	41.889206
911.31555	37.726227
911.36639	36.98003
911.41724	41.532124
911.46808	38.324421
911.51892	33.606953
911.56976	39.069675
911.62061	39.639954
911.67139	38.554588
911.72223	40.629299
911.77307	37.941299
911.82391	38.648567
911.87476	39.594746
911.9256	38.729172
911.97644	38.652378
912.02722	38.42429
912.07806	38.407761
912.12891	40.736725
912.17975	40.566883
912.23059	39.896713
912.28143	39.5909
912.33228	39.300949
912.38306	38.350704
912.4339	38.637932
912.48474	40.310329
912.53558	39.097111
912.58643	35.271252
912.63727	36.148758
912.68811	37.263439
912.73889	37.133038
912.78973	37.283375
912.84058	36.685345
912.89142	33.624065
912.94226	37.031116
912.9931	40.383598
913.04395	37.497128
913.09473	37.180542
913.14557	38.125263
913.19641	38.633602
913.24725	37.398998
913.2981	38.93853
913.34894	40.444134
913.39978	37.651901
913.45056	39.644814
913.5014	40.271175
913.55225	38.910824
913.60309	40.551418
913.65393	39.695625
913.70477	37.312115
913.75562	39.437138
913.8064	39.762211
913.85724	37.359196
913.90808	37.047169
913.95892	35.454437
914.00977	35.949097
914.06061	37.693886
914.11145	40.975365
914.16223	40.896122
914.21307	40.055786
914.26392	39.473934
914.31476	38.510769
914.3656	37.554932
914.41644	36.69355
914.46729	39.580521
914.51807	40.092056
914.56891	39.645802
914.61975	36.663113
914.67059	39.249702
914.72144	35.746037
914.77228	37.677795
914.82312	39.803898
914.87396	40.188046
914.92474	40.130344
914.97559	38.940994
915.02643	34.118938
915.07727	36.323238
915.12811	36.731865
915.17896	37.900372
915.2298	38.17374
915.28058	40.615128
915.33142	37.582569
915.38226	38.908016
915.43311	39.45549
915.48395	35.904274
915.53479	40.648266
915.58563	42.255211
915.63641	37.92215
915.68726	37.235661
915.7381	37.053013
915.78894	35.977509
915.83978	36.301224
915.89063	38.01049
915.94147	34.739761
915.99225	42.580826
916.04309	38.255924
916.09393	36.729031
916.14478	40.686543
916.19562	37.158272
916.24646	37.738205
916.2973	37.822384
916.34808	40.570717
916.39893	39.098747
916.44977	38.086525
916.50061	39.576035
916.55145	38.383385
916.60229	33.281803
916.65314	35.351986
916.70392	38.477871
916.75476	41.075443
916.8056	38.556553
916.85645	38.282028
916.90729	36.277447
916.95813	38.900188
917.00897	36.39399
917.05975	37.077106
917.1106	36.369537
917.16144	37.370399
917.21228	38.414585
917.26312	34.902145
917.31396	37.882248
917.36481	37.081409
917.41559	37.357208
917.46643	39.776569
917.51727	38.927536
917.56812	39.254925
917.61896	36.449211
917.6698	38.850368
917.72064	37.760372
917.77142	38.890438
917.82227	37.908127
917.87311	37.187504
917.92395	39.160084
917.97479	38.499409
918.02563	37.565414
918.07648	37.41333
918.12726	39.369423
918.1781	40.48737
918.22894	37.877895
918.27979	36.789196
918.33063	37.937405
918.38147	39.443623
918.43231	40.448517
918.48309	38.138912
918.53394	38.199623
918.58478	38.427986
918.63562	40.920082
918.68646	39.202282
918.7373	37.348778
918.78815	37.35247
918.83899	37.351044
918.88977	39.807724
918.94061	39.218647
918.99146	39.482105
919.0423	41.623207
919.09314	40.302296
919.14398	37.592552
919.19482	36.560883
919.24561	38.07336
919.29645	39.26738
919.34729	39.008572
919.39813	39.048023
919.44897	38.202343
919.49982	39.509102
919.55066	39.944626
919.60144	37.731293
919.65228	38.260479
919.70313	38.557816
919.75397	37.305809
919.80481	33.646824
919.85565	35.697231
919.90649	39.584644
919.95728	36.509209
920.00812	38.099705
920.05896	37.600018
920.1098	37.188526
920.16064	38.670784
920.21149	36.933075
920.26233	38.650696
920.31311	39.72369
920.36395	39.446568
920.41479	35.530231
920.46564	37.257397
920.51648	37.772263
920.56732	35.824322
920.61816	39.183041
920.66895	35.817726
920.71979	36.945156
920.77063	39.289421
920.82147	41.409054
920.87231	39.431763
920.92316	42.135651
920.974	37.488552
921.02478	39.217625
921.07562	39.823406
921.12646	35.500935
921.17731	38.430767
921.22815	37.064674
921.27899	36.387058
921.32983	38.79232
921.38062	41.86367
921.43146	36.434071
921.4823	36.779079
921.53314	38.698231
921.58398	37.860363
921.63483	36.412628
921.68567	35.464245
921.73645	38.393578
921.78729	37.44326
921.83813	37.104324
921.88898	37.726597
921.93982	41.269108
921.99066	40.709557
922.0415	36.216537
922.09229	37.506725
922.14313	39.851711
922.19397	37.404564
922.24481	38.081711
922.29565	39.581066
922.3465	38.608284
922.39734	39.26062
922.44812	38.425167
922.49896	40.488937
922.5498	39.313587
922.60065	37.665642
922.65149	35.3834
922.70233	37.263412
922.75317	36.967358
922.80396	38.488056
922.8548	37.337643
922.90564	36.4604
922.95648	37.188633
923.00732	38.226086
923.05817	38.350643
923.10901	37.412613
923.15985	36.803837
923.21063	36.542938
923.26147	37.431641
923.31232	37.725349
923.36316	36.653782
923.414	36.919022
923.46484	40.244095
923.51569	39.293186
923.56647	37.483185
923.61731	37.527931
923.66815	38.644203
923.71899	40.057064
923.76984	38.284168
923.82068	37.279385
923.87152	36.686161
923.9223	38.764759
923.97314	39.688976
924.02399	38.140938
924.07483	38.123104
924.12567	37.570621
924.17651	38.77142
924.22736	39.336395
924.27814	40.330093
924.32898	38.255623
924.37982	37.138264
924.43066	37.445724
924.48151	36.585354
924.53235	38.213474
924.58319	39.220314
924.63397	39.409832
924.68481	39.66111
924.73566	38.316402
924.7865	37.544048
924.83734	40.369278
924.88818	38.461636
924.93903	35.475338
924.98981	35.224186
925.04065	40.603794
925.09149	39.19643
925.14233	36.380833
925.19318	37.631653
925.24402	40.383259
925.29486	41.468952
925.34564	37.949188
925.39648	38.830593
925.44733	38.38092
925.49817	36.78001
925.54901	40.705395
925.59985	38.127304
925.6507	39.424812
925.70148	39.251469
925.75232	37.213749
925.80316	39.410645
925.854	36.99699
925.90485	36.608021
925.95569	38.707401
926.00653	40.199215
926.05731	37.393147
926.10815	39.502136
926.159	39.401768
926.20984	39.474079
926.26068	35.203308
926.31152	38.59536
926.36237	42.13187
926.41315	39.896847
926.46399	36.645435
926.51483	39.660294
926.56567	38.233501
926.61652	38.709953
926.66736	39.021519
926.7182	39.532829
926.76898	40.909504
926.81982	38.204567
926.87067	39.670135
926.92151	39.398331
926.97235	41.647205
927.02319	38.790218
927.07404	38.606647
927.12488	37.922417
927.17566	38.167221
927.2265	38.837677
927.27734	40.116692
927.32819	36.022308
927.37903	38.05777
927.42987	38.655415
927.48071	37.568939
927.53149	39.116425
927.58234	38.111519
927.63318	34.879635
927.68402	40.246929
927.73486	40.351048
927.78571	37.258648
927.83655	37.662842
927.88733	40.661713
927.93817	39.332451
927.98901	39.364307
928.03986	39.730045
928.0907	38.195011
928.14154	38.051128
928.19238	39.27319
928.24316	36.887703
928.29401	39.05547
928.34485	38.928375
928.39569	37.752789
928.44653	38.828125
928.49738	38.899944
928.54822	38.090794
928.599	37.020798
928.64984	37.702473
928.70068	37.257874
928.75153	37.252419
928.80237	38.976402
928.85321	37.928516
928.90405	38.963531
928.95483	38.100864
929.00568	39.278313
929.05652	40.123264
929.10736	39.863354
929.1582	37.560246
929.20905	38.526005
929.25989	37.480785
929.31067	40.047546
929.36151	39.512173
929.41235	38.862545
929.4632	39.588558
929.51404	38.269978
929.56488	36.980148
929.61572	37.084469
929.6665	40.169552
929.71735	39.918106
929.76819	42.273682
929.81903	39.372673
929.86987	38.59621
929.92072	39.334335
929.97156	38.906319
930.02234	39.67028
930.07318	39.522785
930.12402	38.515598
930.17487	39.202679
930.22571	37.199863
930.27655	38.309082
930.32739	36.322506
930.37817	36.155552
930.42902	37.997494
930.47986	37.146622
930.5307	36.948402
930.58154	37.536926
930.63239	38.833912
930.68323	40.728622
930.73401	40.681046
930.78485	37.757065
930.83569	38.486732
930.88654	38.63134
930.93738	40.866814
930.98822	37.923683
931.03906	38.472771
931.08984	38.354813
931.14069	39.210377
931.19153	39.741741
931.24237	37.617016
931.29321	38.795158
931.34406	38.846554
931.3949	36.29826
931.44574	42.034939
931.49652	39.054852
931.54736	36.180454
931.59821	37.496819
931.64905	37.691643
931.69989	37.223652
931.75073	41.432407
931.80157	40.802025
931.85236	37.625587
931.9032	37.054653
931.95404	40.077049
932.00488	34.759785
932.05573	40.579445
932.10657	36.864418
932.15741	38.258392
932.20819	36.099628
932.25903	37.866623
932.30988	39.313789
932.36072	39.272694
932.41156	39.765526
932.4624	37.096138
932.51324	37.609577
932.56403	38.866707
932.61487	37.815739
932.66571	37.680222
932.71655	39.948635
932.7674	39.197296
932.81824	39.572098
932.86908	39.746098
932.91986	37.828396
932.9707	39.182404
933.02155	39.949162
933.07239	40.52372
933.12323	39.973545
933.17407	38.507622
933.22491	39.533417
933.2757	38.893562
933.32654	40.077568
933.37738	41.008007
933.42822	39.337543
933.47906	39.092323
933.52991	38.995026
933.58075	37.935638
933.63153	38.782814
933.68237	39.546856
933.73322	41.331699
933.78406	39.328053
933.8349	39.715576
933.88574	39.031784
933.93658	38.612522
933.98737	36.584454
934.03821	39.069599
934.08905	38.48431
934.13989	38.385601
934.19073	39.854645
934.24158	39.294041
934.29242	37.888599
934.3432	38.024166
934.39404	39.256634
934.44489	38.589882
934.49573	38.434422
934.54657	40.707207
934.59741	38.133617
934.64825	37.500534
934.69904	38.441143
934.74988	37.990921
934.80072	39.12405
934.85156	40.479305
934.9024	39.775455
934.95325	39.274235
935.00409	38.426365
935.05487	39.277035
935.10571	38.820557
935.15656	37.060303
935.2074	38.054176
935.25824	37.095108
935.30908	36.833481
935.35992	36.763836
935.41071	40.530216
935.46155	42.193443
935.51239	36.073071
935.56323	36.456463
935.61407	40.348358
935.66492	34.827286
935.71576	35.993469
935.7666	36.605366
935.81738	40.947216
935.86823	38.48391
935.91907	38.099403
935.96991	39.447777
936.02075	37.728355
936.07159	39.338696
936.12244	36.689854
936.17322	39.758896
936.22406	38.418915
936.2749	40.708023
936.32574	42.027081
936.37659	38.707378
936.42743	41.213615
936.47827	36.535072
936.52905	38.871223
936.5799	36.396561
936.63074	40.200275
936.68158	39.975937
936.73242	41.544064
936.78326	35.762371
936.83411	41.109188
936.88489	36.052746
936.93573	37.833611
936.98657	38.441174
937.03741	39.486202
937.08826	36.735039
937.1391	38.05394
937.18994	39.871826
937.24072	40.888477
937.29156	41.765938
937.34241	37.946766
937.39325	39.802845
937.44409	42.283844
937.49493	40.519962
937.54578	39.415977
937.59656	37.192616
937.6474	37.452808
937.69824	38.153324
937.74908	37.556488
937.79993	38.758339
937.85077	37.146332
937.90161	37.448189
937.95239	37.446934
938.00323	36.798767
938.05408	36.412045
938.10492	36.597927
938.15576	38.001022
938.2066	40.94173
938.25745	40.392811
938.30823	38.577118
938.35907	37.533886
938.40991	36.554543
938.46075	38.482277
938.5116	40.824959
938.56244	41.524979
938.61328	40.308754
938.66406	39.176456
938.7149	39.509933
938.76575	37.421356
938.81659	38.722744
938.86743	41.32346
938.91827	36.912376
938.96912	37.629238
939.0199	41.906845
939.07074	40.427929
939.12158	39.500828
939.17242	38.984661
939.22327	38.550156
939.27411	39.660336
939.32495	37.353767
939.37573	36.096722
939.42657	39.695892
939.47742	39.623096
939.52826	37.292946
939.5791	40.117325
939.62994	39.603947
939.68079	38.399883
939.73163	40.32909
939.78241	36.986073
939.83325	39.157879
939.88409	39.421535
939.93494	38.169476
939.98578	37.719223
940.03662	38.211472
940.08746	38.650398
940.13824	38.232529
940.18909	40.309597
940.23993	40.834583
940.29077	39.845337
940.34161	38.934479
940.39246	41.750107
940.4433	38.400902
940.49408	41.650875
940.54492	40.957359
940.59576	38.214775
940.64661	39.165226
940.69745	40.592583
940.74829	38.159328
940.79913	39.747044
940.84991	38.050236
940.90076	37.416985
940.9516	40.173
941.00244	42.632122
941.05328	40.908672
941.10413	35.722603
941.15497	38.638153
941.20575	40.798687
941.25659	39.591568
941.30743	37.761284
941.35828	40.269581
941.40912	40.185394
941.45996	37.426197
941.5108	38.864532
941.56158	40.065125
941.61243	37.388882
941.66327	36.277058
941.71411	37.700336
941.76495	38.657784
941.8158	39.379009
941.86664	40.660877
941.91742	40.212158
941.96826	42.088856
942.0191	39.436928
942.06995	40.435848
942.12079	39.803833
942.17163	39.297623
942.22247	40.616516
942.27325	40.535767
942.3241	41.473461
942.37494	40.051765
942.42578	35.062717
942.47662	34.642754
942.52747	38.659992
942.57831	38.514229
942.62909	39.919689
942.67993	39.863194
942.73077	36.309414
942.78162	36.875927
942.83246	39.27634
942.8833	40
942.93414	36.895802
942.98492	39.706375
943.03577	40.808495
943.08661	39.460323
943.13745	37.655682
943.18829	39.929745
943.23914	38.253426
943.28998	38.612701
943.34076	38.285881
943.3916	38
943.44244	39.555069
943.49329	37.736027
943.54413	38.750687
943.59497	39.959656
943.64581	39.307354
943.69659	39.86895
943.74744	39.138256
943.79828	38.12508
943.84912	38.125015
943.89996	37.237381
943.95081	41.728027
944.00165	35.618595
944.05249	42.708279
944.10327	39.299843
944.15411	38.029163
944.20496	41.105045
944.2558	40.134396
944.30664	38.017147
944.35748	38.910255
944.40833	36.368748
944.45911	40.892757
944.50995	37.232723
944.56079	39.686508
944.61163	35.322155
944.66248	38.591461
944.71332	42.149483
944.76416	42.393734
944.81494	38.638119
944.86578	41.826233
944.91663	40.274414
944.96747	38.123409
945.01831	41.380993
945.06915	38.909904
945.12	38.140625
945.17078	39.182289
945.22162	41.865971
945.27246	39.077755
945.3233	35.25515
945.37415	38.413696
945.42499	38.667175
945.47583	38.048805
945.52661	39.535023
945.57745	40.17289
945.6283	37.922615
945.67914	39.54586
945.72998	36.725861
945.78082	35.100739
945.83167	39.526627
945.88245	39.138355
945.93329	39.097076
945.98413	41.126823
946.03497	40.547268
946.08582	39.595646
946.13666	39.528072
946.1875	38.526253
946.23828	38.706821
946.28912	39.140625
946.33997	36.673107
946.39081	38.749828
946.44165	41.140625
946.49249	39.129517
946.54333	39.309181
946.59412	38.754879
946.64496	39.509197
946.6958	39.44125
946.74664	38.426643
946.79749	38.038094
946.84833	39.489162
946.89917	39.240868
946.94995	42.206139
947.00079	42.240871
947.05164	38.092854
947.10248	40.299599
947.15332	38.615929
947.20416	38.989872
947.255	39.140625
947.30579	38.261646
947.35663	40.82399
947.40747	40.231804
947.45831	38.292255
947.50916	40.827465
947.56	38.272236
947.61084	35.232452
947.66162	37.110355
947.71246	41.995735
947.76331	42.031246
947.81415	43.895821
947.86499	36.136642
947.91583	39.060947
947.96667	39.849445
948.01752	38.375774
948.0683	41.503258
948.11914	36.505733
948.16998	39.806412
948.22083	43.869862
948.27167	42.306084
948.32251	38.297359
948.37335	39.423542
948.42413	39.433956
948.47498	34.71011
948.52582	40.034351
948.57666	40.883373
948.6275	42.724766
948.67834	39.715206
948.72919	34.752995
948.77997	39.35722
948.83081	42.769279
948.88165	38.206696
948.9325	39.423409
948.98334	36.150681
949.03418	38.854183
949.08502	38.897095
949.1358	37.510143
949.18665	38.445461
949.23749	39.986691
949.28833	39.234985
949.33917	37.071453
949.39001	36.563988
949.44086	37.635609
949.49164	39.538967
949.54248	37.77998
949.59332	36.650703
949.64417	40.0704
949.69501	37.930611
949.74585	38.755306
949.79669	40.366848
949.84747	40.091278
949.89832	40.711723
949.94916	41
950	40.30365
