700	64.768303
700.05084	67.791473
700.10168	60.712452
700.15253	65.705681
700.20331	63.423603
700.25415	67.865303
700.30499	65.563393
700.35583	57.328537
700.40668	66.952126
700.45752	64.002632
700.50836	62.03566
700.55914	59.115494
700.60999	68.495483
700.66083	65.279289
700.71167	65
700.76251	65.896507
700.81335	59.853008
700.8642	66.766075
700.91498	63.780796
700.96582	69.643143
701.01666	62.079361
701.0675	66.363495
701.11835	65.665276
701.16919	65.008919
701.22003	60.536289
701.27081	61.918747
701.32166	63.71405
701.3725	65.387527
701.42334	67.353737
701.47418	67.340027
701.52502	65.713844
701.57587	65.626183
701.62665	66.616425
701.67749	64.049759
701.72833	64.882454
701.77917	67.006546
701.83002	65.928307
701.88086	66.580002
701.9317	62.412933
701.98248	62.892227
702.03333	69.005554
702.08417	71.292503
702.13501	69.596634
702.18585	62.732887
702.23669	61.815445
702.28754	63.786236
702.33838	66.876999
702.38916	70.718254
702.44	71.667595
702.49084	69.058235
702.54169	62.847282
702.59253	58.871906
702.64337	63.740608
702.69421	69.724487
702.745	66.24305
702.79584	66.336388
702.84668	65.036697
702.89752	68.238228
702.94836	65.347504
702.99921	67.791016
703.05005	70.320465
703.10083	60.878567
703.15167	67.643639
703.20251	72.817139
703.25336	70.925461
703.3042	69.423584
703.35504	60.326351
703.40588	68.200249
703.45667	75.918739
703.50751	66.100807
703.55835	65.036224
703.60919	68.846237
703.66003	64.292007
703.71088	65.851868
703.76172	66.919777
703.8125	67.893494
703.86334	72.392113
703.91418	66.984314
703.96503	70.228485
704.01587	69.348007
704.06671	60.898869
704.11755	64.56839
704.16833	64.456711
704.21918	65.52581
704.27002	66.744896
704.32086	72.102005
704.3717	70.438591
704.42255	69.008148
704.47339	60.180904
704.52417	58.65506
704.57501	62.586578
704.62585	65.897881
704.6767	68.853706
704.72754	70.602272
704.77838	70.425468
704.82922	63.797318
704.88	60.657814
704.93085	63.077648
704.98169	69.171875
705.03253	67.996208
705.08337	63.936043
705.13422	64.597
705.18506	63.908092
705.23584	65.446739
705.28668	67.688858
705.33752	68.797768
705.38837	67.386635
705.43921	67.263412
705.49005	67.777512
705.54089	68.293968
705.59167	63.325916
705.64252	67.678986
705.69336	72.819725
705.7442	67.741364
705.79504	72.179245
705.84589	64.724472
705.89673	67.450981
705.94751	68.582314
705.99835	66.806892
706.04919	68.303146
706.10004	77.557747
706.15088	70.154747
706.20172	70.484032
706.25256	68.018127
706.30341	74.555969
706.35419	61.898434
706.40503	72.205589
706.45587	74.852745
706.50671	71.807007
706.55756	66.028214
706.6084	67.013229
706.65924	68.9702
706.71002	62.214935
706.76086	65.825417
706.81171	67.874184
706.86255	69.852615
706.91339	70.001114
706.96423	76.22612
707.01508	66.51545
707.06586	71.863831
707.1167	68.793739
707.16754	71.301323
707.21838	71.19989
707.26923	67.042404
707.32007	67.558861
707.37091	71.820915
707.42169	70.771729
707.47253	71.465012
707.52338	69.854408
707.57422	71.797852
707.62506	66.170715
707.6759	65.67588
707.72675	74.174896
707.77753	74.188278
707.82837	68.286942
707.87921	70.845131
707.93005	74.596237
707.9809	76.725784
708.03174	70.74778
708.08258	63.373611
708.13336	65.158379
708.1842	65.452667
708.23505	68.455948
708.28589	72.568512
708.33673	67.75576
708.38757	66.691628
708.43842	67.41468
708.4892	66.913841
708.54004	71.400528
708.59088	68.917992
708.64172	65.851227
708.69257	71.485733
708.74341	73.301491
708.79425	70.596077
708.84503	76.31543
708.89587	73.501068
708.94672	67.212601
708.99756	73.011719
709.0484	73.008842
709.09924	71.161385
709.15009	65.642281
709.20087	67.406548
709.25171	64.827911
709.30255	64.684021
709.35339	69.382797
709.40424	76.190468
709.45508	70.396332
709.50592	66.755981
709.5567	72.377586
709.60754	66.610405
709.65839	73.939697
709.70923	72.866287
709.76007	70.17337
709.81091	76.024689
709.86176	76.998299
709.91254	71.103073
709.96338	71.978424
710.01422	65.34436
710.06506	65.00074
710.11591	67.774002
710.16675	74.356567
710.21759	74.110497
710.26837	67.001572
710.31921	72.895721
710.37006	77.380882
710.4209	74.679939
710.47174	74
710.52258	76.408455
710.57343	70.738144
710.62427	75.918884
710.67505	63.681198
710.72589	66.38179
710.77673	69
710.82758	68.3004
710.87842	63.85384
710.92926	72.845535
710.9801	74.686699
711.03088	71.705353
711.08173	68.478058
711.13257	68.855606
711.18341	74.816147
711.23425	76.826492
711.2851	73.14151
711.33594	68.774117
711.38672	70.789642
711.43756	70.845322
711.4884	72.104797
711.53925	71.537506
711.59009	71.819145
711.64093	76.079384
711.69177	77.712822
711.74255	79.692467
711.7934	75.893608
711.84424	69.750168
711.89508	66.17746
711.94592	68.388107
711.99677	69.373116
712.04761	70.00766
712.09839	73.978004
712.14923	77.25164
712.20007	66.401169
712.25092	68.161087
712.30176	75.45974
712.3526	73.496132
712.40344	72.966881
712.45422	75.318542
712.50507	72.362999
712.55591	71.377831
712.60675	78.09359
712.65759	80.14917
712.70844	66.001793
712.75928	68.07074
712.81006	80.754387
712.8609	78.891762
712.91174	76.783386
712.96259	66.116905
713.01343	78.619904
713.06427	72.902435
713.11511	70.999992
713.16589	71.078575
713.21674	74.964478
713.26758	68.065079
713.31842	72.891129
713.36926	62.449154
713.4201	62.000637
713.47095	75.965736
713.52173	72.417595
713.57257	75.607651
713.62341	68.901253
713.67426	68
713.7251	67.141792
713.77594	81.351723
713.82678	79.027588
713.87756	71.483994
713.92841	77.199387
713.97925	71.931732
714.03009	72.312386
714.08093	69.22773
714.13177	73.936287
714.18262	76.735611
714.2334	72.015724
714.28424	74.187714
714.33508	75.31662
714.38593	72.332581
714.43677	72.320213
714.48761	69.813332
714.53845	66.761497
714.58929	71.506584
714.64008	77.395607
714.69092	76.679291
714.74176	71.038795
714.7926	72.982117
714.84344	74.320045
714.89429	71.481262
714.94513	71.005974
714.99591	74.472145
715.04675	75.121986
715.0976	70.608139
715.14844	76.689384
715.19928	78.12619
715.25012	68.858749
715.30096	72.051666
715.35175	76.187759
715.40259	77.631454
715.45343	77.378143
715.50427	74.493149
715.55511	70.368782
715.60596	68.545601
715.6568	58.705814
715.70758	69.366394
715.75842	72.758415
715.80927	72.853882
715.86011	84.975815
715.91095	73.249397
715.96179	74.232208
716.01263	76.67028
716.06342	80.853317
716.11426	71.640945
716.1651	70.175987
716.21594	71.610527
716.26678	75
716.31763	73.877907
716.36847	66.992271
716.41925	74.436676
716.47009	69.246468
716.52094	72.473106
716.57178	78.629059
716.62262	72.13015
716.67346	74.874527
716.7243	70.105247
716.77509	78.98436
716.82593	84.913956
716.87677	78.227623
716.92761	75.133362
716.97845	80.647217
717.0293	79.146729
717.08014	73.521118
717.13092	78.402618
717.18176	80.771667
717.2326	74.907906
717.28345	74.001671
717.33429	74.009888
717.38513	75.660774
717.43597	71.105286
717.48676	75.619438
717.5376	73.072723
717.58844	72.776138
717.63928	75.288338
717.69012	65.553223
717.74097	74.446419
717.79181	77.563148
717.84259	77
717.89343	72.857376
717.94427	73.71608
717.99512	75.003952
718.04596	75.649048
718.0968	77.278748
718.14764	73.039627
718.19843	76.688873
718.24927	75.651657
718.30011	74.900864
718.35095	75.307816
718.40179	75.670334
718.45264	72.695946
718.50348	70.056458
718.55426	74.586388
718.6051	79.500137
718.65594	76.158852
718.70679	72.423889
718.75763	79.030029
718.80847	79.685654
718.85931	73.436577
718.91016	75.664001
718.96094	78.406616
719.01178	79.788734
719.06262	78.756691
719.11346	76.446815
719.16431	80.397293
719.21515	78.324707
719.26599	71.242218
719.31677	76.924347
719.36761	77.540703
719.41846	74.003281
719.4693	74.011719
719.52014	74.26503
719.57098	75.008904
719.62183	76.361717
719.67261	79.94368
719.72345	76.399414
719.77429	76.883484
719.82513	72.860619
719.87598	76.853401
719.92682	75.575264
719.97766	74.316727
720.02844	82.774101
720.07928	80.163498
720.13013	73.011719
720.18097	73.635033
720.23181	80.947205
720.28265	80.216171
720.3335	83.936211
720.38428	81.807457
720.43512	74.108994
720.48596	83.002151
720.5368	67.24704
720.58765	77.702522
720.63849	74.166527
720.68933	70.230721
720.74011	71.864174
720.79095	87.610878
720.8418	75.426704
720.89264	80.250847
720.94348	80.132591
720.99432	85.196785
721.04517	86.862457
721.09595	86.162819
721.14679	76.927361
721.19763	80.697563
721.24847	74.813423
721.29932	76.944954
721.35016	78.775902
721.401	83.559082
721.45178	82.010681
721.50262	83.945511
721.55347	82.128403
721.60431	78.182014
721.65515	74.919029
721.70599	83.545326
721.75684	82.65274
721.80762	83.275024
721.85846	85.649895
721.9093	82.857391
721.96014	82.855186
722.01099	77.978699
722.06183	77.55394
722.11267	75.389191
722.16345	76.520531
722.21429	83.313377
722.26514	82.768456
722.31598	81.583366
722.36682	83.005714
722.41766	85.497635
722.46851	81.191643
722.51929	76.854996
722.57013	79.089516
722.62097	78.459419
722.67181	82.485138
722.72266	82.784111
722.7735	74.556717
722.82434	74.183449
722.87512	81.308342
722.92596	84.262642
722.97681	83.00753
723.02765	83.349281
723.07849	82.346703
723.12933	79.319618
723.18018	80.310173
723.23102	80.714279
723.2818	80.284218
723.33264	82.622002
723.38348	86.501152
723.43433	83.553413
723.48517	81.083939
723.53601	86.480721
723.58685	80.806786
723.63763	79.628204
723.68848	78.727715
723.73932	82.50325
723.79016	84.086647
723.841	80.701431
723.89185	89.331291
723.94269	77.663727
723.99347	75.841873
724.04431	82.18885
724.09515	74.792023
724.146	83.80233
724.19684	80.839836
724.24768	78.212936
724.29852	82.815628
724.3493	76.011536
724.40015	76.028419
724.45099	83.931007
724.50183	71.287506
724.55267	79.702377
724.60352	78.104836
724.65436	89.281868
724.70514	74.23835
724.75598	79.42067
724.80682	81.81839
724.85767	85.576134
724.90851	89.516914
724.95935	78.757149
725.01019	77.011719
725.06097	82.888832
725.11182	84
725.16266	73.385063
725.2135	80.661064
725.26434	79.84343
725.31519	84.470612
725.36603	90.611923
725.41681	81.444168
725.46765	82.460472
725.51849	84.732903
725.56934	90.748428
725.62018	85.253731
725.67102	77.845352
725.72186	80.092842
725.77264	82.672462
725.82349	83.656349
725.87433	85.939903
725.92517	81.32473
725.97601	81.110001
726.02686	83.619148
726.0777	81.035744
726.12848	79.587852
726.17932	83.424408
726.23016	84.889534
726.28101	79.635132
726.33185	83.491737
726.38269	90.005592
726.43353	83.366013
726.48431	84.483925
726.53516	86.656334
726.586	80.532089
726.63684	74.001427
726.68768	71.052979
726.73853	78.632553
726.78937	84.143417
726.84015	85.764542
726.89099	84.406586
726.94183	84.23243
726.99268	84.521385
727.04352	85.54496
727.09436	84.420715
727.1452	87.349625
727.19604	86.681282
727.24683	85.910683
727.29767	87.863289
727.34851	83.588348
727.39935	86.413025
727.4502	90.281754
727.50104	89.456673
727.55188	86.235077
727.60266	88.133087
727.6535	80.661018
727.70435	78.744598
727.75519	87.020004
727.80603	80.876579
727.85687	88.473717
727.90771	86
727.9585	86.456459
728.00934	87.742348
728.06018	81.800011
728.11102	92.600243
728.16187	82.209076
728.21271	84.748062
728.26355	91.849243
728.31433	89.940804
728.36517	88.18988
728.41602	75.411201
728.46686	83.931221
728.5177	82.168159
728.56854	89.113289
728.61938	99.003036
728.67017	88.143433
728.72101	81.169617
728.77185	90.647232
728.82269	88.142395
728.87354	87.069603
728.92438	78.638451
728.97522	82.592033
729.026	83.907059
729.07684	89.369644
729.12769	84.697449
729.17853	84.010216
729.22937	88.303909
729.28021	84.762962
729.33105	84.849068
729.38184	83.359528
729.43268	88.700676
729.48352	82.774872
729.53436	91.292557
729.58521	86.991379
729.63605	91.150162
729.68689	88.464638
729.73767	96.693596
729.78851	87.529381
729.83936	88.787361
729.8902	86.024643
729.94104	91.712463
729.99188	95.003654
730.04272	94.322403
730.09351	87.33461
730.14435	91.86412
730.19519	94.717705
730.24603	85.14949
730.29688	83.105606
730.34772	88.667534
730.39856	95.19278
730.44934	92.726021
730.50018	86.708893
730.55103	88.957626
730.60187	94.774429
730.65271	95.920296
730.70355	98.185059
730.75439	95.294563
730.80518	86.956734
730.85602	83.508713
730.90686	87.872284
730.9577	92.05616
731.00854	90.541496
731.05939	90.459297
731.11023	91.883652
731.16101	93
731.21185	92.580292
731.2627	89.139427
731.31354	88.185425
731.36438	88.759796
731.41522	84.635681
731.46606	87.906731
731.51691	85.297409
731.56769	86.065567
731.61853	90.342972
731.66937	94.213646
731.72021	98.2295
731.77106	90.521324
731.8219	88.159805
731.87274	90.732521
731.92352	89.473289
731.97437	89.28096
732.02521	92.280502
732.07605	89.559967
732.12689	88.272308
732.17773	89.504776
732.22858	91.676056
732.27936	92.260849
732.3302	85.924248
732.38104	90.622757
732.43188	91.630989
732.48273	85.835815
732.53357	95.045143
732.58441	90.567711
732.63519	99.049194
732.68604	90.863838
732.73688	81.800156
732.78772	92.082565
732.83856	88.922913
732.8894	96.665512
732.94025	92.947548
732.99103	86.754562
733.04187	91.244354
733.09271	94.148232
733.14355	96.894608
733.1944	89.97596
733.24524	89.327484
733.29608	81.196098
733.34686	88.440468
733.39771	82.69873
733.44855	91.865074
733.49939	93.169357
733.55023	102.20357
733.60107	93.040344
733.65192	79.291939
733.7027	90.473343
733.75354	100.22448
733.80438	93.226456
733.85522	91.271858
733.90607	94.007622
733.95691	87.665627
734.00775	91.098061
734.05853	91.055595
734.10938	92.521584
734.16022	94.040009
734.21106	89.037521
734.2619	89.737518
734.31274	93.512665
734.36359	91.074585
734.41437	91.47541
734.46521	95.910049
734.51605	91.977516
734.56689	94.236519
734.61774	92.333786
734.66858	97.061607
734.71942	97.680786
734.7702	98.523773
734.82104	102.47644
734.87189	97.20871
734.92273	100.09555
734.97357	98.537682
735.02441	94.979401
735.07526	95.218002
735.12604	95.513557
735.17688	96.872864
735.22772	94.692329
735.27856	95.434433
735.32941	95.794586
735.38025	100.42561
735.43109	100.13541
735.48193	90.877388
735.53271	86.698883
735.58356	96.724365
735.6344	101.79654
735.68524	98.301834
735.73608	98.804916
735.78693	96.718506
735.83777	94.793068
735.88855	95.313934
735.93939	97.603523
735.99023	96.510628
736.04108	94.47995
736.09192	99.448502
736.14276	100.57017
736.1936	101.54018
736.24438	103.41879
736.29523	100.97079
736.34607	98.820595
736.39691	95.931747
736.44775	96.249138
736.4986	96.298103
736.54944	104.50085
736.60022	97.767235
736.65106	96.063217
736.7019	91.211472
736.75275	88.60247
736.80359	94.580971
736.85443	102.94186
736.90527	95.169014
736.95605	103.0024
737.0069	102.60922
737.05774	96.235107
737.10858	102.81879
737.15942	105.21172
737.21027	104.44211
737.26111	103.48711
737.31189	107.84559
737.36273	103.72105
737.41357	104.73726
737.46442	106.83902
737.51526	104.40807
737.5661	108.09085
737.61694	105.54106
737.66772	103.90177
737.71857	100.30988
737.76941	98.111237
737.82025	102.91584
737.87109	104.53083
737.92194	101.98084
737.97278	101.41543
738.02356	108.35129
738.0744	107.59277
738.12524	105.30877
738.17609	98.440536
738.22693	110.50755
738.27777	113.66775
738.32861	110.01379
738.37939	108.78848
738.43024	110.86982
738.48108	108.92545
738.53192	109.19324
738.58276	103.15981
738.63361	104.795
738.68445	106.25496
738.73523	104.83857
738.78607	110.53944
738.83691	104.49136
738.88776	107.30555
738.9386	109.00063
738.98944	107.19079
739.04028	108.25526
739.09106	106.07119
739.14191	105.12399
739.19275	106.6673
739.24359	109.30487
739.29443	113.02225
739.34528	102.74718
739.39612	103.40051
739.4469	104.68053
739.49774	102.75451
739.54858	104.28398
739.59943	100.51201
739.65027	106.63488
739.70111	106.70513
739.75195	108.84092
739.8028	112.15859
739.85358	105.83411
739.90442	108.87345
739.95526	108.30284
740.0061	102.53127
740.05695	105.07558
740.10779	108.77638
740.15863	107.4279
740.20941	102.52825
740.26025	108.90579
740.3111	107.89695
740.36194	104.96457
740.41278	110.91088
740.46362	112.39727
740.51447	104.18314
740.56525	99.975769
740.61609	108.62999
740.66693	108.7101
740.71777	104.96465
740.76862	106.68461
740.81946	111.51561
740.8703	113.99017
740.92108	113.4595
740.97192	115.8608
741.02277	113.56697
741.07361	110.84189
741.12445	111.22601
741.17529	115.31903
741.22614	115.41178
741.27692	112.95089
741.32776	109.83326
741.3786	111.5327
741.42944	119.12337
741.48029	120.01672
741.53113	113.12611
741.58197	112.6535
741.63275	114.20871
741.68359	115.45361
741.73444	115.69009
741.78528	123.35886
741.83612	117.11977
741.88696	120.59601
741.93781	119.38832
741.98859	110.88273
742.03943	117.41941
742.09027	117.01051
742.14111	109.94025
742.19196	119.86739
742.2428	116.19261
742.29364	111.75466
742.34442	113.5742
742.39526	111.86979
742.44611	121.37434
742.49695	117.22293
742.54779	121.44857
742.59863	112.77897
742.64948	126.57267
742.70026	114.37741
742.7511	123.26974
742.80194	125.77257
742.85278	124.39759
742.90363	128.39091
742.95447	127.89711
743.00531	120.91706
743.05609	125.26848
743.10693	117.32944
743.15778	116.76219
743.20862	120.80635
743.25946	122.0597
743.3103	116.5454
743.36115	117.98531
743.41193	123.64877
743.46277	124.94099
743.51361	121.84717
743.56445	128.38977
743.6153	123.86232
743.66614	123.41903
743.71698	118.72716
743.76782	123.81424
743.8186	121.12109
743.86945	125.96333
743.92029	119.96319
743.97113	124.69237
744.02197	131.82071
744.07281	125.73795
744.12366	126.74299
744.17444	126.04485
744.22528	129.29173
744.27612	138.70578
744.32697	136.0295
744.37781	130.39153
744.42865	134.99068
744.47949	126.89549
744.53027	122.18401
744.58112	125.54236
744.63196	131.4223
744.6828	127.50381
744.73364	131.4978
744.78448	124.27445
744.83533	125.99548
744.88611	124.06383
744.93695	136.73723
744.98779	130.59647
745.03864	127.94315
745.08948	128.85178
745.14032	125.90433
745.19116	125.81572
745.24194	127.50247
745.29279	132.47879
745.34363	127.40421
745.39447	132.8399
745.44531	134.18765
745.49615	137.81287
745.547	137.70291
745.59778	139.17284
745.64862	143.66777
745.69946	145.41704
745.75031	136.86182
745.80115	137.96094
745.85199	131.42165
745.90283	130.98929
745.95361	132.96791
746.00446	139.51904
746.0553	140.27177
746.10614	138.0209
746.15698	132.66946
746.20782	132.7635
746.25867	139.90625
746.30945	136.80318
746.36029	140.81421
746.41113	140.11617
746.46198	135.24593
746.51282	132.34219
746.56366	150.4753
746.6145	145.5966
746.66528	130.59146
746.71613	136.31335
746.76697	132.11113
746.81781	143.65573
746.86865	145.01924
746.91949	137.74388
746.97034	137.18858
747.02112	142.83632
747.07196	136.8457
747.1228	138.04947
747.17365	144.18448
747.22449	139.46159
747.27533	141.52219
747.32617	144.70226
747.37695	139.04951
747.4278	143.77007
747.47864	142.47606
747.52948	143.2998
747.58032	147.93564
747.63116	140.68497
747.68201	137.67039
747.73279	149.6188
747.78363	143.08858
747.83447	145.18106
747.88531	151.28725
747.93616	142.68094
747.987	141.94724
748.03784	147.15257
748.08868	150.65665
748.13947	143.47276
748.19031	142.51596
748.24115	151.64999
748.29199	152.88663
748.34283	147.23048
748.39368	150.47578
748.44452	156.80986
748.4953	159.04601
748.54614	152.68997
748.59698	142.00308
748.64783	148.95201
748.69867	158.23001
748.74951	152.08517
748.80035	144.97034
748.85114	146.89056
748.90198	155.23959
748.95282	157.10022
749.00366	150.65265
749.0545	148.12636
749.10535	157.6315
749.15619	150.77051
749.20697	149.83951
749.25781	154.83873
749.30865	150.84232
749.3595	159.46626
749.41034	153.19441
749.46118	143.56615
749.51202	151.92163
749.56281	156.86761
749.61365	150.60252
749.66449	150.87155
749.71533	153.51671
749.76617	158.96378
749.81702	157.96016
749.86786	155.16429
749.91864	156.70427
749.96948	161.4565
750.02032	155.02844
750.07117	158.14087
750.12201	149.93944
750.17285	149.12636
750.22369	172.49326
750.27448	157.00876
750.32532	161.8839
750.37616	153.18639
750.427	166.82748
750.47784	166.8696
750.52869	175.20345
750.57953	152.76854
750.63031	159.59106
750.68115	162.5253
750.73199	169.02881
750.78284	177.65244
750.83368	164.45174
750.88452	167.70331
750.93536	168.47011
750.98615	174.45789
751.03699	142.54453
751.08783	183.57883
751.13867	162.37567
751.18951	151.48857
751.24036	155.47668
751.2912	178.42064
751.34198	165.2525
751.39282	169.38359
751.44366	160.46034
751.49451	175.96022
751.54535	154.36284
751.59619	156.24153
751.64703	166.46417
751.69781	164.74333
751.74866	161.29001
751.7995	173.95079
751.85034	161.0692
751.90118	165.47205
751.95203	164.26015
752.00287	168.42358
752.05365	173.40318
752.10449	179.20526
752.15533	184.85356
752.20618	172.16385
752.25702	166.90063
752.30786	168.6485
752.3587	170.65987
752.40955	165.6265
752.46033	174.59639
752.51117	166.88173
752.56201	168.47559
752.61285	173.97287
752.6637	174.49446
752.71454	173.73621
752.76538	175.8933
752.81616	175.67429
752.867	190.67145
752.91785	184.8519
752.96869	180.79929
753.01953	181.51289
753.07037	185.7585
753.12122	178.13576
753.172	179.6763
753.22284	175.10573
753.27368	177.59236
753.32452	175.41129
753.37537	176.65282
753.42621	180.55853
753.47705	173.51868
753.52783	175.06175
753.57867	187.2049
753.62952	184.21498
753.68036	182.72311
753.7312	190.32793
753.78204	185.33829
753.83289	186.66219
753.88367	192.87834
753.93451	195.40092
753.98535	194.97826
754.03619	188.5731
754.08704	189.66803
754.13788	193.62851
754.18872	193.06606
754.2395	185.12799
754.29034	180.89383
754.34119	182.63121
754.39203	184.15344
754.44287	183.81169
754.49371	176.54747
754.54456	179.71935
754.59534	190.41139
754.64618	197.47556
754.69702	188.59929
754.74786	198.70154
754.79871	195.00105
754.84955	195.54877
754.90039	179.24939
754.95117	196.6842
755.00201	202.51328
755.05286	198.01585
755.1037	199.45308
755.15454	185.27673
755.20538	197.87132
755.25623	199.03853
755.30701	206.52417
755.35785	172.42184
755.40869	201.02724
755.45953	214.35385
755.51038	196.78375
755.56122	205.69606
755.61206	197.61426
755.66284	198.21593
755.71368	203.50624
755.76453	210.45004
755.81537	207.29152
755.86621	192.10902
755.91705	207.80853
755.9679	198.09041
756.01868	204.94534
756.06952	204.0282
756.12036	205.06084
756.1712	216.75412
756.22205	207.87779
756.27289	200.79884
756.32373	178.02249
756.37457	214.63591
756.42535	202.24107
756.4762	197.14201
756.52704	183.51996
756.57788	198.24837
756.62872	219.40959
756.67957	213.13867
756.73041	189.82962
756.78119	202.31773
756.83203	211.22165
756.88287	194.93098
756.93372	206.34499
756.98456	202.7205
757.0354	200.79292
757.08624	191.99059
757.13702	202.55135
757.18787	207.47105
757.23871	213.01041
757.28955	213.17462
757.34039	196.67056
757.39124	204.30878
757.44208	232.5397
757.49286	230.01468
757.5437	214.64734
757.59454	208.38699
757.64539	209.90344
757.69623	202.61679
757.74707	205.95573
757.79791	195.20819
757.84869	194.97662
757.89954	206.9361
757.95038	213.56058
758.00122	219.78252
758.05206	219.92682
758.10291	223.7765
758.15375	215.22154
758.20453	215.98456
758.25537	216.12529
758.30621	206.21164
758.35706	216.28026
758.4079	222.34108
758.45874	208.35582
758.50958	200.23862
758.56036	217.48238
758.61121	214.74069
758.66205	212.61064
758.71289	214.89388
758.76373	217.37759
758.81458	218.54694
758.86542	217.37727
758.9162	231.00609
758.96704	231.86888
759.01788	219.3284
759.06873	225.28461
759.11957	221.12668
759.17041	222.26346
759.22125	238.93822
759.27203	230.93701
759.32288	217.58311
759.37372	212.57602
759.42456	218.16698
759.4754	231.84785
759.52625	230.83539
759.57709	226.42998
759.62787	230.79143
759.67871	233.11203
759.72955	228.03648
759.7804	225.58121
759.83124	227.33302
759.88208	232.61426
759.93292	233.35475
759.9837	231.49986
760.03455	228.11702
760.08539	234.06726
760.13623	241.36623
760.18707	244.72081
760.23792	238.95764
760.28876	240.68912
760.33954	237.879
760.39038	229.3549
760.44122	221.01003
760.49207	228.37611
760.54291	245.70422
760.59375	244.48613
760.64459	238.38928
760.69543	245.88087
760.74622	243.37849
760.79706	237.24609
760.8479	223.08662
760.89874	239.804
760.94958	245.89815
761.00043	238.19814
761.05127	241.35884
761.10205	241.6501
761.15289	230.98926
761.20374	244.80827
761.25458	241.59442
761.30542	245.26047
761.35626	236.73164
761.4071	244.52481
761.45789	227.65598
761.50873	254.1877
761.55957	234.79039
761.61041	257.40005
761.66125	246.76349
761.7121	254.45421
761.76294	252.17975
761.81372	247.02159
761.86456	252.69733
761.91541	246.56805
761.96625	226.8707
762.01709	256.17566
762.06793	232.04262
762.11877	249.79309
762.16956	260.60205
762.2204	258.99997
762.27124	258.61725
762.32208	241.28488
762.37292	235.14229
762.42377	273.70444
762.47461	257.71909
762.52539	266.5253
762.57623	236.43164
762.62708	243.9772
762.67792	260.76169
762.72876	265.685
762.7796	254.69624
762.83044	266.63361
762.88123	254.19136
762.93207	243.7251
762.98291	248.7831
763.03375	271.45776
763.08459	256.75781
763.13544	282.86447
763.18628	255.636
763.23706	257.2572
763.2879	259.44919
763.33875	266.23361
763.38959	272.53366
763.44043	260.63168
763.49127	265.15726
763.54211	263.50833
763.5929	261.03702
763.64374	269.50766
763.69458	271.7016
763.74542	277.27216
763.79626	261.26108
763.84711	266.87949
763.89795	290.23187
763.94873	274.66357
763.99957	264.78674
764.05042	270.30115
764.10126	274.16797
764.1521	279.59268
764.20294	280.52988
764.25378	294.08914
764.30457	278.09955
764.35541	284.69397
764.40625	279.85092
764.45709	277.57123
764.50793	285.85336
764.55878	266.02921
764.60962	264.30859
764.66046	274.98315
764.71124	284.11893
764.76208	277.5386
764.81293	283.64389
764.86377	291.45181
764.91461	287.07724
764.96545	276.89761
765.0163	281.27716
765.06708	285.8548
765.11792	275.79587
765.16876	282.75888
765.2196	278.93719
765.27045	280.09351
765.32129	284.70096
765.37213	285.60944
765.42291	270.88147
765.47375	263.92993
765.5246	280.33218
765.57544	285.12274
765.62628	284.40491
765.67712	281.69141
765.72797	272.14075
765.77875	283.3114
765.82959	295.29932
765.88043	282.37173
765.93127	280.00812
765.98212	293.39993
766.03296	289.35715
766.0838	298.57785
766.13458	302.49719
766.18542	306.92621
766.23627	310.422
766.28711	295.27942
766.33795	295.36603
766.38879	294.97592
766.43964	285.659
766.49042	294.77042
766.54126	315.74017
766.5921	301.1351
766.64294	283.17276
766.69379	294.74905
766.74463	301.85709
766.79547	290.13904
766.84625	302.19919
766.89709	297.93716
766.94794	294.64645
766.99878	309.10071
767.04962	309.43866
767.10046	310.42062
767.15131	319.31607
767.20209	304.60519
767.25293	310.04733
767.30377	294.25259
767.35461	294.17328
767.40546	311.81918
767.4563	314.29434
767.50714	314.87073
767.55792	319.21826
767.60876	313.09283
767.65961	308.66483
767.71045	324.4848
767.76129	314.0466
767.81213	316.51923
767.86298	322.73822
767.91376	309.28912
767.9646	321.5914
768.01544	318.85339
768.06628	321.30826
768.11713	325.45316
768.16797	306.875
768.21881	313.59717
768.26959	317.02206
768.32043	314.05365
768.37128	312.16714
768.42212	326.16827
768.47296	332.97937
768.5238	321.30875
768.57465	328.72519
768.62543	343.78677
768.67627	325.93823
768.72711	335.1358
768.77795	334.87598
768.8288	326.06842
768.87964	343.06943
768.93048	324.77594
768.98132	326.64355
769.0321	332.19525
769.08295	331.63318
769.13379	340.73672
769.18463	322.7879
769.23547	327.4642
769.28632	322.6908
769.33716	321.3735
769.38794	353.05142
769.43878	353.73538
769.48962	350.61383
769.54047	330.4321
769.59131	341.03607
769.64215	338.76224
769.69299	357.79675
769.74377	345.16544
769.79462	364.06091
769.84546	344.1124
769.8963	350.6554
769.94714	329.32947
769.99799	365.79166
770.04883	343.57718
770.09961	360.66183
770.15045	353.27689
770.20129	346.13522
770.25214	349.92029
770.30298	350.04947
770.35382	369.0152
770.40466	353.52686
770.45544	356.95129
770.50629	350.93027
770.55713	352.64108
770.60797	363.34058
770.65881	356.49777
770.70966	364.46161
770.7605	364.18387
770.81128	366.33502
770.86212	358.7851
770.91296	374.21631
770.96381	362.96078
771.01465	362.6817
771.06549	357.4512
771.11633	372.73245
771.16711	378.71683
771.21796	369.98035
771.2688	368.01086
771.31964	374.25742
771.37048	381.48654
771.42133	380.49854
771.47217	373.30563
771.52295	365.59222
771.57379	377.01077
771.62463	386.42267
771.67548	369.28796
771.72632	359.79999
771.77716	371.93982
771.828	387.0777
771.87878	380.10992
771.92963	365.70908
771.98047	380.84341
772.03131	400.96036
772.08215	389.54416
772.133	393.61984
772.18384	383.14764
772.23462	385.06006
772.28546	388.59961
772.3363	389.20837
772.38715	388.7471
772.43799	379.36163
772.48883	398.58142
772.53967	412.61877
772.59045	402.61716
772.6413	389.54239
772.69214	387.88455
772.74298	400.75027
772.79382	403.513
772.84467	398.06107
772.89551	393.09149
772.94635	394.91425
772.99713	397.96753
773.04797	397.18808
773.09882	403.93109
773.14966	412.91476
773.2005	405.44443
773.25134	404.65128
773.30219	413.36368
773.35297	414.16714
773.40381	404.96341
773.45465	413.27112
773.50549	427.80969
773.55634	437.32993
773.60718	428.96289
773.65802	413.1369
773.7088	421.03345
773.75964	412.51004
773.81049	417.2431
773.86133	421.73141
773.91217	420.53342
773.96301	433.13184
774.01385	426.47653
774.06464	426.49564
774.11548	428.58521
774.16632	419.28726
774.21716	413.9736
774.26801	424.37286
774.31885	425.45935
774.36969	420.63235
774.42047	427.29529
774.47131	433.98114
774.52216	436.15329
774.573	443.03333
774.62384	442.84854
774.67468	429.25571
774.72552	423.04379
774.77631	430.50314
774.82715	429.40765
774.87799	429.30661
774.92883	449.05862
774.97968	440.69443
775.03052	450.8418
775.08136	424.43466
775.13214	440.21143
775.18298	441.71533
775.23383	443.02756
775.28467	449.16336
775.33551	451.69666
775.38635	438.19153
775.43719	455.50372
775.48798	441.3685
775.53882	459.12543
775.58966	460.79443
775.6405	473.73801
775.69135	462.91406
775.74219	449.0087
775.79303	449.58429
775.84381	470.80917
775.89465	484.78036
775.9455	461.60422
775.99634	456.28503
776.04718	476.19781
776.09802	448.90982
776.14886	462.73904
776.19965	465.38852
776.25049	476.23172
776.30133	458.34326
776.35217	463.71286
776.40302	479.36282
776.45386	461.20239
776.5047	472.03119
776.55548	474.03705
776.60632	472.97705
776.65717	465.81015
776.70801	454.87573
776.75885	468.09961
776.80969	448.16177
776.86053	463.91977
776.91132	467.09796
776.96216	479.63348
777.013	484.18723
777.06384	468.82626
777.11469	470.06204
777.16553	480.45386
777.21637	489.52902
777.26721	484.03265
777.31799	487.53217
777.36884	482.8056
777.41968	489.62772
777.47052	499.08578
777.52136	505.39688
777.5722	493.56018
777.62305	476.89096
777.67383	501.66394
777.72467	482.01358
777.77551	489.98462
777.82635	501.51096
777.8772	506.2547
777.92804	512.87543
777.97888	506.57831
778.02966	506.29745
778.08051	511.35211
778.13135	497.6698
778.18219	502.61249
778.23303	523.2168
778.28387	511.64856
778.33472	520.91217
778.3855	507.4025
778.43634	517.44452
778.48718	526.07739
778.53802	529.47473
778.58887	530.38141
778.63971	550.36719
778.69055	531.67261
778.74133	527.52716
778.79218	513.95306
778.84302	506.15579
778.89386	534.63708
778.9447	530.90704
778.99554	512.68451
779.04639	510.68546
779.09717	518.09308
779.14801	506.86197
779.19885	520.94855
779.24969	524.49377
779.30054	522.38202
779.35138	523.11285
779.40222	536.21552
779.453	529.22437
779.50385	527.53021
779.55469	508.96588
779.60553	514.79047
779.65637	536.83069
779.70721	518.60889
779.75806	522.54803
779.80884	535.50391
779.85968	555.79199
779.91052	534.4873
779.96136	543.15369
780.01221	545.61957
780.06305	553.86255
780.11389	547.63202
780.16467	556.57172
780.21552	556.00696
780.26636	551.45776
780.3172	556.88501
780.36804	559.2027
780.41888	546.16229
780.46973	568.47278
780.52051	590.02631
780.57135	569.25848
780.62219	562.37054
780.67303	548.43274
780.72388	560.73334
780.77472	575.68872
780.82556	575.93091
780.87634	553.38806
780.92719	564.30426
780.97803	583.34521
781.02887	574.39233
781.07971	572.58856
781.13055	600.71967
781.1814	588.34979
781.23218	576.07678
781.28302	577.37433
781.33386	552.51196
781.3847	578.55896
781.43555	572.09729
781.48639	611.82544
781.53723	561.83643
781.58807	604.97491
781.63885	560.98047
781.6897	570.89697
781.74054	565.64978
781.79138	598.0415
781.84222	594.83301
781.89307	584.16254
781.94391	574.39178
781.99469	599.87329
782.04553	616.42316
782.09637	613.7475
782.14722	616.67017
782.19806	590.43317
782.2489	601.41632
782.29974	615.27191
782.35052	618.46661
782.40137	598.01398
782.45221	609.58618
782.50305	611.7226
782.55389	644.01221
782.60474	600.06592
782.65558	630.22302
782.70636	596.21997
782.7572	621.94995
782.80804	657.12207
782.85889	654.22107
782.90973	602.7934
782.96057	617.4386
783.01141	648.95996
783.06219	641.77429
783.11304	647.297
783.16388	655.12299
783.21472	657.33832
783.26556	667.65741
783.31641	646.34912
783.36725	647.53326
783.41803	657.53223
783.46887	627.67871
783.51971	628.33539
783.57056	630.09106
783.6214	639.07159
783.67224	638.95123
783.72308	658.75171
783.77386	645.15735
783.82471	639.94073
783.87555	644.99115
783.92639	629.98962
783.97723	630.22925
784.02808	665.92767
784.07892	666.46112
784.1297	670.35364
784.18054	693.13098
784.23138	669.99115
784.28223	631.92383
784.33307	634.61707
784.38391	651.69879
784.43475	660.32898
784.48553	658.00769
784.53638	652.85394
784.58722	661.94885
784.63806	678.52545
784.6889	685.81219
784.73975	664.97028
784.79059	672.41736
784.84137	671.57721
784.89221	702.57532
784.94305	696.73322
784.9939	684.96564
785.04474	687.51172
785.09558	694.18549
785.14642	693.52979
785.1972	697.54565
785.24805	679.21765
785.29889	685.15088
785.34973	722.53931
785.40057	723.81036
785.45142	704.40509
785.50226	665.70056
785.5531	697.03198
785.60388	719.22742
785.65472	717.74524
785.70557	714.7608
785.75641	718.11908
785.80725	716.6123
785.85809	717.66895
785.90894	726.68469
785.95972	713.03467
786.01056	687.23511
786.0614	728.64008
786.11224	749.09351
786.16309	712.0882
786.21393	722.86737
786.26477	720.46533
786.31555	717.84003
786.36639	717.90363
786.41724	718.67255
786.46808	712.13361
786.51892	684.56006
786.56976	701.3432
786.62061	731.69037
786.67139	731.0434
786.72223	733.46198
786.77307	747.23138
786.82391	746.33105
786.87476	734.15649
786.9256	703.508
786.97644	731.65405
787.02722	743.6449
787.07806	757.29871
787.12891	743.01666
787.17975	762.41278
787.23059	751.86707
787.28143	764.69653
787.33228	784.35614
787.38306	766.67548
787.4339	742.89471
787.48474	760.08142
787.53558	761.94873
787.58643	774.00824
787.63727	769.43585
787.68811	775.2962
787.73889	755.49951
787.78973	772.66113
787.84058	796.75507
787.89142	755.98248
787.94226	748.26074
787.9931	758.70581
788.04395	802.89838
788.09473	803.79126
788.14557	823.57117
788.19641	797.69586
788.24725	803.5296
788.2981	811.55444
788.34894	838.39655
788.39978	819.12946
788.45056	811.54303
788.5014	790.05255
788.55225	768.53033
788.60309	770.24133
788.65393	808.15771
788.70477	772.17206
788.75562	810.95288
788.8064	860.88824
788.85724	839.93811
788.90808	793.79987
788.95892	827.88562
789.00977	790.2522
789.06061	788.31488
789.11145	791.86279
789.16223	793.24457
789.21307	808
789.26392	817.52216
789.31476	882.85114
789.3656	853.69305
789.41644	871.67792
789.46729	840.422
789.51807	866.61652
789.56891	816.87274
789.61975	819.37897
789.67059	831.74945
789.72144	887.81329
789.77228	861.43103
789.82312	840.34161
789.87396	862.79364
789.92474	881.65833
789.97559	875.52325
790.02643	886.0672
790.07727	862.16083
790.12811	865.59534
790.17896	816.32703
790.2298	875.68158
790.28058	875.16479
790.33142	919.31366
790.38226	846.00336
790.43311	894.73822
790.48395	895.98975
790.53479	883.21521
790.58563	883.97827
790.63641	918.73883
790.68726	898.40277
790.7381	912.43115
790.78894	898.34589
790.83978	861.78973
790.89063	889.36865
790.94147	883.17786
790.99225	932.36322
791.04309	910.84711
791.09393	884.0094
791.14478	894.88605
791.19562	837.14581
791.24646	862.6427
791.2973	887.69086
791.34808	883.70117
791.39893	945.35773
791.44977	922.7226
791.50061	934.65204
791.55145	911.2005
791.60229	915.82874
791.65314	857.84192
791.70392	922.26208
791.75476	922.77997
791.8056	985.10083
791.85645	976.20453
791.90729	1004.195
791.95813	945.96539
792.00897	959.55469
792.05975	935.93585
792.1106	936.59808
792.16144	920.53632
792.21228	913.68536
792.26312	973.71429
792.31396	991.21747
792.36481	951.79761
792.41559	990.43463
792.46643	1001.1813
792.51727	977.38599
792.56812	980.35785
792.61896	983.54156
792.6698	976.76184
792.72064	993.3028
792.77142	998.01013
792.82227	991.12091
792.87311	997.789
792.92395	994.9541
792.97479	981.14386
793.02563	995.41858
793.07648	1039.1063
793.12726	1037.6556
793.1781	991.32373
793.22894	964.93347
793.27979	970.90051
793.33063	983.5025
793.38147	967.79608
793.43231	982.76788
793.48309	1006.584
793.53394	1008.0767
793.58478	1014.0154
793.63562	1010.8979
793.68646	994.38831
793.7373	983.30347
793.78815	996.3313
793.83899	976.20331
793.88977	993.55817
793.94061	1015.8745
793.99146	1036.958
794.0423	1046.0546
794.09314	1065.7073
794.14398	1046.3521
794.19482	1027.438
794.24561	1015.4275
794.29645	1009.3196
794.34729	999.20862
794.39813	1018.4168
794.44897	1040.1696
794.49982	1043.6982
794.55066	1041.303
794.60144	1028.5757
794.65228	1007.4258
794.70313	1041.9298
794.75397	1067.764
794.80481	1049.3978
794.85565	1044.9974
794.90649	1054.9882
794.95728	1073.6655
795.00812	1076.0468
795.05896	1056.2207
795.1098	1079.0996
795.16064	1085.2123
795.21149	1073.8043
795.26233	1070.0809
795.31311	1058.048
795.36395	1087.2319
795.41479	1105.8212
795.46564	1096
795.51648	1086.1658
795.56732	1107.6261
795.61816	1131.767
795.66895	1133.0542
795.71979	1135.9967
795.77063	1148.7411
795.82147	1114.4497
795.87231	1065.257
795.92316	1081.2537
795.974	1111.4965
796.02478	1121.9022
796.07562	1129.683
796.12646	1135.0211
796.17731	1148.9236
796.22815	1145.2963
796.27899	1114.6399
796.32983	1116.6937
796.38062	1103.8134
796.43146	1106.8657
796.4823	1117.23
796.53314	1084.1752
796.58398	1092.7968
796.63483	1135.3589
796.68567	1133.7664
796.73645	1163.6964
796.78729	1173.8843
796.83813	1151.7645
796.88898	1103.6226
796.93982	1086.5524
796.99066	1111.7979
797.0415	1148.0455
797.09229	1174.5665
797.14313	1160.1628
797.19397	1179.016
797.24481	1198.2703
797.29565	1176.1985
797.3465	1175.1698
797.39734	1144.6678
797.44812	1192.0651
797.49896	1198.9587
797.5498	1186.2277
797.60065	1180.1989
797.65149	1217.228
797.70233	1236.6658
797.75317	1238.8458
797.80396	1205.5768
797.8548	1219.6306
797.90564	1229.2665
797.95648	1238.0742
798.00732	1205.6448
798.05817	1230.5962
798.10901	1219.0049
798.15985	1238.7933
798.21063	1226.0605
798.26147	1222.9594
798.31232	1256.7965
798.36316	1253.1392
798.414	1209.9387
798.46484	1216.9473
798.51569	1221.9465
798.56647	1209.8965
798.61731	1177.6615
798.66815	1213.973
798.71899	1238.1404
798.76984	1273.0222
798.82068	1266.3367
798.87152	1247.9543
798.9223	1273.027
798.97314	1246.9109
799.02399	1217.4165
799.07483	1245.3545
799.12567	1249.4387
799.17651	1252.5859
799.22736	1278.2244
799.27814	1325.2781
799.32898	1292.9408
799.37982	1270.4067
799.43066	1268.7787
799.48151	1275.4417
799.53235	1266.4188
799.58319	1292.2942
799.63397	1279.1366
799.68481	1281.3154
799.73566	1285.7742
799.7865	1324.0571
799.83734	1384.7454
799.88818	1375.4935
799.93903	1356.7681
799.98981	1352.731
800.04065	1352.2954
800.09149	1293.1124
800.14233	1318.9808
800.19318	1372.3378
800.24402	1376.2433
800.29486	1381.6863
800.34564	1331.985
800.39648	1366.8656
800.44733	1375.9171
800.49817	1389.1029
800.54901	1369.719
800.59985	1391.9641
800.6507	1347.4135
800.70148	1366.8385
800.75232	1343.4275
800.80316	1320.7169
800.854	1397.6044
800.90485	1388.2386
800.95569	1375.0852
801.00653	1422.4543
801.05731	1413.9302
801.10815	1376.8662
801.159	1380.6891
801.20984	1408.1104
801.26068	1370.5243
801.31152	1364.8501
801.36237	1374.683
801.41315	1393.3147
801.46399	1412.5135
801.51483	1433.7007
801.56567	1465.8383
801.61652	1489.9436
801.66736	1420.8232
801.7182	1350.2788
801.76898	1349.42
801.81982	1385.6969
801.87067	1448.2928
801.92151	1477.4121
801.97235	1493.271
802.02319	1497.8329
802.07404	1490.0897
802.12488	1428.1521
802.17566	1429.8389
802.2265	1467.1476
802.27734	1492.2562
802.32819	1462.2786
802.37903	1447.2539
802.42987	1469.1837
802.48071	1522.8359
802.53149	1488.319
802.58234	1523.7026
802.63318	1529.1882
802.68402	1517.3923
802.73486	1540.8956
802.78571	1497.2271
802.83655	1527.2039
802.88733	1503.9885
802.93817	1533.0149
802.98901	1519.5894
803.03986	1520.3799
803.0907	1525.3668
803.14154	1573.8159
803.19238	1576.3265
803.24316	1571.9895
803.29401	1570.7034
803.34485	1556.4816
803.39569	1514.9136
803.44653	1509.5497
803.49738	1538.4257
803.54822	1540.1104
803.599	1575.5417
803.64984	1632.0393
803.70068	1605.2346
803.75153	1586.8328
803.80237	1559.9895
803.85321	1563.6332
803.90405	1550.2874
803.95483	1593.5309
804.00568	1506.3435
804.05652	1536.2773
804.10736	1572.8215
804.1582	1609.0769
804.20905	1607.8796
804.25989	1668.0753
804.31067	1650.4137
804.36151	1627.3881
804.41235	1573.2729
804.4632	1576.4818
804.51404	1550.9547
804.56488	1612.2443
804.61572	1681.5482
804.6665	1674.0024
804.71735	1635.9044
804.76819	1709.1714
804.81903	1688.2904
804.86987	1667.2142
804.92072	1645.7183
804.97156	1724.4929
805.02234	1677.7526
805.07318	1731.2842
805.12402	1654.444
805.17487	1734.074
805.22571	1724.7579
805.27655	1709.6876
805.32739	1713.458
805.37817	1739.0596
805.42902	1778.918
805.47986	1700.8464
805.5307	1718.3793
805.58154	1697.668
805.63239	1692.8795
805.68323	1724.1464
805.73401	1697.1958
805.78485	1752.7134
805.83569	1738.943
805.88654	1788.8795
805.93738	1792.484
805.98822	1803.3197
806.03906	1759.6936
806.08984	1728.2878
806.14069	1666.2128
806.19153	1693.0743
806.24237	1711.3878
806.29321	1777.1713
806.34406	1787.0671
806.3949	1825.3345
806.44574	1803.0861
806.49652	1802.516
806.54736	1710.7493
806.59821	1705.7676
806.64905	1740.9923
806.69989	1800.8895
806.75073	1800.2343
806.80157	1836.2137
806.85236	1837.2234
806.9032	1844.881
806.95404	1855.6957
807.00488	1851.8704
807.05573	1840.2606
807.10657	1830.0885
807.15741	1824.4919
807.20819	1819.5442
807.25903	1797.5093
807.30988	1840.2078
807.36072	1873.1511
807.41156	1906.5952
807.4624	1925.802
807.51324	1903.6031
807.56403	1916.4312
807.61487	1883.6595
807.66571	1861.0093
807.71655	1893.3257
807.7674	1936.5328
807.81824	1932.1003
807.86908	1950.2665
807.91986	1919.7805
807.9707	1971.735
808.02155	1949.7368
808.07239	1977.8315
808.12323	1986.2103
808.17407	1978.7014
808.22491	1945.4933
808.2757	1937.397
808.32654	1892.8806
808.37738	1939.4985
808.42822	1951.9216
808.47906	1946.5426
808.52991	1963.3374
808.58075	2001.5912
808.63153	1992.0559
808.68237	1997.743
808.73322	1967.496
808.78406	1986.316
808.8349	1961.697
808.88574	1897.7588
808.93658	1874.3729
808.98737	1939.36
809.03821	1999.6326
809.08905	2039.4994
809.13989	2050.4993
809.19073	2048.9036
809.24158	2008.3093
809.29242	1945.8801
809.3432	1891.7448
809.39404	1882.3754
809.44489	1996.3519
809.49573	2015.7061
809.54657	2036.201
809.59741	2050.6804
809.64825	2116.3853
809.69904	2072.0537
809.74988	2031.2179
809.80072	2032.0878
809.85156	2061.1362
809.9024	2079.6558
809.95325	2080.7256
810.00409	2054.7576
810.05487	2103.8804
810.10571	2102.0664
810.15656	2159.1519
810.2074	2115.032
810.25824	2171.6736
810.30908	2148.7905
810.35992	2129.0527
810.41071	2114.8008
810.46155	2165.8977
810.51239	2126.0574
810.56323	2188.4138
810.61407	2147.8091
810.66492	2176.5503
810.71576	2140.1809
810.7666	2220.9399
810.81738	2176.1838
810.86823	2218.3208
810.91907	2229.8181
810.96991	2209.5383
811.02075	2069.5872
811.07159	2061.0542
811.12244	2065.1938
811.17322	2197.0076
811.22406	2224.6921
811.2749	2215.0449
811.32574	2229.0276
811.37659	2253.3938
811.42743	2162.6724
811.47827	2137.7002
811.52905	2199.9375
811.5799	2182.79
811.63074	2167.2717
811.68158	2161.0947
811.73242	2168.0122
811.78326	2165.4861
811.83411	2248.4976
811.88489	2282.6807
811.93573	2322.0354
811.98657	2238.2004
812.03741	2285.4229
812.08826	2206.2864
812.1391	2162.8062
812.18994	2149.1682
812.24072	2265.3596
812.29156	2287.4399
812.34241	2399.7576
812.39325	2352.4648
812.44409	2402.6313
812.49493	2340.6868
812.54578	2319.3677
812.59656	2279.0503
812.6474	2347.6467
812.69824	2362.2341
812.74908	2398.9292
812.79993	2324.4612
812.85077	2399.6208
812.90161	2403.6938
812.95239	2495.386
813.00323	2441.1702
813.05408	2433.5366
813.10492	2410.1558
813.15576	2407.5342
813.2066	2399.5027
813.25745	2382.1428
813.30823	2399.4421
813.35907	2408.6443
813.40991	2494.3472
813.46075	2428.2869
813.5116	2488.9033
813.56244	2523.7437
813.61328	2503.3323
813.66406	2483.3662
813.7149	2499.9531
813.76575	2397.5134
813.81659	2350.5977
813.86743	2320.844
813.91827	2385.1167
813.96912	2341.4692
814.0199	2579.0374
814.07074	2536.8801
814.12158	2639.1265
814.17242	2547.9412
814.22327	2498.6458
814.27411	2351.7395
814.32495	2372.4507
814.37573	2354.77
814.42657	2506.9988
814.47742	2520.8562
814.52826	2565.54
814.5791	2596.8088
814.62994	2575.3108
814.68079	2562.686
814.73163	2586.9338
814.78241	2589.332
814.83325	2587.8779
814.88409	2551.8188
814.93494	2564.8081
814.98578	2610.0249
815.03662	2637.5176
815.08746	2719.532
815.13824	2735.6643
815.18909	2768.7766
815.23993	2747.2515
815.29077	2741.9834
815.34161	2628.6587
815.39246	2607.9712
815.4433	2607.3157
815.49408	2761.4519
815.54492	2708.7722
815.59576	2761.8555
815.64661	2732.5774
815.69745	2807.9834
815.74829	2742.8208
815.79913	2797.97
815.84991	2818.5444
815.90076	2843.865
815.9516	2748.2991
816.00244	2709.0586
816.05328	2706.925
816.10413	2731.4663
816.15497	2817.2988
816.20575	2852.5967
816.25659	2802.6111
816.30743	2763.606
816.35828	2793.0129
816.40912	2827.3745
816.45996	2830.6238
816.5108	2729.1187
816.56158	2768.7551
816.61243	2669.9109
816.66327	2705.9775
816.71411	2628.2532
816.76495	2775.8254
816.8158	2878.0891
816.86664	2914.3325
816.91742	2886.53
816.96826	2949.769
817.0191	2819.9292
817.06995	2749.3918
817.12079	2618.1079
817.17163	2722.0837
817.22247	2760.9333
817.27325	2904.6279
817.3241	2935.3792
817.37494	2959.8171
817.42578	3058.9141
817.47662	2957.2615
817.52747	2966.5239
817.57831	2854.928
817.62909	2925.4707
817.67993	2976.8489
817.73077	2989.853
817.78162	2927.5837
817.83246	2998.4597
817.8833	2987.7722
817.93414	3090.1809
817.98492	3043.3003
818.03577	3118.6733
818.08661	3024.5957
818.13745	3053.5374
818.18829	2998.4116
818.23914	2996.3752
818.28998	3005.0486
818.34076	3115.7322
818.3916	3062.6411
818.44244	3019.9998
818.49329	3019.5356
818.54413	3105.7905
818.59497	3155.9871
818.64581	3198.3188
818.69659	3218.4321
818.74744	3132.0383
818.79828	3046.8496
818.84912	2967.2307
818.89996	3035.6814
818.95081	3050.3513
819.00165	3164.7266
819.05249	3166.6331
819.10327	3205.874
819.15411	3191.9602
819.20496	3178.4524
819.2558	3023.4729
819.30664	3029.1611
819.35748	3021.8152
819.40833	3084.9856
819.45911	3112.2842
819.50995	3130.6821
819.56079	3086.8948
819.61163	3151.8274
819.66248	3193.5889
819.71332	3210.3743
819.76416	3263.4204
819.81494	3282.2109
819.86578	3218.5918
819.91663	3147.6538
819.96747	3142.6104
820.01831	3102.4751
820.06915	3254.5027
820.12	3368.1851
820.17078	3462.856
820.22162	3412.2231
820.27246	3411.7585
820.3233	3388.9912
820.37415	3349.7666
820.42499	3244.1155
820.47583	3291.2344
820.52661	3389.7156
820.57745	3427.0222
820.6283	3405.5059
820.67914	3451.3411
820.72998	3498.9546
820.78082	3479.9517
820.83167	3438.0098
820.88245	3451.2161
820.93329	3528.8882
820.98413	3482.3794
821.03497	3433.3367
821.08582	3389.3218
821.13666	3481.0024
821.1875	3458.6702
821.23828	3468.5645
821.28912	3434.6475
821.33997	3482.7356
821.39081	3537.3396
821.44165	3567.7087
821.49249	3559.0754
821.54333	3571.127
821.59412	3520.7524
821.64496	3395.345
821.6958	3290.2207
821.74664	3282.7319
821.79749	3345.6697
821.84833	3499.0168
821.89917	3643.6316
821.94995	3684.6255
822.00079	3734.6536
822.05164	3544.5813
822.10248	3401.1211
822.15332	3310.7676
822.20416	3309.7373
822.255	3444.2678
822.30579	3613.5139
822.35663	3641.5684
822.40747	3675.2314
822.45831	3688.0266
822.50916	3655.9438
822.56	3664.4001
822.61084	3614.6665
822.66162	3623.9126
822.71246	3661.5554
822.76331	3607.1338
822.81415	3564.2534
822.86499	3624.4309
822.91583	3677.9734
822.96667	3824.3567
823.01752	3940.3916
823.0683	3940.2424
823.11914	3890.3652
823.16998	3865.7336
823.22083	3783.9658
823.27167	3748.4873
823.32251	3806.0078
823.37335	3889.0259
823.42413	3911.2075
823.47498	3833.7976
823.52582	3840.2832
823.57666	3889.8508
823.6275	3960.8357
823.67834	3988.9275
823.72919	3949.8616
823.77997	3881.8499
823.83081	3855.262
823.88165	3827.6086
823.9325	3823.8174
823.98334	3810.3884
824.03418	3876.1487
824.08502	3900.4075
824.1358	3927.072
824.18665	3979.8975
824.23749	3942.376
824.28833	3916.707
824.33917	3862.3596
824.39001	3869.6125
824.44086	3901.0847
824.49164	3898.7671
824.54248	3735.8782
824.59332	3653.7285
824.64417	3697.9636
824.69501	3853.2881
824.74585	4063.9241
824.79669	4200.9634
824.84747	4162.8506
824.89832	4037.9785
824.94916	3894.9165
825	3734.5208
825.05084	3707.6936
825.10168	3741.4451
825.15253	3942.6843
825.20331	4086.6123
825.25415	4154.978
825.30499	4177.6187
825.35583	4205.249
825.40668	4151.7388
825.45752	4078.9221
825.50836	3964.8918
825.55914	4040.0708
825.60999	4138.0903
825.66083	4229.1807
825.71167	4224.042
825.76251	4176.7661
825.81335	4287.9346
825.8642	4284.5464
825.91498	4277.9209
825.96582	4292.2471
826.01666	4332.0933
826.0675	4289.1479
826.11835	4262.7485
826.16919	4181.5737
826.22003	4208.1089
826.27081	4251.8315
826.32166	4300.6719
826.3725	4265.7339
826.42334	4223.1187
826.47418	4290.7993
826.52502	4384.292
826.57587	4425.2222
826.62665	4395.5942
826.67749	4374.0898
826.72833	4234.6714
826.77917	4122.356
826.83002	4053.1309
826.88086	4083.7056
826.9317	4197.1523
826.98248	4368.2188
827.03333	4389.0674
827.08417	4455.5278
827.13501	4397.5513
827.18585	4223.0801
827.23669	4126.8208
827.28754	4100.3569
827.33838	4177.1982
827.38916	4148.2236
827.44	4188.3594
827.49084	4221.2231
827.54169	4275.1362
827.59253	4326.7197
827.64337	4406.8833
827.69421	4385.7349
827.745	4499.771
827.79584	4439.0767
827.84668	4386.8521
827.89752	4212.7959
827.94836	4069.0779
827.99921	4192.8032
828.05005	4445.4028
828.10083	4589.73
828.15167	4628.624
828.20251	4696.2983
828.25336	4606.6509
828.3042	4583.8955
828.35504	4459.1328
828.40588	4434.3159
828.45667	4450.6421
828.50751	4630.9146
828.55835	4660.0127
828.60919	4587.853
828.66003	4535.1982
828.71088	4654.1313
828.76172	4728.8008
828.8125	4687.4019
828.86334	4749.3633
828.91418	4750.8071
828.96503	4766.4634
829.01587	4683.2354
829.06671	4553.2661
829.11755	4569.7153
829.16833	4729.3584
829.21918	4683.3872
829.27002	4624.0112
829.32086	4649.48
829.3717	4679.2881
829.42255	4756.8047
829.47339	4816.6011
829.52417	4804.3296
829.57501	4753.2578
829.62585	4712.4536
829.6767	4509.7998
829.72754	4397.5249
829.77838	4327.2656
829.82922	4555.9736
829.88	4784.3721
829.93085	4978.8008
829.98169	4990.3433
830.03253	4937.9155
830.08337	4774.7788
830.13422	4555.4028
830.18506	4412.5503
830.23584	4449.4434
830.28668	4617.4873
830.33752	4779.8555
830.38837	4860.3916
830.43921	4867.9536
830.49005	4926.2852
830.54089	4862.4702
830.59167	4846.5845
830.64252	4806.9658
830.69336	4903.7505
830.7442	4941.8008
830.79504	4859.5957
830.84589	4760.1079
830.89673	4794.0796
830.94751	4942.3018
830.99835	5123.7979
831.04919	5178.3569
831.10004	5174.5376
831.15088	5249.4429
831.20172	5200.4551
831.25256	5074.4321
831.30341	5007.1548
831.35419	5069.6367
831.40503	5170.7007
831.45587	5228.0776
831.50671	5144.561
831.55756	5110.2217
831.6084	5169.4888
831.65924	5297.4663
831.71002	5309.0229
831.76086	5291.835
831.81171	5394.1328
831.86255	5300.8584
831.91339	5192.2412
831.96423	5042.1211
832.01508	5001.4653
832.06586	5092.3091
832.1167	5243.8203
832.16754	5322.814
832.21838	5361.0786
832.26923	5371.6582
832.32007	5323.6421
832.37091	5281.6343
832.42169	5180.1567
832.47253	5196.3936
832.52338	5133.2021
832.57422	5090.3525
832.62506	4990.7178
832.6759	4940.1787
832.72675	4973.835
832.77753	5225.4741
832.82837	5467.8618
832.87921	5570.0732
832.93005	5568.0259
832.9809	5418.4053
833.03174	5247.3086
833.08258	5000.479
833.13336	4936.9141
833.1842	5086.6982
833.23505	5360.7075
833.28589	5567.9497
833.33673	5725.3848
833.38757	5727.3516
833.43842	5723.085
833.4892	5558.8311
833.54004	5427.6494
833.59088	5359.6357
833.64172	5453.877
833.69257	5626.0259
833.74341	5621.4121
833.79425	5613.123
833.84503	5629.9033
833.89587	5796.71
833.94672	5877.4434
833.99756	5892.8203
834.0484	5857.9512
834.09924	5879.5107
834.15009	5909.9648
834.20087	5819.2256
834.25171	5688.4526
834.30255	5712.9546
834.35339	5841.1294
834.40424	5851.5747
834.45508	5797.772
834.50592	5744.2842
834.5567	5882.4941
834.60754	5961.6025
834.65839	6064.0581
834.70923	6065.6011
834.76007	6065.2998
834.81091	5959.8052
834.86176	5730.2905
834.91254	5479.5068
834.96338	5454.458
835.01422	5629.687
835.06506	5786.2183
835.11591	6050.0752
835.16675	6144.0112
835.21759	6180.1597
835.26837	6002.8828
835.31921	5827.417
835.37006	5601.998
835.4209	5524.6558
835.47174	5684.0044
835.52258	5781.4346
835.57343	5794.5171
835.62427	5770.9761
835.67505	5857.5879
835.72589	5948.0801
835.77673	6120.6714
835.82758	6112.1909
835.87842	6137.6563
835.92926	6088.0049
835.9801	5981.5142
836.03088	5750.6558
836.08173	5617.3135
836.13257	5754.0039
836.18341	6024.4468
836.23425	6381.0298
836.2851	6475.4312
836.33594	6549.4614
836.38672	6480.0649
836.43756	6407.5474
836.4884	6191.7368
836.53925	6095.0322
836.59009	6187.9048
836.64093	6381.3491
836.69177	6471.2231
836.74255	6455.5127
836.7934	6476.042
836.84424	6511.4238
836.89508	6655.5928
836.94592	6591.606
836.99677	6586.8501
837.04761	6594.7163
837.09839	6643.7432
837.14923	6478.8979
837.20007	6312.9688
837.25092	6293.8096
837.30176	6413.0918
837.3526	6574.333
837.40344	6471.3164
837.45422	6440.9653
837.50507	6476.4453
837.55591	6644.7036
837.60675	6658.5317
837.65759	6702.0156
837.70844	6608.0337
837.75928	6552.7949
837.81006	6388.353
837.8609	6082.0205
837.91174	5906.1123
837.96259	5996.7729
838.01343	6423.4722
838.06427	6701.7861
838.11511	6972.0117
838.16589	6928.5571
838.21674	6837.6631
838.26758	6484.0098
838.31842	6106.2603
838.36926	5945.626
838.4201	6112.9429
838.47095	6413.2305
838.52173	6599.1597
838.57257	6799.8223
838.62341	6816.8315
838.67426	6919.3867
838.7251	6745.6074
838.77594	6704.1777
838.82678	6601.0825
838.87756	6699.4077
838.92841	6732.1875
838.97925	6666.457
839.03009	6627.6323
839.08093	6609.6455
839.13177	6823.2402
839.18262	6955.4272
839.2334	7176.5811
839.28424	7176.1982
839.33508	7276.8784
839.38593	7209.8232
839.43677	7111.0054
839.48761	6968.8047
839.53845	6883.4434
839.58929	7056.5303
839.64008	7109.2124
839.69092	7163.9043
839.74176	6916.0522
839.7926	7077.9272
839.84344	7186.9121
839.89429	7385.4126
839.94513	7349.5181
839.99591	7359.0112
840.04675	7386.4595
840.0976	7214.4951
840.14844	6974.4546
840.19928	6647.5972
840.25012	6713.9004
840.30096	6881.562
840.35175	7237.7793
840.40259	7197.6851
840.45343	7249.0435
840.50427	7175.1089
840.55511	7207.7183
840.60596	7131.5361
840.6568	6895.5103
840.70758	7023.4722
840.75842	6907.8228
840.80927	6910.2808
840.86011	6679.272
840.91095	6693.811
840.96179	6759.8594
841.01263	7154.6084
841.06342	7458.7847
841.11426	7587.2456
841.1651	7665.1909
841.21594	7429.5098
841.26678	7147.6646
841.31763	6599.1611
841.36847	6575.2915
841.41925	6713.5278
841.47009	7212.501
841.52094	7509.4121
841.57178	7761.731
841.62262	7825.8901
841.67346	7684.6514
841.7243	7595.0063
841.77509	7217.189
841.82593	7265.3076
841.87677	7280.9121
841.92761	7646.9102
841.97845	7564.2046
842.0293	7583.2163
842.08014	7610.8721
842.13092	7726.0176
842.18176	7896.4331
842.2326	7812.6372
842.28345	8046.3076
842.33429	7883.3179
842.38513	8030.54
842.43597	7813.6426
842.48676	7749.0059
842.5376	7585.0112
842.58844	7822.0107
842.63928	7953.6963
842.69012	7736.4004
842.74097	7801.4219
842.79181	7760.7256
842.84259	8024.1226
842.89343	8061.9043
842.94427	8246.083
842.99512	8161.6074
843.04596	8169.9897
843.0968	7964.272
843.14764	7471.2559
843.19843	7206.9805
843.24927	7089.5361
843.30011	7527.8916
843.35095	7822.1367
843.40179	8266.1904
843.45264	8150.5391
843.50348	8307.1035
843.55426	8041.8389
843.6051	7629.5615
843.65594	7330.7588
843.70679	7228.5171
843.75763	7481.4199
843.80847	7554.855
843.85931	7785.2354
843.91016	7698.5068
843.96094	7962.4077
844.01178	8025.4878
844.06262	8142.7749
844.11346	8170.7085
844.16431	8148.1689
844.21515	8281.0645
844.26599	7920.2432
844.31677	7721.1226
844.36761	7349.6064
844.41846	7686.9941
844.4693	7934.2607
844.52014	8403.6494
844.57098	8664.3271
844.62183	8873.7197
844.67261	8875.7197
844.72345	8492.4443
844.77429	8388.5537
844.82513	8028.9458
844.87598	8175.4497
844.92682	8312.835
844.97766	8685.0869
845.02844	8557.5098
845.07928	8523.4707
845.13013	8734.1855
845.18097	8791.2539
845.23181	8978.4023
845.28265	8680.6553
845.3335	9080.9697
845.38428	8918.6162
845.43512	8976.6504
845.48596	8652.0459
845.5368	8376.9932
845.58765	8415.4229
845.63849	8449.2275
845.68933	8768.4131
845.74011	8580.5059
845.79095	8710.8916
845.8418	8633.874
845.89264	8894.6348
845.94348	8877.8066
845.99432	8855.2256
846.04517	8890.6768
846.09595	8641.874
846.14679	8639.5234
846.19763	7884.2441
846.24847	7810.9961
846.29932	7937.0259
846.35016	8682.6807
846.401	8965.9717
846.45178	9388.7412
846.50262	9437.4727
846.55347	9123.5781
846.60431	8894.3135
846.65515	7991.7734
846.70599	7868.3691
846.75684	7876.2671
846.80762	8472.2002
846.85846	8718.3125
846.9093	9052.873
846.96014	9211.0127
847.01099	9222.5127
847.06183	9367.625
847.11267	8872.7891
847.16345	8881.4707
847.21429	8612.9297
847.26514	9061.3027
847.31598	9041.457
847.36682	8843.4092
847.41766	8748.5811
847.46851	9019.2881
847.51929	9527.7061
847.57013	9452.4541
847.62097	9752.8125
847.67181	9623.8633
847.72266	9836.6787
847.7735	9672.9326
847.82434	9414.1416
847.87512	9230.4092
847.92596	9233.6123
847.97681	9670.3799
848.02765	9548.0586
848.07849	9596.2588
848.12933	9256.9766
848.18018	9573.5459
848.23102	9740.4365
848.2818	10052.068
848.33264	9925.1572
848.38348	9941.4492
848.43433	9935.1484
848.48517	9454.5352
848.53601	9316.9131
848.58685	8795.0781
848.63763	9031.7441
848.68848	9247.3496
848.73932	9692.3916
848.79016	9814.583
848.841	9621.54
848.89185	9929.3086
848.94269	9592.1289
848.99347	9529.9795
849.04431	9053.2432
849.09515	9203.8838
849.146	9232.8662
849.19684	9195.0586
849.24768	9023.6846
849.29852	8641.9629
849.3493	9022.6172
849.40015	9448.7715
849.45099	10084.266
849.50183	10080.973
849.55267	10192.883
849.60352	9958.0039
849.65436	9541.3994
849.70514	9092.6006
849.75598	8427.8125
849.80682	8721.1523
849.85767	9067.4482
849.90851	10003.886
849.95935	10157.007
850.01019	10395.382
850.06097	10406.725
850.11182	10186.515
850.16266	10076.354
850.2135	9479.8682
850.26434	9616.7979
850.31519	9711.1045
850.36603	10235.407
850.41681	10149.95
850.46765	10071.073
850.51849	10202.295
850.56934	10430.188
850.62018	10664.005
850.67102	10456.249
850.72186	10606.002
850.77264	10521.825
850.82349	10871.897
850.87433	10553.443
850.92517	10137.82
850.97601	10093.301
851.02686	10269.586
851.0777	10606.685
851.12848	10243.182
851.17932	10275.536
851.23016	9966.6094
851.28101	10469.999
851.33185	10814.938
851.38269	10894.681
851.43353	10932.363
851.48431	10673.311
851.53516	10643.906
851.586	9793.7773
851.63684	9468.1045
851.68768	9172.502
851.73853	9683.9121
851.78937	10395.947
851.84015	10911.887
851.89099	11143.172
851.94183	10942.212
851.99268	10857.746
852.04352	10139.437
852.09436	9724.0654
852.1452	9370.5098
852.19604	9641.0166
852.24683	10026.19
852.29767	10031.253
852.34851	10348.748
852.39935	10185.426
852.4502	10652.308
852.50104	10685.123
852.55188	10735.338
852.60266	10558.221
852.6535	10715.825
852.70435	10762.981
852.75519	10376.802
852.80603	10043.495
852.85687	9737.0996
852.90771	10429.32
852.9585	10896.811
853.00934	11327.605
853.06018	11522.874
853.11102	11602.966
853.16187	11618.96
853.21271	11224.486
853.26355	11003.487
853.31433	10614.962
853.36517	10898.765
853.41602	11126.701
853.46686	11415.631
853.5177	11452.524
853.56854	11141.115
853.61938	11464.985
853.67017	11562.065
853.72101	11853.979
853.77185	11648.925
853.82269	11767.72
853.87354	11844.733
853.92438	11737.888
853.97522	11288.904
854.026	10754.047
854.07684	11001.438
854.12769	11217.807
854.17853	11513.842
854.22937	11269.566
854.28021	11174.254
854.33105	11492.631
854.38184	11615.704
854.43268	11827.369
854.48352	11520.827
854.53436	11614.524
854.58521	11469.674
854.63605	11162.927
854.68689	10644.359
854.73767	10074.039
854.78851	10165.316
854.83936	10615.586
854.8902	11616.017
854.94104	12027.784
854.99188	12486.805
855.04272	12223.012
855.09351	11628.832
855.14435	10873.456
855.19519	9979.4121
855.24603	10003.473
855.29688	10356.9
855.34772	11205.305
855.39856	11724.196
855.44934	12079.762
855.50018	12111.512
855.55103	12041.057
855.60187	11981.332
855.65271	11425.623
855.70355	11375.427
855.75439	11427.535
855.80518	11809.756
855.85602	11749.601
855.90686	11444.045
855.9577	11428.057
856.00854	11802.169
856.05939	12432.798
856.11023	12523.267
856.16101	12618.816
856.21185	12617.313
856.2627	12870.963
856.31354	12657.594
856.36438	12244.796
856.41522	12175.513
856.46606	12101.921
856.51691	12495.76
856.56769	12493.741
856.61853	12346.606
856.66937	12130.46
856.72021	12338.971
856.77106	12798.174
856.8219	12979.241
856.87274	13120.899
856.92352	13054.431
856.97437	12962.963
857.02521	12440.68
857.07605	11843.668
857.12689	11182.095
857.17773	11102.048
857.22858	11772.97
857.27936	12266.691
857.3302	12652.254
857.38104	12597.813
857.43188	12683.397
857.48273	12459.591
857.53357	12031.224
857.58441	11771.347
857.63519	11593.239
857.68604	11776.696
857.73688	11759.713
857.78772	11694.36
857.83856	11260.274
857.8894	11314.214
857.94025	11735.724
857.99103	12201.79
858.04187	12887.267
858.09271	12940.994
858.14355	12936.668
858.1944	12486.986
858.24524	11848.188
858.29608	11083.313
858.34686	10669.834
858.39771	11140.14
858.44855	12049.122
858.49939	12950.07
858.55023	13276.501
858.60107	13519.949
858.65192	13304.256
858.7027	12973.773
858.75354	12385.239
858.80438	11889.201
858.85522	12084.585
858.90607	12434.417
858.95691	13043.114
859.00775	12889.63
859.05853	12803.329
859.10938	12860.959
859.16022	13289.482
859.21106	13640.911
859.2619	13245.291
859.31274	13326.839
859.36359	13369.401
859.41437	13598.111
859.46521	13397.443
859.51605	12905.182
859.56689	12821.064
859.61774	12806.517
859.66858	13251.221
859.71942	12875.494
859.7702	12670.319
859.82104	12541.352
859.87189	13011.736
859.92273	13626.661
859.97357	13578.686
860.02441	13757.06
860.07526	13507.471
860.12604	13283.291
860.17688	12472.695
860.22772	11663.765
860.27856	11261.782
860.32941	11499.537
860.38025	12601.55
860.43109	13117.201
860.48193	13863.992
860.53271	13858.486
860.58356	13647.333
860.6344	13233.958
860.68524	12074.953
860.73608	11484.983
860.78693	11265.11
860.83777	11955.861
860.88855	12408.533
860.93939	12660.361
860.99023	12773.458
861.04108	12815.946
861.09192	13306.134
861.14276	13132.874
861.1936	13115.252
861.24438	12851.421
861.29523	13016.922
861.34607	12999.263
861.39691	12458.793
861.44775	12327.628
861.4986	11957.711
861.54944	12664.605
861.60022	13282.53
861.65106	14062.327
861.7019	14199.596
861.75275	14073.33
861.80359	14377.144
861.85443	13753.208
861.90527	13434.577
861.95605	12825.377
862.0069	13210.547
862.05774	13657.682
862.10858	13815.119
862.15942	13967.52
862.21027	13404.229
862.26111	14004.929
862.31189	14072.271
862.36273	14267.867
862.41357	14260.055
862.46442	13941.149
862.51526	14495.776
862.5661	13939.922
862.61694	13950.517
862.66772	12911.279
862.71857	12866.955
862.76941	13270.079
862.82025	13524.616
862.87109	13869.476
862.92194	13448.784
862.97278	13726.288
863.02356	13669.168
863.0744	13978.217
863.12524	13869.284
863.17609	13429.84
863.22693	13911.543
863.27777	13338.48
863.32861	12954.557
863.37939	12052.935
863.43024	11651.146
863.48108	12173.907
863.53192	12920.655
863.58276	14282.148
863.63361	14346.849
863.68445	14904.25
863.73523	14595.862
863.78607	13715.628
863.83691	12682.549
863.88776	11497.137
863.9386	11653.974
863.98944	12043.182
864.04028	13431.323
864.09106	14032.416
864.14191	14385.578
864.19275	14578.807
864.24359	14324.601
864.29443	14283.461
864.34528	13421.342
864.39612	13263.788
864.4469	13190.563
864.49774	13862.967
864.54858	14260.973
864.59943	13614.648
864.65027	13769.139
864.70111	13755.674
864.75195	14592.43
864.8028	14959.895
864.85358	14819.15
864.90442	15065.989
864.95526	14799.14
865.0061	15271.086
865.05695	14521.146
865.10779	14149.112
865.15863	13974.15
865.20941	14404.963
865.26025	15178.808
865.3111	14391.926
865.36194	14347.801
865.41278	14071.852
865.46362	14732.166
865.51447	15343.292
865.56525	15250.225
865.61609	15490.933
865.66693	15116.819
865.71777	15304.489
865.76862	14250.815
865.81946	13421.739
865.8703	12934.153
865.92108	12905.164
865.97192	14002.441
866.02277	14423.898
866.07361	15205.616
866.12445	14930.696
866.17529	14898.096
866.22614	14942.204
866.27692	14025.216
866.32776	13605.473
866.3786	13035.388
866.42944	13523.751
866.48029	13708.5
866.53113	13566.545
866.58197	13325.479
866.63275	13087.395
866.68359	13929.908
866.73444	14355.17
866.78528	15046.42
866.83612	15248.636
866.88696	15129.951
866.93781	15060.911
866.98859	13946.364
867.03943	13223.906
867.09027	12431.875
867.14111	12792.797
867.19196	13714.465
867.2428	14890.837
867.29364	15986.357
867.34442	15941.588
867.39526	16115.73
867.44611	15575.687
867.49695	14945.633
867.54779	14269.126
867.59863	13669.342
867.64948	14428.225
867.70026	15028.132
867.7511	15478.55
867.80194	15174.52
867.85278	15103.644
867.90363	15545.251
867.95447	15726.084
868.00531	15990.188
868.05609	15615.577
868.10693	15735.207
868.15778	15956.686
868.20862	15939.766
868.25946	15674.783
868.3103	14862.283
868.36115	14955.804
868.41193	15197.886
868.46277	15439.656
868.51361	15214.966
868.56445	14744.138
868.6153	14959.667
868.66614	15260.943
868.71698	15974.729
868.76782	16042.049
868.8186	15955.34
868.86945	15874.471
868.92029	15407.546
868.97113	14715.408
869.02197	13378.334
869.07281	12802.28
869.12366	13227.721
869.17444	14270.494
869.22528	15518.745
869.27612	16082.608
869.32697	16485.004
869.37781	16025.831
869.42865	15322.547
869.47949	14256.365
869.53027	13129.768
869.58112	12779.415
869.63196	13252.101
869.6828	14339.794
869.73364	14712.61
869.78448	14891.599
869.83533	15032.172
869.88611	15234.033
869.93695	15390.206
869.98779	15037.68
870.03864	14881.236
870.08948	14804.788
870.14032	15040.896
870.19116	14979.075
870.24194	14253.128
870.29279	13937.039
870.34363	14039.104
870.39447	15010.667
870.44531	15863.273
870.49615	16322.507
870.547	16431.443
870.59778	16384.725
870.64862	16491.133
870.69946	15771.638
870.75031	15101.904
870.80115	14721.229
870.85199	15004.542
870.90283	15867.544
870.95361	16057.373
871.00446	15819.005
871.0553	15382.469
871.10614	15731.804
871.15698	16216.981
871.20782	16302.871
871.25867	16390.441
871.30945	16163.282
871.36029	16378.035
871.41113	16195.655
871.46198	15616.194
871.51282	14824.286
871.56366	14269.59
871.6145	14706.455
871.66528	15258.649
871.71613	15620.589
871.76697	15302.263
871.81781	15165.804
871.86865	15469.135
871.91949	15372.211
871.97034	15391.684
872.02112	14945.071
872.07196	14967.136
872.1228	14907.023
872.17365	14369.367
872.22449	13719.528
872.27533	12844.35
872.32617	13044.102
872.37695	13729.119
872.4278	14851.944
872.47864	15893.963
872.52948	16138.884
872.58032	16270.545
872.63116	15432.811
872.68201	14326.626
872.73279	12809.479
872.78363	12059.647
872.83447	12558.848
872.88531	13367.009
872.93616	14866.312
872.987	15422.606
873.03784	15758.224
873.08868	15742.907
873.13947	15473.463
873.19031	15108.247
873.24115	14004.811
873.29199	13807.129
873.34283	14003.076
873.39368	14522.113
873.44452	14946.931
873.4953	14449.616
873.54614	14485.736
873.59698	14613.48
873.64783	15279.612
873.69867	15631.251
873.74951	15236.402
873.80035	15390.287
873.85114	15341.631
873.90198	15685.089
873.95282	15049.483
874.00366	14452.339
874.0545	14487.186
874.10535	14500.309
874.15619	15167.013
874.20697	14840.159
874.25781	14288.4
874.30865	13990.007
874.3595	14311.427
874.41034	15221.973
874.46118	15178.614
874.51202	15315.535
874.56281	15148.343
874.61365	14937.247
874.66449	14576.409
874.71533	13327.854
874.76617	12484.409
874.81702	12134.146
874.86786	12925.354
874.91864	13802.345
874.96948	14125.716
875.02032	14502.352
875.07117	14303.739
875.12201	14267.067
875.17285	13697.016
875.22369	12734.582
875.27448	12163.967
875.32532	11853.167
875.37616	12345.894
875.427	12446.721
875.47784	12299.464
875.52869	12009.804
875.57953	11966.372
875.63031	12677.393
875.68115	12929.014
875.73199	13345.096
875.78284	13361.86
875.83368	13153.426
875.88452	13112.19
875.93536	12109.313
875.98615	11197.927
876.03699	10434.223
876.08783	10847.104
876.13867	11791.812
876.18951	12624.254
876.24036	13541.727
876.2912	13371.429
876.34198	13529.558
876.39282	13219.766
876.44366	12414.567
876.49451	11689.325
876.54535	10962.058
876.59619	11493.594
876.64703	12042.225
876.69781	12356.191
876.74866	12315.489
876.7995	11853.736
876.85034	12225.27
876.90118	12166.028
876.95203	12361.993
877.00287	12198.613
877.05365	11870.209
877.10449	12219.09
877.15533	12081.432
877.20618	11776.568
877.25702	11166.473
877.30786	10669.492
877.3587	11116.947
877.40955	11019.611
877.46033	11275.604
877.51117	10647.938
877.56201	10343.578
877.61285	10633.487
877.6637	10754.462
877.71454	11341.896
877.76538	10964.39
877.81616	10924.555
877.867	10678.074
877.91785	10161.773
877.96869	9643.6211
878.01953	8395.3037
878.07037	8267.9658
878.12122	8541.5293
878.172	9350.4219
878.22284	10336.569
878.27368	10227.715
878.32452	10700.395
878.37537	10188.948
878.42621	9599.1787
878.47705	8657.7168
878.52783	7698.7119
878.57867	7683.0576
878.62952	7760.4297
878.68036	8662.4619
878.7312	8902.1006
878.78204	8816.3428
878.83289	9035.5059
878.88367	8880.2744
878.93451	9083.4141
878.98535	8818.0547
879.03619	8420.8574
879.08704	8407.6816
879.13788	8311.6279
879.18872	8669.6875
879.2395	7992.146
879.29034	7706.4951
879.34119	7622.0752
879.39203	7660.833
879.44287	8784.623
879.49371	8632.8027
879.54456	8778.6523
879.59534	8512.3691
879.64618	8456.8975
879.69702	8621.377
879.74786	7956.3779
879.79871	7546.0967
879.84955	7401.6147
879.90039	7821.8955
879.95117	8106.3018
880.00201	7790.6216
880.05286	7770.7642
880.1037	7389.707
880.15454	7533.8027
880.20538	8043.6099
880.25623	7713.3159
880.30701	7891.7114
880.35785	7424.0527
880.40869	7663.0405
880.45953	7523.0718
880.51038	6852.4756
880.56122	6608.249
880.61206	6172.9917
880.66284	6544.3423
880.71368	6857.4731
880.76453	6797.5337
880.81537	6915.8496
880.86621	6549.2324
880.91705	6836.3584
880.9679	6581.2109
881.01868	6502.7305
881.06952	6336.9712
881.12036	5999.2603
881.1712	6314.5903
881.22205	5933.2305
881.27289	5595.2603
881.32373	5357.4775
881.37457	5046.2871
881.42535	5566.0034
881.4762	5836.2363
881.52704	6399.5864
881.57788	6552.3936
881.62872	6299.4878
881.67957	6371.6265
881.73041	5705.1797
881.78119	5173.5142
881.83203	4645.3457
881.88287	4513.3599
881.93372	4973.4819
881.98456	5447.0005
882.0354	5976.2725
882.08624	6110.5854
882.13702	6097.3877
882.18787	6152.5278
882.23871	5666.498
882.28955	5430.6333
882.34039	5031.1123
882.39124	4981.4346
882.44208	5169.4126
882.49286	5346.8213
882.5437	5555.1484
882.59454	5239.1304
882.64539	5191.5239
882.69623	5265.9712
882.74707	5429.2393
882.79791	5560.8394
882.84869	5294.5425
882.89954	5269.5469
882.95038	5307.8066
883.00122	5310.2715
883.05206	5188.5781
883.10291	4796.7212
883.15375	4848.3042
883.20453	4784.25
883.25537	4939.7861
883.30621	4870.0522
883.35706	4558.3032
883.4079	4494.688
883.45874	4537.8242
883.50958	4781.8159
883.56036	4864.5356
883.61121	4645.5112
883.66205	4629.3853
883.71289	4537.4497
883.76373	4337.2495
883.81458	3879.7673
883.86542	3454.2161
883.9162	3385.3979
883.96704	3400.7642
884.01788	3727.5918
884.06873	3912.8911
884.11957	3985.0378
884.17041	3972.4666
884.22125	3844.5793
884.27203	3693.093
884.32288	3333.9358
884.37372	2996.9321
884.42456	2880.1318
884.4754	2986.4814
884.52625	3122.4731
884.57709	3076.585
884.62787	2957.8042
884.67871	2871.3406
884.72955	2914.9307
884.7804	3056.9268
884.83124	3041.3804
884.88208	2983.7703
884.93292	2911.771
884.9837	2899.7246
885.03455	2807.9263
885.08539	2536.3103
885.13623	2378.0334
885.18707	2273.4238
885.23792	2413.9717
885.28876	2568.113
885.33954	2672.8474
885.39038	2833.4526
885.44122	2739.8582
885.49207	2686.0779
885.54291	2599.9922
885.59375	2378.8655
885.64459	2245.335
885.69543	2153.6228
885.74622	2271.0417
885.79706	2366.8896
885.8479	2351.1665
885.89874	2360.8362
885.94958	2268.8667
886.00043	2302.3899
886.05127	2348.9597
886.10205	2333.5481
886.15289	2240.4458
886.20374	2185.8728
886.25458	2296.6091
886.30542	2240.2358
886.35626	2116.4265
886.4071	2034.7972
886.45789	1929.8516
886.50873	1943.076
886.55957	1949.7159
886.61041	1967.8789
886.66125	1889.8379
886.7121	1775.6172
886.76294	1862.8842
886.81372	1873.8794
886.86456	1892.8824
886.91541	1916.7791
886.96625	1848.7148
887.01709	1839.4235
887.06793	1772.285
887.11877	1647.5011
887.16956	1468.1667
887.2204	1350.0771
887.27124	1399.015
887.32208	1503.1489
887.37292	1660.7889
887.42377	1793.437
887.47461	1820.2257
887.52539	1828.5902
887.57623	1695.6606
887.62708	1538.5367
887.67792	1387.1277
887.72876	1239.4619
887.7796	1249.9617
887.83044	1291.7036
887.88123	1500.9413
887.93207	1505.8141
887.98291	1463.6912
888.03375	1553.906
888.08459	1539.7247
888.13544	1565.6422
888.18628	1423.615
888.23706	1363.5553
888.2879	1400.8481
888.33875	1388.4921
888.38959	1456.0839
888.44043	1321.979
888.49127	1293.3042
888.54211	1331.8829
888.5929	1317.7338
888.64374	1436.3994
888.69458	1428.4828
888.74542	1434.4619
888.79626	1454.7083
888.84711	1432.3677
888.89795	1471.9432
888.94873	1333.0194
888.99957	1283.5856
889.05042	1192.6127
889.10126	1294.6975
889.1521	1408.2114
889.20294	1337.6547
889.25378	1218.2485
889.30457	1305.7604
889.35541	1257.1307
889.40625	1352.3757
889.45709	1318.4049
889.50793	1373.787
889.55878	1335.6201
889.60962	1325.4617
889.66046	1307.6359
889.71124	1183.7399
889.76208	1066.2285
889.81293	1054.8577
889.86377	1055.6537
889.91461	1093.3698
889.96545	1160.3474
890.0163	1145.579
890.06708	1147.8595
890.11792	1061.9799
890.16876	1184.5444
890.2196	1099.2428
890.27045	1088.2772
890.32129	1035.7434
890.37213	961.38397
890.42291	1059.0884
890.47375	964.63318
890.5246	902.84729
890.57544	907.75854
890.62628	882.66852
890.67712	975.75806
890.72797	1021.0573
890.77875	1065.8918
890.82959	1113.3865
890.88043	1092.8522
890.93127	1046.9673
890.98212	913.33563
891.03296	810.03369
891.0838	797.43591
891.13458	792.68884
891.18542	889.34509
891.23627	953.62195
891.28711	1008.9196
891.33795	1003.8824
891.38879	1033.8674
891.43964	1030.2804
891.49042	995.15015
891.54126	923.15338
891.5921	852.66162
891.64294	831.92322
891.69379	898.45856
891.74463	974.75946
891.79547	969.04242
891.84625	944.80841
891.89709	944.94623
891.94794	962.20618
891.99878	973.94714
892.04962	995.42023
892.10046	970.53143
892.15131	938.28149
892.20209	969.5235
892.25293	968.99402
892.30377	951.09845
892.35461	909.38293
892.40546	892.31891
892.4563	880.8786
892.50714	914.76831
892.55792	931.88007
892.60876	887.6485
892.65961	847.48608
892.71045	858.18665
892.76129	897.69873
892.81213	938.94543
892.86298	905.73993
892.91376	885.98956
892.9646	913.41022
893.01544	909.83478
893.06628	833.99432
893.11713	748.62701
893.16797	706.53485
893.21881	678.04663
893.26959	733.29102
893.32043	831.91199
893.37128	840.11731
893.42212	846.18335
893.47296	839.50226
893.5238	811.65143
893.57465	783.12891
893.62543	716.35632
893.67627	641.81476
893.72711	637.22754
893.77795	672.49567
893.8288	692.49091
893.87964	668.729
893.93048	656.05054
893.98132	664.7959
894.0321	678.67633
894.08295	698.15723
894.13379	694.55255
894.18463	682.12439
894.23547	663.70929
894.28632	647.95721
894.33716	666.16815
894.38794	606.81708
894.43878	556.46088
894.48962	552.46118
894.54047	553.01172
894.59131	609.62048
894.64215	673.61749
894.69299	658.21027
894.74377	667.94147
894.79462	653.60291
894.84546	648.74536
894.8963	587.32977
894.94714	534.38562
894.99799	518.99445
895.04883	505.36203
895.09961	573.46906
895.15045	549.83521
895.20129	554.88184
895.25214	531.42157
895.30298	524.91254
895.35382	539.79858
895.40466	536.4024
895.45544	482.81845
895.50629	528.68146
895.55713	517.02832
895.60797	510.89801
895.65881	484.54227
895.70966	459.80862
895.7605	438.45337
895.81128	444.71762
895.86212	441.38602
895.91296	414.06372
895.96381	439.63354
896.01465	411.25226
896.06549	408.83536
896.11633	425.9953
896.16711	408.75815
896.21796	404.71741
896.2688	398.87955
896.31964	392.92114
896.37048	393.68945
896.42133	392.99997
896.47217	336.0184
896.52295	327.20602
896.57379	301.18805
896.62463	292.56628
896.67548	307.87558
896.72632	346.75421
896.77716	376.61627
896.828	374.92487
896.87878	382.92923
896.92963	344.19699
896.98047	307.15396
897.03131	285.98868
897.08215	250.21161
897.133	248.34802
897.18384	274.54752
897.23462	297.68039
897.28546	326.9104
897.3363	317.5202
897.38715	310.52826
897.43799	311.59497
897.48883	296.09268
897.53967	309.01917
897.59045	285.68231
897.6413	271.53699
897.69214	273.22885
897.74298	295.95807
897.79382	300.36829
897.84467	267.07028
897.89551	269.68475
897.94635	289.67044
897.99713	296.1543
898.04797	291.98483
898.09882	280.10663
898.14966	273.74316
898.2005	285.69635
898.25134	284.51123
898.30219	274.00098
898.35297	262.15244
898.40381	245.87526
898.45465	251.05029
898.50549	256.71109
898.55634	255.37064
898.60718	254.14935
898.65802	250.34332
898.7088	247.28212
898.75964	247.21811
898.81049	253.30713
898.86133	264.52319
898.91217	267.9115
898.96301	264.16699
899.01385	253.86922
899.06464	251.05209
899.11548	228.1841
899.16632	207.76085
899.21716	208.02477
899.26801	201.28366
899.31885	215.31325
899.36969	231.08601
899.42047	234.98599
899.47131	231.80928
899.52216	227.28162
899.573	217.79854
899.62384	203.1469
899.67468	193.05585
899.72552	197.77109
899.77631	199.95764
899.82715	192.77802
899.87799	193.37958
899.92883	186.45308
899.97968	183.27539
900.03052	194.32164
900.08136	190.96953
900.13214	207.74846
900.18298	216.25641
900.23383	218.02016
900.28467	204.39821
900.33551	207.13983
900.38635	195.41582
900.43719	179.16588
900.48798	152.61505
900.53882	159.8246
900.58966	174.46262
900.6405	191.11105
900.69135	191.24217
900.74219	198.92213
900.79303	195.42505
900.84381	195.55714
900.89465	200.32233
900.9455	193.43272
900.99634	165.21507
901.04718	157.29411
901.09802	165.11658
901.14886	182.24391
901.19965	189.95731
901.25049	182.44534
901.30133	174.41635
901.35217	183.35983
901.40302	191.50833
901.45386	190.64868
901.5047	192.0954
901.55548	174.9429
901.60632	176.60612
901.65717	188.54399
901.70801	182.53848
901.75885	177.04077
901.80969	172.3839
901.86053	156.74139
901.91132	164.2702
901.96216	167.13913
902.013	167.29475
902.06384	154.28976
902.11469	160.05469
902.16553	167.48735
902.21637	168.15091
902.26721	171.5593
902.31799	173.98824
902.36884	173.94849
902.41968	167.48198
902.47052	154.77405
902.52136	152.02383
902.5722	145.47383
902.62305	126.32803
902.67383	132.56131
902.72467	134.48325
902.77551	163.62642
902.82635	165.57629
902.8772	157.92139
902.92804	162.1844
902.97888	160.74104
903.02966	148.71086
903.08051	129.15797
903.13135	128.85062
903.18219	124.44361
903.23303	134.29889
903.28387	139.70456
903.33472	139.28065
903.3855	135.80205
903.43634	138.55646
903.48718	141.08754
903.53802	138.61974
903.58887	148.69449
903.63971	139.68742
903.69055	141.30684
903.74133	142.14055
903.79218	137.26291
903.84302	141.43637
903.89386	128.61256
903.9447	127.36581
903.99554	126.42497
904.04639	134.06773
904.09717	149.48917
904.14801	138.63516
904.19885	151.43602
904.24969	143.21718
904.30054	145.90271
904.35138	149.65378
904.40222	134.84045
904.453	129.13225
904.50385	134.70976
904.55469	133.2072
904.60553	149.58388
904.65637	149.54301
904.70721	134.0444
904.75806	128.71349
904.80884	131.36516
904.85968	135.73366
904.91052	143.10023
904.96136	134.28127
905.01221	143.51891
905.06305	132.85471
905.11389	134.98363
905.16467	140.32475
905.21552	129.52525
905.26636	120.47506
905.3172	121.89172
905.36804	121.15413
905.41888	126.4666
905.46973	122.96183
905.52051	120.15992
905.57135	118.80746
905.62219	119.9416
905.67303	125.46245
905.72388	130.85785
905.77472	127.31738
905.82556	117.33456
905.87634	116.22754
905.92719	125.72048
905.97803	114.31445
906.02887	109.13453
906.07971	100.44443
906.13055	94.877602
906.1814	100.66576
906.23218	105.67213
906.28302	107.88419
906.33386	116.98807
906.3847	117.2974
906.43555	114.65715
906.48639	112.54976
906.53723	103.50005
906.58807	91.293251
906.63885	82.029518
906.6897	84.857086
906.74054	90.415825
906.79138	95.008125
906.84222	107.86305
906.89307	104.15975
906.94391	97.204544
906.99469	96.75383
907.04553	94.854973
907.09637	91.882019
907.14722	87.471283
907.19806	90.756958
907.2489	95.447563
907.29974	91.832024
907.35052	90.164696
907.40137	93.350723
907.45221	89.960991
907.50305	92.622299
907.55389	96.959663
907.60474	97.133087
907.65558	96.525909
907.70636	93.614403
907.7572	91.643768
907.80804	92.896675
907.85889	97.203407
907.90973	94.567856
907.96057	86.465225
908.01141	83.502243
908.06219	83.780579
908.11304	93.401459
908.16388	88.812103
908.21472	78.899323
908.26556	75.909851
908.31641	84.413506
908.36725	90.747353
908.41803	93.420563
908.46887	80.40873
908.51971	81.493896
908.57056	82.844925
908.6214	82.999649
908.67224	80.678848
908.72308	73.093407
908.77386	72.385101
908.82471	67.389893
908.87555	74.257149
908.92639	76.751747
908.97723	77.028809
909.02808	77.192345
909.07892	84.717636
909.1297	78.107933
909.18054	77.517593
909.23138	73.103706
909.28223	75.203659
909.33307	72.177177
909.38391	67.303894
909.43475	69.550125
909.48553	70.697472
909.53638	76.357269
909.58722	69.322189
909.63806	70.780792
909.6889	68.869118
909.73975	76.599991
909.79059	68.409508
909.84137	67.928337
909.89221	68.355713
909.94305	75.5802
909.9939	81.294174
910.04474	62.893497
910.09558	63.152462
910.14642	55.366013
910.1972	64.858856
910.24805	70.888237
910.29889	65.182411
910.34973	70.299759
910.40057	85.337509
910.45142	76.626007
910.50226	67.012764
910.5531	63.236984
910.60388	70.00428
910.65472	68.710709
910.70557	64.735062
910.75641	62.091831
910.80725	73.582039
910.85809	68.802406
910.90894	66.126114
910.95972	66.32711
911.01056	61.529186
911.0614	70.914734
911.11224	68.574928
911.16309	59.553303
911.21393	67.324623
911.26477	66.336014
911.31555	74.176285
911.36639	68.38192
911.41724	71.346039
911.46808	73.304787
911.51892	68.5662
911.56976	70.567604
911.62061	68.101234
911.67139	69.27047
911.72223	66.80323
911.77307	64.835556
911.82391	60.746567
911.87476	69.783539
911.9256	66.278244
911.97644	70.145149
912.02722	70.284653
912.07806	68.281448
912.12891	69.475906
912.17975	66.796165
912.23059	61.301655
912.28143	58.374344
912.33228	59.987553
912.38306	55.973766
912.4339	55.751915
912.48474	63.111076
912.53558	64.97599
912.58643	62.840206
912.63727	61.747826
912.68811	69.035606
912.73889	64.899605
912.78973	56.373882
912.84058	56.389153
912.89142	58.73782
912.94226	60.939281
912.9931	59.982449
913.04395	59.167065
913.09473	62.867596
913.14557	58.589886
913.19641	57.274563
913.24725	62.248875
913.2981	63.790623
913.34894	60.472443
913.39978	56.958408
913.45056	61.484753
913.5014	64.812851
913.55225	64.058487
913.60309	59.376179
913.65393	53.962978
913.70477	56.958275
913.75562	58.876835
913.8064	62.532421
913.85724	64.961823
913.90808	62.086857
913.95892	64.236511
914.00977	62.937748
914.06061	60.7383
914.11145	59.391937
914.16223	59.944347
914.21307	58.65815
914.26392	59.108616
914.31476	65.359512
914.3656	59.407967
914.41644	60.64299
914.46729	58.642609
914.51807	60.024082
914.56891	60.0089
914.61975	60.000267
914.67059	62.611282
914.72144	60.299744
914.77228	64.703979
914.82312	62.436905
914.87396	61.295364
914.92474	59.236271
914.97559	54.437733
915.02643	58.204319
915.07727	58.254852
915.12811	62.256073
915.17896	58.228546
915.2298	56.667149
915.28058	57.830013
915.33142	61.774078
915.38226	56.912811
915.43311	64.816406
915.48395	59.056664
915.53479	59.350731
915.58563	62.635166
915.63641	60.865368
915.68726	58.871807
915.7381	57.383564
915.78894	56.149624
915.83978	53.783833
915.89063	52.840374
915.94147	54.894936
915.99225	56.314568
916.04309	62.599922
916.09393	58.681988
916.14478	59.04705
916.19562	59.657188
916.24646	62.171104
916.2973	56.412865
916.34808	52.841816
916.39893	49.409828
916.44977	61.519257
916.50061	55.926407
916.55145	57.631367
916.60229	59.009644
916.65314	59.274254
916.70392	56.043102
916.75476	65.175941
916.8056	59.258686
916.85645	55.560379
916.90729	53.467934
916.95813	52.470215
917.00897	57.131008
917.05975	56.648903
917.1106	56.343597
917.16144	59.596642
917.21228	62.612457
917.26312	60.089123
917.31396	58.414013
917.36481	57.37574
917.41559	59.547653
917.46643	61.951775
917.51727	58.348751
917.56812	55.54052
917.61896	52.961914
917.6698	60.285259
917.72064	59.960022
917.77142	54.258472
917.82227	53.371998
917.87311	60.498905
917.92395	60.944996
917.97479	57.075356
918.02563	57.151165
918.07648	60.666607
918.12726	61.52486
918.1781	57.693695
918.22894	59.621193
918.27979	62.516319
918.33063	61.193687
918.38147	60.612278
918.43231	59.989407
918.48309	57.992664
918.53394	51.754524
918.58478	49.938984
918.63562	49.331181
918.68646	50.76236
918.7373	52.659172
918.78815	57.352825
918.83899	58.570404
918.88977	55.663586
918.94061	55.129181
918.99146	52.99181
919.0423	51.608608
919.09314	51.640781
919.14398	54.374355
919.19482	53.933861
919.24561	52.924988
919.29645	53.326717
919.34729	54.76709
919.39813	51.275566
919.44897	52.350506
919.49982	53.345127
919.55066	52.691818
919.60144	52.265217
919.65228	52.871708
919.70313	55.226036
919.75397	54.272442
919.80481	53.308041
919.85565	51.198132
919.90649	52.036896
919.95728	51.298946
920.00812	50.2439
920.05896	53.18367
920.1098	52.914539
920.16064	54.065678
920.21149	52.376129
920.26233	54.651791
920.31311	51.59259
920.36395	52.201107
920.41479	53.246372
920.46564	51.731621
920.51648	55.112442
920.56732	48.764462
920.61816	47.648617
920.66895	49.687748
920.71979	47.380013
920.77063	53.669636
920.82147	49.215202
920.87231	54.22974
920.92316	53.743324
920.974	54.636406
921.02478	47.427944
921.07562	49.541847
921.12646	49.336658
921.17731	49.055023
921.22815	49.966743
921.27899	58.212231
921.32983	45.729328
921.38062	44.693687
921.43146	48.568146
921.4823	50.425098
921.53314	50.494598
921.58398	47.604519
921.63483	50.053421
921.68567	46.382133
921.73645	43.967861
921.78729	50.441948
921.83813	51.705688
921.88898	49.460751
921.93982	50.81041
921.99066	49.189415
922.0415	47.184155
922.09229	46.037872
922.14313	47.297939
922.19397	45.301067
922.24481	45.629436
922.29565	46.901997
922.3465	52.316044
922.39734	52.416454
922.44812	48.964558
922.49896	47.244892
922.5498	49.202866
922.60065	46.660397
922.65149	45.170586
922.70233	47.167622
922.75317	46.793324
922.80396	46.267788
922.8548	44.274002
922.90564	46.275383
922.95648	49.715534
923.00732	47.730957
923.05817	43.969517
923.10901	45.720226
923.15985	46.550045
923.21063	46.535606
923.26147	46.324322
923.31232	45.410728
923.36316	46.625977
923.414	45.965305
923.46484	47.193192
923.51569	44.907444
923.56647	44.153275
923.61731	44.673584
923.66815	46.613457
923.71899	46.363747
923.76984	46.124496
923.82068	45.384361
923.87152	46.852058
923.9223	46.715286
923.97314	48.648994
924.02399	51.355492
924.07483	45.72086
924.12567	42.721352
924.17651	44.28693
924.22736	44.190079
924.27814	46.425739
924.32898	45.883766
924.37982	46.984688
924.43066	44.949265
924.48151	43.196529
924.53235	46.097027
924.58319	47.782413
924.63397	47.124073
924.68481	45.975407
924.73566	46.679367
924.7865	47.093395
924.83734	47.898006
924.88818	44.717381
924.93903	40.675503
924.98981	46.707409
925.04065	44.541454
925.09149	46.233879
925.14233	47.470303
925.19318	45.919563
925.24402	45.0457
925.29486	43.771797
925.34564	45.420006
925.39648	46.80687
925.44733	45.829391
925.49817	46.658169
925.54901	45.269157
925.59985	45.133667
925.6507	43.466618
925.70148	45.300251
925.75232	47.390728
925.80316	46.890011
925.854	41.909916
925.90485	46.466209
925.95569	46.014263
926.00653	44.470612
926.05731	46.706562
926.10815	44.160305
926.159	45.930431
926.20984	43.012112
926.26068	41.427837
926.31152	43.317165
926.36237	44.097054
926.41315	45.650398
926.46399	43.630836
926.51483	44.642429
926.56567	47.725807
926.61652	47.299423
926.66736	44.762611
926.7182	46.1721
926.76898	46.585716
926.81982	47.861279
926.87067	46.91478
926.92151	45.705009
926.97235	42.34166
927.02319	47.085712
927.07404	45.587368
927.12488	41.465992
927.17566	44.621933
927.2265	43.596291
927.27734	42.543793
927.32819	44.738102
927.37903	42.591759
927.42987	47.105339
927.48071	43.960346
927.53149	43.50729
927.58234	45.055405
927.63318	44.93716
927.68402	43.743858
927.73486	45.022068
927.78571	44.174175
927.83655	45.589985
927.88733	46.977024
927.93817	47.431725
927.98901	48.280262
928.03986	46.080421
928.0907	46.794693
928.14154	46.976227
928.19238	45.823677
928.24316	47.734711
928.29401	46.505486
928.34485	47.556782
928.39569	46.092812
928.44653	44.308041
928.49738	45.842762
928.54822	42.859291
928.599	44.373974
928.64984	43.959389
928.70068	46.200428
928.75153	43.76395
928.80237	46.431488
928.85321	44.426414
928.90405	44.58762
928.95483	47.677776
929.00568	48.087517
929.05652	44.914902
929.10736	47.949799
929.1582	47.599297
929.20905	44.326424
929.25989	42.472221
929.31067	41.759972
929.36151	40.792145
929.41235	41.611076
929.4632	43.38361
929.51404	43.583626
929.56488	43.115276
929.61572	45.677471
929.6665	43.75547
929.71735	42.824184
929.76819	43.807945
929.81903	45.94809
929.86987	42.321651
929.92072	44.536728
929.97156	43.78352
930.02234	43.019917
930.07318	43.945431
930.12402	43.74403
930.17487	44.756626
930.22571	44.414845
930.27655	45.371204
930.32739	43.798897
930.37817	44.142719
930.42902	45.717506
930.47986	42.974216
930.5307	43.041382
930.58154	45.138504
930.63239	44.33913
930.68323	43.974903
930.73401	45.026817
930.78485	43.826504
930.83569	44.473171
930.88654	44.989094
930.93738	40.734825
930.98822	44.321175
931.03906	46.392609
931.08984	42.523693
931.14069	45.097755
931.19153	45.731682
931.24237	45.197784
931.29321	45.41486
931.34406	43.23708
931.3949	42.523354
931.44574	41.58033
931.49652	41.995888
931.54736	45.627895
931.59821	46.487591
931.64905	46.388378
931.69989	44.727406
931.75073	46.229282
931.80157	42.028946
931.85236	48.401409
931.9032	46.369652
931.95404	43.689529
932.00488	48.637081
932.05573	43.734119
932.10657	46.142876
932.15741	43.548275
932.20819	45.30872
932.25903	42.734455
932.30988	43.856396
932.36072	42.676975
932.41156	47.576073
932.4624	42.704922
932.51324	43.775948
932.56403	44.174446
932.61487	46.063473
932.66571	46.249813
932.71655	39.094116
932.7674	45.724579
932.81824	43.238735
932.86908	41.667801
932.91986	40.636265
932.9707	44.776039
933.02155	42.687695
933.07239	44.272633
933.12323	44.096085
933.17407	44.042877
933.22491	42.975803
933.2757	43.901207
933.32654	43.626045
933.37738	42.179276
933.42822	42.830597
933.47906	42.765846
933.52991	41.486416
933.58075	42.080315
933.63153	40.750603
933.68237	42.06049
933.73322	41.022415
933.78406	42.201801
933.8349	43.960514
933.88574	44.460846
933.93658	46.868366
933.98737	44.520584
934.03821	43.750397
934.08905	42.613548
934.13989	43.831001
934.19073	45.253956
934.24158	46.453384
934.29242	44.180069
934.3432	42.241123
934.39404	42.968754
934.44489	43.941494
934.49573	42.567947
934.54657	43.238766
934.59741	43.302101
934.64825	41.198616
934.69904	44.969734
934.74988	46.877563
934.80072	44.292255
934.85156	42.410828
934.9024	44.407627
934.95325	44.131935
935.00409	44.009411
935.05487	42.539227
935.10571	40.443951
935.15656	44.60265
935.2074	44.837906
935.25824	42.588982
935.30908	44.201126
935.35992	42.064865
935.41071	43.317776
935.46155	43.289574
935.51239	46.027668
935.56323	40.249889
935.61407	44.866116
935.66492	44.743961
935.71576	40.972305
935.7666	43.437828
935.81738	40.415638
935.86823	42.85416
935.91907	40.910839
935.96991	42.467609
936.02075	43.369469
936.07159	43.695183
936.12244	41.160412
936.17322	43.841545
936.22406	44.037304
936.2749	45.999252
936.32574	43.145103
936.37659	44.400433
936.42743	45.425961
936.47827	40.645733
936.52905	40.582287
936.5799	43.336361
936.63074	43.884209
936.68158	38.516376
936.73242	43.792332
936.78326	45.163475
936.83411	47.84549
936.88489	42.767609
936.93573	45.794762
936.98657	42.629189
937.03741	42.688011
937.08826	41.241196
937.1391	46.206005
937.18994	43.472897
937.24072	44.900436
937.29156	42.044956
937.34241	41.64365
937.39325	42.060265
937.44409	43.734722
937.49493	44.021114
937.54578	37.797508
937.59656	37.341995
937.6474	43.813202
937.69824	42.027454
937.74908	38.7799
937.79993	43.157497
937.85077	42.785423
937.90161	42.544765
937.95239	42.985607
938.00323	39.681866
938.05408	41.943531
938.10492	39.563202
938.15576	42.343716
938.2066	42.418026
938.25745	41.890629
938.30823	42.561153
938.35907	41.635433
938.40991	41.735264
938.46075	42.838203
938.5116	42.178841
938.56244	40.260311
938.61328	41.072403
938.66406	42.695759
938.7149	44.235039
938.76575	43.178333
938.81659	43.153381
938.86743	41.812046
938.91827	38.863083
938.96912	41.42263
939.0199	43.410484
939.07074	41.667934
939.12158	41.52446
939.17242	42.571808
939.22327	41.44529
939.27411	42.916054
939.32495	43.346756
939.37573	44.734684
939.42657	42.10104
939.47742	41.997219
939.52826	43.237072
939.5791	43.980175
939.62994	41.246464
939.68079	42.938931
939.73163	41.886986
939.78241	39.204987
939.83325	43.596958
939.88409	44.016541
939.93494	39.290707
939.98578	42.892212
940.03662	40.869362
940.08746	40.102333
940.13824	44.356892
940.18909	43.572369
940.23993	36.162979
940.29077	43.398453
940.34161	44.156246
940.39246	40.35096
940.4433	40.526859
940.49408	44.537121
940.54492	40.168385
940.59576	38.737026
940.64661	41.075523
940.69745	43.093857
940.74829	43.035622
940.79913	41.255993
940.84991	40.327469
940.90076	40.680889
940.9516	45.270069
941.00244	41.438454
941.05328	41.553566
941.10413	39.066586
941.15497	39.073318
941.20575	43.293346
941.25659	40.219524
941.30743	41.178833
941.35828	44.848549
941.40912	44.332096
941.45996	44.627357
941.5108	42.42506
941.56158	40.718155
941.61243	43.262272
941.66327	45.374828
941.71411	43.101765
941.76495	40.790234
941.8158	40.104427
941.86664	39.522766
941.91742	39.978786
941.96826	43.039825
942.0191	40.695087
942.06995	37.459213
942.12079	39.305618
942.17163	38.837292
942.22247	39.123653
942.27325	41.660114
942.3241	41.939095
942.37494	44
942.42578	41.994816
942.47662	35.924992
942.52747	36.268951
942.57831	40.542133
942.62909	39.332561
942.67993	39.138718
942.73077	38.883965
942.78162	44.059036
942.83246	45.642719
942.8833	43.461369
942.93414	41.808323
942.98492	41.682137
943.03577	41.333935
943.08661	40.319698
943.13745	41.447006
943.18829	39.902447
943.23914	39.783829
943.28998	40.75872
943.34076	42.498726
943.3916	42.302299
943.44244	38.9758
943.49329	41.184986
943.54413	42.069183
943.59497	41.266907
943.64581	42.680866
943.69659	41.304985
943.74744	42.797546
943.79828	44.760586
943.84912	42.409386
943.89996	45.621284
943.95081	43.326405
944.00165	43.005867
944.05249	41.189381
944.10327	41.003422
944.15411	41.974434
944.20496	38.13028
944.2558	41.014797
944.30664	46.03302
944.35748	43.002697
944.40833	42.903439
944.45911	39.624702
944.50995	47.63496
944.56079	41.742573
944.61163	39.077122
944.66248	39
944.71332	39.131054
944.76416	40.30307
944.81494	41.593639
944.86578	39.521305
944.91663	42.564018
944.96747	43.988777
945.01831	40.451569
945.06915	41.835388
945.12	41.266335
945.17078	42.085938
945.22162	42.062336
945.27246	42
945.3233	40.484348
945.37415	37.980572
945.42499	39.72451
945.47583	39.029827
945.52661	40.531143
945.57745	42.709942
945.6283	42.052338
945.67914	43.655758
945.72998	42.730164
945.78082	40.219814
945.83167	45.733597
945.88245	45.338879
945.93329	41.041096
945.98413	39.113541
946.03497	38.607948
946.08582	40.563271
946.13666	41
946.1875	42.653809
946.23828	41.73521
946.28912	39.468964
946.33997	39.085938
946.39081	39.085938
946.44165	43.411785
946.49249	46
946.54333	43.437889
946.59412	40.689098
946.64496	40.058807
946.6958	43.522717
946.74664	45.061359
946.79749	41.377747
946.84833	42.233746
946.89917	42.240868
946.94995	41.225689
947.00079	41
947.05164	43.412128
947.10248	40.725922
947.15332	46.670189
947.20416	40.356762
947.255	39.86367
947.30579	41.757957
947.35663	38.42218
947.40747	40.804565
947.45831	40.082329
947.50916	41.960072
947.56	39.14204
947.61084	38.030609
947.66162	40.954597
947.71246	42.998245
947.76331	42.997105
947.81415	37.060143
947.86499	38.954453
947.91583	38.309975
947.96667	42.784828
948.01752	39.350395
948.0683	42
948.11914	41.634892
948.16998	39.411034
948.22083	41.86158
948.27167	39.903233
948.32251	35.459068
948.37335	41.819145
948.42413	42.152607
948.47498	45.1707
948.52582	42.309227
948.57666	42.220722
948.6275	40
948.67834	40.89711
948.72919	42.779755
948.77997	40.799301
948.83081	38.3941
948.88165	41.468266
948.9325	45.631916
948.98334	43.849319
949.03418	43.630432
949.08502	46.500446
949.1358	46.225967
949.18665	44.156734
949.23749	42.078129
949.28833	40.08812
949.33917	40.561592
949.39001	40.520256
949.44086	40.090603
949.49164	37.852131
949.54248	38.923279
949.59332	41.478546
949.64417	44.551315
949.69501	41.03738
949.74585	38.319748
949.79669	42.197289
949.84747	42.052769
949.89832	41.721657
949.94916	40.667446
950	37.91095
