700	40.959579
700.05084	41.277954
700.10168	44.649063
700.15253	43.695152
700.20331	41.231823
700.25415	43.804073
700.30499	44.388084
700.35583	37.966305
700.40668	44.720371
700.45752	43.737206
700.50836	43.995296
700.55914	41.814941
700.60999	44.831516
700.66083	45.930382
700.71167	44.845757
700.76251	41.386673
700.81335	40.120384
700.8642	40.86272
700.91498	42.691647
700.96582	43.610363
701.01666	38.864136
701.0675	46.482834
701.11835	41.159115
701.16919	48.136154
701.22003	47.825905
701.27081	43.826111
701.32166	40.791729
701.3725	38.429546
701.42334	43.828148
701.47418	46.910347
701.52502	43.615047
701.57587	43.614876
701.62665	44.736328
701.67749	42.959152
701.72833	39.434341
701.77917	38.442215
701.83002	40.482285
701.88086	42.924324
701.9317	42.476257
701.98248	41
702.03333	43.245605
702.08417	42.656288
702.13501	41.528881
702.18585	42.613239
702.23669	42.998108
702.28754	45.494415
702.33838	43.397133
702.38916	45.830467
702.44	46.250454
702.49084	45.203518
702.54169	42.226444
702.59253	44.556774
702.64337	47.083817
702.69421	42.513687
702.745	43.759766
702.79584	43.837814
702.84668	46.37632
702.89752	44.428669
702.94836	41.478741
702.99921	39.631332
703.05005	42.859062
703.10083	41.719208
703.15167	40.086433
703.20251	43.091431
703.25336	43.77639
703.3042	40.754238
703.35504	36.951054
703.40588	42.143585
703.45667	47.736328
703.50751	47.736328
703.55835	48.969036
703.60919	45.871346
703.66003	42.217701
703.71088	42
703.76172	42.669415
703.8125	43.628555
703.86334	46.596504
703.91418	48.49258
703.96503	43.674011
704.01587	40.255302
704.06671	46.430836
704.11755	43.235069
704.16833	46.460011
704.21918	45.652596
704.27002	46.489784
704.32086	43.163532
704.3717	42.448612
704.42255	44.822487
704.47339	40.981274
704.52417	40.236637
704.57501	43.416077
704.62585	46.626827
704.6767	45.894341
704.72754	40.710995
704.77838	42.650776
704.82922	41.89642
704.88	43.270592
704.93085	46.326508
704.98169	44.322681
705.03253	42.499683
705.08337	43.452034
705.13422	43.941353
705.18506	41.382126
705.23584	39.301308
705.28668	39.155613
705.33752	42.557858
705.38837	45.189785
705.43921	43.57494
705.49005	43.938038
705.54089	43.691273
705.59167	45.626499
705.64252	42.511303
705.69336	42.793186
705.7442	44.53471
705.79504	45.543343
705.84589	49.275528
705.89673	45.813095
705.94751	42.362858
705.99835	43.191463
706.04919	37.267822
706.10004	40.699085
706.15088	46.170506
706.20172	48.512356
706.25256	46.404545
706.30341	42.050762
706.35419	44.575695
706.40503	39.81831
706.45587	41
706.50671	41.217098
706.55756	47.686844
706.6084	44.739376
706.65924	48.676384
706.71002	40.981972
706.76086	42.643452
706.81171	46.730198
706.86255	42.152618
706.91339	46.500896
706.96423	47.889446
707.01508	44.274776
707.06586	51.458141
707.1167	46.22813
707.16754	42.52401
707.21838	46.047985
707.26923	45.996819
707.32007	45.941498
707.37091	40.4622
707.42169	38.736328
707.47253	40.390915
707.52338	46.006378
707.57422	46.416645
707.62506	45.916607
707.6759	40.479893
707.72675	45.08321
707.77753	42.634701
707.82837	45.828762
707.87921	47.579746
707.93005	42.897961
707.9809	41.309925
708.03174	44.672737
708.08258	45.915741
708.13336	46.052792
708.1842	42.780048
708.23505	40.846546
708.28589	43.352844
708.33673	45.24892
708.38757	47.895458
708.43842	47.590107
708.4892	43.764771
708.54004	41.294922
708.59088	43.764164
708.64172	46.902378
708.69257	43.993713
708.74341	39.92701
708.79425	43.674595
708.84503	48.043644
708.89587	48.521629
708.94672	48.20335
708.99756	46.97617
709.0484	41.935253
709.09924	41.107449
709.15009	40.498653
709.20087	45.351852
709.25171	42.36871
709.30255	40.948719
709.35339	42.264515
709.40424	42.952698
709.45508	39.210178
709.50592	47.227699
709.5567	41.55164
709.60754	49.436543
709.65839	45.812534
709.70923	46.676243
709.76007	39.945805
709.81091	46.957176
709.86176	43.741951
709.91254	43.995468
709.96338	46.646271
710.01422	49.84491
710.06506	43.442383
710.11591	43.678211
710.16675	46.455555
710.21759	48.752777
710.26837	39.363045
710.31921	44.657108
710.37006	45.114304
710.4209	44.781147
710.47174	48.808739
710.52258	47.548103
710.57343	46.009033
710.62427	46.707413
710.67505	43.985519
710.72589	40.785461
710.77673	37.830097
710.82758	43.184399
710.87842	40.885468
710.92926	43.658264
710.9801	45.162617
711.03088	44.907009
711.08173	44.200932
711.13257	43.281982
711.18341	44.64732
711.23425	45.891041
711.2851	43.713207
711.33594	44.635628
711.38672	42.946686
711.43756	42.370373
711.4884	45.382866
711.53925	48.848019
711.59009	48.975147
711.64093	45.877083
711.69177	44.050999
711.74255	42.756775
711.7934	43.736328
711.84424	42.92387
711.89508	40.666542
711.94592	41.258339
711.99677	45.266106
712.04761	42.967777
712.09839	42.708836
712.14923	51.237003
712.20007	48.301182
712.25092	47.853554
712.30176	43.913116
712.3526	41.70129
712.40344	43.011158
712.45422	42.099251
712.50507	47.373329
712.55591	49.197727
712.60675	46.088676
712.65759	42.291176
712.70844	44.042221
712.75928	45.598953
712.81006	44.245102
712.8609	41.306061
712.91174	46.749359
712.96259	53.367939
713.01343	46.173344
713.06427	48.443642
713.11511	42.882198
713.16589	46.99482
713.21674	46.741402
713.26758	47.727028
713.31842	43.832577
713.36926	39.895397
713.4201	45.659367
713.47095	43.206852
713.52173	44.591312
713.57257	51.049709
713.62341	42.862896
713.67426	42.609104
713.7251	48.111851
713.77594	47.090282
713.82678	50.271206
713.87756	46.927498
713.92841	47.388943
713.97925	44.801952
714.03009	45.541588
714.08093	45.243774
714.13177	44.804447
714.18262	45.463417
714.2334	47.87389
714.28424	46.642471
714.33508	43.002792
714.38593	41.912674
714.43677	41.827492
714.48761	42.54467
714.53845	41.749783
714.58929	44.663242
714.64008	42.232224
714.69092	45.395439
714.74176	53.251553
714.7926	47.452332
714.84344	42.351334
714.89429	46.357891
714.94513	47.341499
714.99591	46
715.04675	43.470242
715.0976	43.189404
715.14844	48.140842
715.19928	49.860157
715.25012	46.618748
715.30096	44.253105
715.35175	46.867908
715.40259	47.454765
715.45343	41.904202
715.50427	43.310471
715.55511	48.026154
715.60596	42.995369
715.6568	47.509159
715.70758	46.332745
715.75842	45.296722
715.80927	46.540504
715.86011	45.176758
715.91095	43.449356
715.96179	45.736328
716.01263	46.20895
716.06342	46.829082
716.11426	43.035892
716.1651	47.071476
716.21594	44.539726
716.26678	48.410648
716.31763	45.48439
716.36847	50.324924
716.41925	46.713039
716.47009	43.83569
716.52094	42.18494
716.57178	44.909565
716.62262	48.1189
716.67346	50.899624
716.7243	46.976643
716.77509	45.006073
716.82593	45.983707
716.87677	44.061687
716.92761	42.792286
716.97845	49.324749
717.0293	45.103153
717.08014	43.150806
717.13092	47.493404
717.18176	46.229679
717.2326	45.770142
717.28345	44.2477
717.33429	46.531315
717.38513	47.829388
717.43597	47.784901
717.48676	52.756248
717.5376	45.126495
717.58844	42.166794
717.63928	41.79966
717.69012	48.454025
717.74097	47.268661
717.79181	40.971031
717.84259	47.450264
717.89343	43.40519
717.94427	43.206665
717.99512	47.387726
718.04596	44.842033
718.0968	44.810875
718.14764	50.186703
718.19843	49.858246
718.24927	47.843311
718.30011	44.835468
718.35095	42.170055
718.40179	43.540726
718.45264	46.476173
718.50348	45.773079
718.55426	46.422562
718.6051	47.740158
718.65594	45.76696
718.70679	44.860443
718.75763	46.826782
718.80847	48.556705
718.85931	46.167072
718.91016	45.40033
718.96094	46.128696
719.01178	42.28474
719.06262	40.651306
719.11346	43.278519
719.16431	46.696606
719.21515	44.232227
719.26599	39.939495
719.31677	47.350159
719.36761	47.855785
719.41846	44.969845
719.4693	43
719.52014	44.199768
719.57098	47.496418
719.62183	44.530952
719.67261	39.074898
719.72345	48.333992
719.77429	53.247635
719.82513	46.221169
719.87598	44.36961
719.92682	47.591408
719.97766	45.455822
720.02844	37.677559
720.07928	43.155197
720.13013	46.645012
720.18097	45.736328
720.23181	45.495281
720.28265	42.051113
720.3335	42.990044
720.38428	42.921516
720.43512	49.939533
720.48596	45.005306
720.5368	49.92646
720.58765	47.084328
720.63849	50.581234
720.68933	41.53463
720.74011	41
720.79095	40.757874
720.8418	47.309132
720.89264	45.090485
720.94348	48.252831
720.99432	49.602196
721.04517	47.178925
721.09595	43.601299
721.14679	42.782295
721.19763	47.011822
721.24847	42.401321
721.29932	47.085762
721.35016	50.48671
721.401	47.960617
721.45178	48.297611
721.50262	51.866837
721.55347	47.954208
721.60431	43.691193
721.65515	44.309238
721.70599	44.820225
721.75684	48.254608
721.80762	48.689987
721.85846	45.261158
721.9093	49.400837
721.96014	47.354843
722.01099	45.206604
722.06183	45.253963
722.11267	42.428444
722.16345	44.83477
722.21429	44.691879
722.26514	43.473763
722.31598	42.633381
722.36682	42.785675
722.41766	45.735382
722.46851	49.784973
722.51929	50.979534
722.57013	45.508617
722.62097	44.540577
722.67181	46.260742
722.72266	43.88871
722.7735	46.19133
722.82434	47.753998
722.87512	45.119846
722.92596	44.350716
722.97681	44.147232
723.02765	46.964306
723.07849	44.580177
723.12933	43.097099
723.18018	44.495522
723.23102	49.931854
723.2818	49.049644
723.33264	51.199566
723.38348	48.715199
723.43433	46.772617
723.48517	50.000004
723.53601	49.565193
723.58685	47.53611
723.63763	46.362156
723.68848	48.593613
723.73932	47.070522
723.79016	47.545872
723.841	41.104298
723.89185	42.545994
723.94269	48.433414
723.99347	50.906174
724.04431	44.193478
724.09515	48.600681
724.146	46.868217
724.19684	45.039463
724.24768	45.706696
724.29852	45.16069
724.3493	50.693142
724.40015	48
724.45099	48
724.50183	47.022095
724.55267	46.74538
724.60352	45.080837
724.65436	42.871929
724.70514	44.836552
724.75598	49.577824
724.80682	48.193333
724.85767	48.656143
724.90851	45.452572
724.95935	45.865616
725.01019	44.293549
725.06097	44
725.11182	47.925297
725.16266	45.68549
725.2135	48.217213
725.26434	49
725.31519	49
725.36603	45.166492
725.41681	45.309528
725.46765	44.448036
725.51849	52.027061
725.56934	46.918293
725.62018	48.673229
725.67102	45.192001
725.72186	50.404751
725.77264	49.143658
725.82349	45.596691
725.87433	45.644119
725.92517	47.729053
725.97601	47.497009
726.02686	48.558605
726.0777	49.141132
726.12848	45.975216
726.17932	46.282936
726.23016	47.294235
726.28101	48.519184
726.33185	49.85902
726.38269	49.213329
726.43353	43.628654
726.48431	42.226086
726.53516	47.809776
726.586	46.681473
726.63684	45.309223
726.68768	46.651157
726.73853	44.884537
726.78937	46.441685
726.84015	47.908112
726.89099	45.636658
726.94183	47.506824
726.99268	49.980667
727.04352	45.634834
727.09436	46.829704
727.1452	48.277493
727.19604	49.834213
727.24683	47.04652
727.29767	47.370453
727.34851	50.754673
727.39935	47.127777
727.4502	49.459934
727.50104	48.258671
727.55188	49.181461
727.60266	50.908756
727.6535	52.504696
727.70435	45.21381
727.75519	47.198936
727.80603	47.387547
727.85687	44.958012
727.90771	45.466747
727.9585	43.344936
728.00934	46.213531
728.06018	43.894897
728.11102	49.852596
728.16187	48.736328
728.21271	48.8297
728.26355	49.573853
728.31433	47.596134
728.36517	46.098778
728.41602	51.896576
728.46686	49.770924
728.5177	50.719845
728.56854	49.977367
728.61938	48.001732
728.67017	44.047894
728.72101	39.120953
728.77185	49.611958
728.82269	44.033634
728.87354	44.67775
728.92438	47.527416
728.97522	44.30558
729.026	46.482014
729.07684	48.526207
729.12769	47.201836
729.17853	41.540176
729.22937	49.56776
729.28021	45.903614
729.33105	48.128597
729.38184	48.736328
729.43268	49.5504
729.48352	49.948002
729.53436	49.791241
729.58521	45.83757
729.63605	41.096783
729.68689	45.301624
729.73767	51.472591
729.78851	45.465725
729.83936	46.351402
729.8902	50.059921
729.94104	50.815411
729.99188	48.85194
730.04272	49.854126
730.09351	51.402866
730.14435	45.189281
730.19519	43.666039
730.24603	51.058117
730.29688	47.903992
730.34772	45.117313
730.39856	48.235432
730.44934	49.736328
730.50018	52.190941
730.55103	48.918182
730.60187	46.514801
730.65271	48.964439
730.70355	49.329189
730.75439	43.544041
730.80518	42.935688
730.85602	47.366039
730.90686	50.166611
730.9577	50.48658
731.00854	48
731.05939	46.64135
731.11023	46.325478
731.16101	43.261547
731.21185	42.765289
731.2627	50.327675
731.31354	53.31469
731.36438	56.417099
731.41522	50.858925
731.46606	48.561264
731.51691	48.140003
731.56769	46.447868
731.61853	50.730083
731.66937	51.455555
731.72021	48.427193
731.77106	46.026455
731.8219	44.00914
731.87274	48.375309
731.92352	47.071083
731.97437	46.730755
732.02521	43.178772
732.07605	43.971024
732.12689	45.60791
732.17773	48.537155
732.22858	48.371975
732.27936	49.729164
732.3302	48.918457
732.38104	49.941593
732.43188	48.547096
732.48273	42.174267
732.53357	44.333939
732.58441	46.356804
732.63519	48.368382
732.68604	47.070816
732.73688	47.845718
732.78772	45.587151
732.83856	50.443058
732.8894	48.82513
732.94025	48.216373
732.99103	52.290577
733.04187	47.968159
733.09271	48.094204
733.14355	45.955002
733.1944	46.99474
733.24524	44.281227
733.29608	50.367538
733.34686	47.378807
733.39771	44.228477
733.44855	48.489338
733.49939	51.585682
733.55023	50.341824
733.60107	48.617622
733.65192	51.892872
733.7027	50.982841
733.75354	51.363087
733.80438	48.521229
733.85522	50.719696
733.90607	51.833149
733.95691	45.656696
734.00775	54.546963
734.05853	53.878845
734.10938	50.110966
734.16022	47.302536
734.21106	47.540691
734.2619	46.927338
734.31274	46.552227
734.36359	44.270622
734.41437	46.957958
734.46521	50.131062
734.51605	47.173515
734.56689	47.071095
734.61774	49.889385
734.66858	50.655174
734.71942	49.076817
734.7702	47.558529
734.82104	50.127178
734.87189	52.090714
734.92273	53.341751
734.97357	45.975685
735.02441	45.204586
735.07526	48.538246
735.12604	46.914314
735.17688	46.119476
735.22772	45.873158
735.27856	45.733299
735.32941	49.531723
735.38025	50.187611
735.43109	46.948486
735.48193	47.355297
735.53271	48.023598
735.58356	49.828712
735.6344	47.8326
735.68524	41.482372
735.73608	44.825397
735.78693	48.00565
735.83777	46.305996
735.88855	49.721104
735.93939	51.253559
735.99023	49.024506
736.04108	46.544689
736.09192	48.086651
736.14276	50.499786
736.1936	47.629765
736.24438	47.49741
736.29523	49.785526
736.34607	49.326294
736.39691	47.540501
736.44775	46.789104
736.4986	44.73296
736.54944	49.95472
736.60022	47.904762
736.65106	46.849632
736.7019	51.356068
736.75275	46.850704
736.80359	47.002766
736.85443	49.807476
736.90527	47.555794
736.95605	44.571056
737.0069	50.317982
737.05774	47.127213
737.10858	45.214725
737.15942	49.542492
737.21027	50.989796
737.26111	47.664589
737.31189	52.081123
737.36273	48.204643
737.41357	47.566597
737.46442	52.413181
737.51526	45.773304
737.5661	46.485458
737.61694	50.483753
737.66772	46.723522
737.71857	48.621986
737.76941	51.338032
737.82025	49.343983
737.87109	48.367741
737.92194	45.654709
737.97278	47.35091
738.02356	51.976028
738.0744	46.56654
738.12524	46.024929
738.17609	49.360508
738.22693	46.125221
738.27777	47.092777
738.32861	50.514252
738.37939	47.660778
738.43024	48.373302
738.48108	55.29557
738.53192	45.568863
738.58276	45.348965
738.63361	46.222153
738.68445	48.152851
738.73523	48.061272
738.78607	53.649696
738.83691	46.237476
738.88776	45.642742
738.9386	47.939182
738.98944	48.00325
739.04028	50.013645
739.09106	49.992535
739.14191	48.528313
739.19275	49.224651
739.24359	48.048752
739.29443	46.412224
739.34528	49.83469
739.39612	48.416264
739.4469	49.088043
739.49774	47.011303
739.54858	49.885487
739.59943	48.556934
739.65027	47.740417
739.70111	48.510647
739.75195	46.63509
739.8028	50.252808
739.85358	49.204082
739.90442	48.772503
739.95526	51.210468
740.0061	47.791481
740.05695	47.375671
740.10779	49.727554
740.15863	51.906654
740.20941	52.652855
740.26025	54.511894
740.3111	51.162601
740.36194	47.487881
740.41278	47.042252
740.46362	49.588078
740.51447	50.097183
740.56525	50.260414
740.61609	51.467834
740.66693	48.036198
740.71777	46.595917
740.76862	47.80949
740.81946	49.555161
740.8703	49.978783
740.92108	48.079155
740.97192	46.204754
741.02277	50.303806
741.07361	54.809193
741.12445	50.877972
741.17529	49.180473
741.22614	47.569714
741.27692	50.786739
741.32776	53.4715
741.3786	51.872059
741.42944	48.979595
741.48029	49.36834
741.53113	49.604847
741.58197	46.753586
741.63275	45.761467
741.68359	47.752018
741.73444	44.416454
741.78528	45.012745
741.83612	48.698612
741.88696	48.491348
741.93781	46.368679
741.98859	49.353184
742.03943	48.933609
742.09027	50.017105
742.14111	47.297295
742.19196	46.245796
742.2428	48.419563
742.29364	49.979271
742.34442	50.202644
742.39526	53.646099
742.44611	48.876839
742.49695	48.091949
742.54779	47.126827
742.59863	52.678185
742.64948	47.265503
742.70026	50.303463
742.7511	46.142239
742.80194	49.998878
742.85278	47.362118
742.90363	47.346249
742.95447	50.086819
743.00531	52.848747
743.05609	54.821495
743.10693	50.84037
743.15778	51.77277
743.20862	50.822414
743.25946	50.489113
743.3103	51.51762
743.36115	51.837517
743.41193	48.381844
743.46277	50.266468
743.51361	49.000172
743.56445	51.2547
743.6153	48.99736
743.66614	45.137772
743.71698	46.220345
743.76782	52.870975
743.8186	51.456322
743.86945	52.431484
743.92029	47.52346
743.97113	48.258888
744.02197	47.643589
744.07281	50.625031
744.12366	51.26149
744.17444	50.069973
744.22528	48.757629
744.27612	48.158562
744.32697	51.964115
744.37781	53.734585
744.42865	50.38995
744.47949	49.902626
744.53027	51.794197
744.58112	51.719433
744.63196	49.590286
744.6828	50.654495
744.73364	49.252563
744.78448	51.721878
744.83533	49.765282
744.88611	51.052494
744.93695	47.927906
744.98779	49.035892
745.03864	46.731247
745.08948	45.04641
745.14032	49.048088
745.19116	50.186474
745.24194	50.52589
745.29279	52.377773
745.34363	51.765549
745.39447	51.074417
745.44531	51.371342
745.49615	50.249863
745.547	52.798969
745.59778	50.614223
745.64862	47.987888
745.69946	54.397297
745.75031	49.186733
745.80115	51.082775
745.85199	48.682671
745.90283	49.043133
745.95361	52.344383
746.00446	47.713554
746.0553	49.715675
746.10614	52.283089
746.15698	47.876614
746.20782	53.131989
746.25867	50.420582
746.30945	51.219841
746.36029	50.456684
746.41113	49.800236
746.46198	49.486095
746.51282	49.546883
746.56366	53.182785
746.6145	47.696262
746.66528	51.554901
746.71613	50.150612
746.76697	51.986591
746.81781	55.158932
746.86865	49.534355
746.91949	54.129234
746.97034	51.425602
747.02112	52.790504
747.07196	49.291611
747.1228	47.828896
747.17365	51.806721
747.22449	48.512428
747.27533	50.599373
747.32617	50.271023
747.37695	53.793388
747.4278	52.090916
747.47864	47.096012
747.52948	48.113281
747.58032	49.517788
747.63116	49.717472
747.68201	55.75787
747.73279	49.474041
747.78363	46.959259
747.83447	48.571117
747.88531	50.920673
747.93616	52.315357
747.987	51.858078
748.03784	52.079357
748.08868	51.193748
748.13947	51.841534
748.19031	54.583942
748.24115	51.238132
748.29199	50.647202
748.34283	52.105804
748.39368	49.899593
748.44452	49.924599
748.4953	52.290565
748.54614	53.720581
748.59698	52.53611
748.64783	52.525288
748.69867	52.56731
748.74951	49.636627
748.80035	50.441719
748.85114	50.013275
748.90198	46.841305
748.95282	51.285679
749.00366	50.892525
749.0545	51.288864
749.10535	52.71735
749.15619	51.160343
749.20697	52.897018
749.25781	54.949684
749.30865	54.897118
749.3595	50.882813
749.41034	51.038757
749.46118	52.05917
749.51202	50.135456
749.56281	52.71851
749.61365	50.527798
749.66449	50.979874
749.71533	51.353188
749.76617	51.358479
749.81702	49.132469
749.86786	51.840843
749.91864	52.632244
749.96948	51.150845
750.02032	54.201126
750.07117	48.743729
750.12201	49.723461
750.17285	51.737278
750.22369	49.872406
750.27448	51.217407
750.32532	54.295628
750.37616	55.29718
750.427	55.305355
750.47784	54.692383
750.52869	56.526478
750.57953	47.64064
750.63031	51.30484
750.68115	46.657513
750.73199	55.909275
750.78284	54.919334
750.83368	49.649235
750.88452	52.180088
750.93536	53.382061
750.98615	59.79921
751.03699	54.282982
751.08783	48.541458
751.13867	52.980865
751.18951	53.465046
751.24036	58.499794
751.2912	54.068226
751.34198	50.863121
751.39282	51.991146
751.44366	56.328793
751.49451	50.582584
751.54535	49.439598
751.59619	51.268673
751.64703	52.323097
751.69781	50.403938
751.74866	53.702652
751.7995	53.962833
751.85034	51.526291
751.90118	52.707085
751.95203	54.615391
752.00287	49.589809
752.05365	48.934765
752.10449	47.017372
752.15533	53.92247
752.20618	52.829933
752.25702	55.924847
752.30786	52.40313
752.3587	46.777699
752.40955	48.072338
752.46033	52.852516
752.51117	51.407341
752.56201	52.955456
752.61285	53.496525
752.6637	53.274414
752.71454	51.035332
752.76538	46.634354
752.81616	47.170471
752.867	51.360119
752.91785	49.317902
752.96869	54.699219
753.01953	50.896679
753.07037	47.840351
753.12122	51.579906
753.172	51.924122
753.22284	49.992592
753.27368	49.274414
753.32452	50.81176
753.37537	49.935421
753.42621	50.995811
753.47705	54.877609
753.52783	56.274414
753.57867	50.986839
753.62952	47.009502
753.68036	49.125542
753.7312	50.759403
753.78204	51.274414
753.83289	50.681522
753.88367	49.213326
753.93451	49.167721
753.98535	52.0215
754.03619	55.437939
754.08704	57
754.13788	56.704594
754.18872	53.493706
754.2395	51.879658
754.29034	52.702328
754.34119	48.749569
754.39203	50.099201
754.44287	49.745129
754.49371	52.075634
754.54456	49.28545
754.59534	50.392143
754.64618	56.067936
754.69702	54.601612
754.74786	55.126186
754.79871	53.846699
754.84955	55.802387
754.90039	52.840164
754.95117	47.080952
755.00201	49.719696
755.05286	48.766258
755.1037	52.620811
755.15454	56.999859
755.20538	54.411945
755.25623	50.179745
755.30701	55.807507
755.35785	46.757122
755.40869	49.334839
755.45953	51.317059
755.51038	53.932671
755.56122	58.162975
755.61206	51.108646
755.66284	50.755024
755.71368	55.574829
755.76453	50.305214
755.81537	53
755.86621	52.773663
755.91705	50.42091
755.9679	52.661224
756.01868	57.946507
756.06952	52.090839
756.12036	48.444798
756.1712	53.10928
756.22205	56.952415
756.27289	54.280766
756.32373	54.99929
756.37457	56.261875
756.42535	48.153435
756.4762	52.153011
756.52704	51.047329
756.57788	54.812092
756.62872	52.167206
756.67957	55.737797
756.73041	49.520321
756.78119	51.08556
756.83203	50.367237
756.88287	57.21484
756.93372	49.10334
756.98456	47.120083
757.0354	48.742138
757.08624	49.236645
757.13702	50.127064
757.18787	55.105495
757.23871	51.824661
757.28955	51.226498
757.34039	61.072075
757.39124	53.581188
757.44208	51.055405
757.49286	55.951595
757.5437	54.152534
757.59454	55.37793
757.64539	58.289192
757.69623	55.439445
757.74707	55.559055
757.79791	51.585411
757.84869	47.818813
757.89954	52.936932
757.95038	52.954605
758.00122	58.489887
758.05206	51.409943
758.10291	52.646103
758.15375	53.068592
758.20453	51.335049
758.25537	55.112675
758.30621	55.804337
758.35706	55
758.4079	55.628948
758.45874	54.759506
758.50958	54
758.56036	53.39716
758.61121	50.029312
758.66205	48.585434
758.71289	53.772118
758.76373	55.0023
758.81458	52.155762
758.86542	50.022068
758.9162	51.316391
758.96704	53.807632
759.01788	52.032421
759.06873	51.547436
759.11957	54.660484
759.17041	54.280792
759.22125	51.78471
759.27203	49.699421
759.32288	50.833782
759.37372	49.491276
759.42456	47.788715
759.4754	53.34016
759.52625	55.559052
759.57709	54.866505
759.62787	54.800682
759.67871	52.622963
759.72955	46.807728
759.7804	49.975807
759.83124	55.427692
759.88208	57.758629
759.93292	52.210869
759.9837	50.253864
760.03455	53.882977
760.08539	50.094551
760.13623	51.86515
760.18707	51.392887
760.23792	45.915298
760.28876	51.554417
760.33954	54.393997
760.39038	53.882893
760.44122	56.285595
760.49207	57.831669
760.54291	59.461239
760.59375	57.028824
760.64459	53.769867
760.69543	53.429634
760.74622	56.121662
760.79706	53.729069
760.8479	54.835327
760.89874	52.794876
760.94958	51.404758
761.00043	53.389252
761.05127	53.561928
761.10205	49.544785
761.15289	59.367741
761.20374	55.146038
761.25458	49.999752
761.30542	53.565117
761.35626	51.998608
761.4071	58.110363
761.45789	55.943668
761.50873	48.949368
761.55957	53.82626
761.61041	49.930157
761.66125	49.515984
761.7121	52.262028
761.76294	55.129585
761.81372	53.256908
761.86456	53.056198
761.91541	54.01305
761.96625	53.994186
762.01709	47.52528
762.06793	54.80962
762.11877	47.162571
762.16956	56.97731
762.2204	54.000084
762.27124	55.984547
762.32208	60.20528
762.37292	56.369274
762.42377	51.436363
762.47461	47.434212
762.52539	48.918087
762.57623	53.03455
762.62708	54.210709
762.67792	56.805866
762.72876	55.410305
762.7796	53.449127
762.83044	52.121044
762.88123	50.451294
762.93207	54.47506
762.98291	50.593693
763.03375	50.239769
763.08459	52.87307
763.13544	48.980927
763.18628	49.974739
763.23706	54.486729
763.2879	50.870586
763.33875	58.501259
763.38959	51.255527
763.44043	58.199928
763.49127	56.035557
763.54211	54.203857
763.5929	57.943111
763.64374	54.527744
763.69458	54.047993
763.74542	49.467854
763.79626	53.517906
763.84711	52.270355
763.89795	53.504894
763.94873	58.483265
763.99957	52.911674
764.05042	50.772793
764.10126	53.292385
764.1521	54.872997
764.20294	51.562435
764.25378	56.328266
764.30457	60.285145
764.35541	58.322243
764.40625	53.843338
764.45709	51.246967
764.50793	55.559719
764.55878	54.950916
764.60962	55.498634
764.66046	57.390404
764.71124	54.059402
764.76208	55.489521
764.81293	55.097939
764.86377	55.540588
764.91461	55.933491
764.96545	58.675274
765.0163	56.061115
765.06708	48.907368
765.11792	52.513462
765.16876	54.167191
765.2196	52.385296
765.27045	52.678787
765.32129	52.25
765.37213	54.639263
765.42291	51.516434
765.47375	52.216133
765.5246	54.765041
765.57544	54.166862
765.62628	54.884983
765.67712	57.183403
765.72797	56.67902
765.77875	51.440815
765.82959	51.585262
765.88043	55.29121
765.93127	55.959179
765.98212	55.586124
766.03296	54.575382
766.0838	52.901581
766.13458	54.60854
766.18542	52.664406
766.23627	54.908207
766.28711	58.312813
766.33795	51.33197
766.38879	47.716152
766.43964	54.365452
766.49042	57.7024
766.54126	57.37561
766.5921	55.62907
766.64294	58.782124
766.69379	54.629711
766.74463	51.127716
766.79547	53.394478
766.84625	51.023575
766.89709	50.690369
766.94794	50.803814
766.99878	54.028572
767.04962	50.805866
767.10046	50.396805
767.15131	55.733246
767.20209	51.8423
767.25293	46.74715
767.30377	52.796627
767.35461	53.033241
767.40546	55.304146
767.4563	56.879574
767.50714	57.283131
767.55792	52.191368
767.60876	50.012619
767.65961	50.710766
767.71045	53.938583
767.76129	53.771027
767.81213	51.018215
767.86298	51.367725
767.91376	54.337852
767.9646	45.312492
768.01544	54.375233
768.06628	55.628345
768.11713	51.256279
768.16797	56.898529
768.21881	49.180706
768.26959	56.372707
768.32043	59.721848
768.37128	46.530556
768.42212	53.291557
768.47296	56.905857
768.5238	52.641331
768.57465	52.909306
768.62543	43.391689
768.67627	51.739395
768.72711	53.76833
768.77795	53.651375
768.8288	54.520763
768.87964	49.821987
768.93048	48.91621
768.98132	48.709213
769.0321	47.175911
769.08295	52.874481
769.13379	53.071289
769.18463	52.944672
769.23547	53.656174
769.28632	52.319275
769.33716	51.559532
769.38794	53.624401
769.43878	53.261864
769.48962	55.536003
769.54047	52.298351
769.59131	53.309216
769.64215	54.009708
769.69299	52.288681
769.74377	50.113472
769.79462	59.256744
769.84546	54.720303
769.8963	47.959457
769.94714	57.007458
769.99799	55.596298
770.04883	49.752655
770.09961	52.692379
770.15045	56.521214
770.20129	56.898399
770.25214	56.253483
770.30298	53.430008
770.35382	52.825512
770.40466	50.544785
770.45544	52.468399
770.50629	54.794209
770.55713	49.251972
770.60797	56.22757
770.65881	51.419495
770.70966	54.592781
770.7605	53.51915
770.81128	55.224323
770.86212	51.068222
770.91296	57.597988
770.96381	53.4221
771.01465	52.806828
771.06549	51.532433
771.11633	51.644741
771.16711	52.539871
771.21796	54.155613
771.2688	54.077492
771.31964	48.792114
771.37048	55.767105
771.42133	55.000885
771.47217	50.259075
771.52295	51.952644
771.57379	48.292995
771.62463	51.979263
771.67548	55.111252
771.72632	53.971428
771.77716	54.800457
771.828	59.780098
771.87878	55.627563
771.92963	50.936352
771.98047	52.877621
772.03131	56.368164
772.08215	55.047272
772.133	55.436527
772.18384	54.219292
772.23462	52.331322
772.28546	54.823933
772.3363	50.300457
772.38715	50.688671
772.43799	51.963966
772.48883	51.001793
772.53967	56.529877
772.59045	56.813816
772.6413	52.4105
772.69214	51.244339
772.74298	53.054035
772.79382	52.864399
772.84467	51.785789
772.89551	53.660748
772.94635	53.762886
772.99713	52.826649
773.04797	52.380768
773.09882	51.963848
773.14966	51.832485
773.2005	47.950275
773.25134	49.076057
773.30219	52.420883
773.35297	55.114689
773.40381	56.877777
773.45465	54.565243
773.50549	55.704464
773.55634	55.6562
773.60718	49.400078
773.65802	52.531921
773.7088	51.732372
773.75964	51.882439
773.81049	55.184189
773.86133	56.754795
773.91217	53.210609
773.96301	51.727119
774.01385	54.793438
774.06464	53.980507
774.11548	51.191719
774.16632	52.267757
774.21716	54.036812
774.26801	54.085979
774.31885	51.06987
774.36969	52.053047
774.42047	56.643002
774.47131	53.522186
774.52216	52.794445
774.573	53.359474
774.62384	50.06271
774.67468	53.500031
774.72552	53.744202
774.77631	57.611629
774.82715	52.739674
774.87799	52.619465
774.92883	53.426117
774.97968	51.481991
775.03052	55.563797
775.08136	54.559093
775.13214	53.809044
775.18298	51.679428
775.23383	51.481625
775.28467	59.082699
775.33551	53.129166
775.38635	53.399082
775.43719	52.067326
775.48798	54.723045
775.53882	53.921963
775.58966	51.017895
775.6405	52.863422
775.69135	55.763554
775.74219	55.300571
775.79303	52.343582
775.84381	50.263607
775.89465	51.555347
775.9455	51.31905
775.99634	45.002525
776.04718	49.972557
776.09802	49.805672
776.14886	49.634636
776.19965	50.552345
776.25049	55.090214
776.30133	52.638405
776.35217	51.518623
776.40302	55.208473
776.45386	54.989738
776.5047	50.899208
776.55548	52.061531
776.60632	53.948357
776.65717	52.027367
776.70801	52.561516
776.75885	54.346825
776.80969	54.582634
776.86053	50.81797
776.91132	52.616856
776.96216	54.376637
777.013	51.290947
777.06384	49.940113
777.11469	52.440506
777.16553	51.924458
777.21637	51.238811
777.26721	51.637592
777.31799	50.742504
777.36884	51.103798
777.41968	53.748432
777.47052	50.856606
777.52136	52.413952
777.5722	53.640961
777.62305	51.416794
777.67383	54.093727
777.72467	58.243645
777.77551	51.364151
777.82635	51.832832
777.8772	52.044731
777.92804	54.674175
777.97888	52.5429
778.02966	51.022293
778.08051	48.931419
778.13135	51.399979
778.18219	51.646492
778.23303	51.941025
778.28387	52.810608
778.33472	50.037163
778.3855	49.60379
778.43634	50.850483
778.48718	51.023167
778.53802	53.062065
778.58887	54.220322
778.63971	52.233635
778.69055	54.64542
778.74133	51.580521
778.79218	51.290447
778.84302	52.755196
778.89386	59.540585
778.9447	56.784962
778.99554	53.175819
779.04639	50.795391
779.09717	49.007
779.14801	48.537426
779.19885	47.574173
779.24969	50.023464
779.30054	52.659893
779.35138	54.247768
779.40222	52.984097
779.453	51.368469
779.50385	55.420044
779.55469	56.580387
779.60553	54.058212
779.65637	50.721378
779.70721	48.615219
779.75806	51.279411
779.80884	52.676338
779.85968	52.813065
779.91052	53.02808
779.96136	50.51556
780.01221	51.306568
780.06305	50.522617
780.11389	53.867142
780.16467	53.76754
780.21552	53.823631
780.26636	52.68742
780.3172	50.398468
780.36804	53.477863
780.41888	50.927532
780.46973	51.828201
780.52051	56.949535
780.57135	54.803425
780.62219	48.418182
780.67303	51.278538
780.72388	56.817192
780.77472	56.764488
780.82556	53.376049
780.87634	51.517174
780.92719	53.745148
780.97803	53.22253
781.02887	54.721336
781.07971	50.887436
781.13055	51.544941
781.1814	48.416168
781.23218	52.294167
781.28302	47.7831
781.33386	53.583881
781.3847	52.28418
781.43555	50.88694
781.48639	51.603733
781.53723	49.904881
781.58807	46.645802
781.63885	55.614853
781.6897	53.24585
781.74054	54.314697
781.79138	47.383633
781.84222	50.877094
781.89307	51.785965
781.94391	54.469749
781.99469	56.451355
782.04553	48.25861
782.09637	59.004757
782.14722	49.796535
782.19806	59.423763
782.2489	58.893333
782.29974	44.562313
782.35052	43.977177
782.40137	61.15432
782.45221	50.348278
782.50305	54.473869
782.55389	54.107113
782.60474	50.143921
782.65558	45.047703
782.70636	51.491322
782.7572	55.380875
782.80804	51.725815
782.85889	52.121346
782.90973	53.550819
782.96057	56.404552
783.01141	50.505386
783.06219	48.926918
783.11304	52.916782
783.16388	57.545891
783.21472	57.321663
783.26556	58.024185
783.31641	52.251762
783.36725	45.84697
783.41803	52.01099
783.46887	55.754215
783.51971	56.30304
783.57056	54.28294
783.6214	55.078243
783.67224	57.696762
783.72308	52.103912
783.77386	51.234722
783.82471	55.047951
783.87555	53.727879
783.92639	50.789368
783.97723	48.707069
784.02808	51.544609
784.07892	55.082123
784.1297	47.404758
784.18054	51.622002
784.23138	53.378006
784.28223	58.124611
784.33307	55.02182
784.38391	51.636623
784.43475	55.948475
784.48553	51.23547
784.53638	52.411678
784.58722	55.452469
784.63806	52.790253
784.6889	48.579113
784.73975	49.923622
784.79059	53.064194
784.84137	50.915913
784.89221	51.674622
784.94305	49.34153
784.9939	52.946609
785.04474	55.640743
785.09558	50.317253
785.14642	47.877834
785.1972	51.90086
785.24805	50.068878
785.29889	50.228081
785.34973	46.253376
785.40057	49.105858
785.45142	53.692631
785.50226	57.232224
785.5531	52.981464
785.60388	48.373592
785.65472	47.477222
785.70557	51.556873
785.75641	54.518608
785.80725	55.783592
785.85809	51.998051
785.90894	49.361393
785.95972	50.227131
786.01056	54.808353
786.0614	58.283928
786.11224	54.284401
786.16309	52.29707
786.21393	53.17738
786.26477	51.367538
786.31555	51.187382
786.36639	54.286194
786.41724	51.240223
786.46808	51.457294
786.51892	50.069359
786.56976	49.035057
786.62061	50.436546
786.67139	53.742531
786.72223	62.278912
786.77307	56.243778
786.82391	50.719421
786.87476	55.14399
786.9256	56.438347
786.97644	54.384537
787.02722	54.621067
787.07806	50.000416
787.12891	46.195694
787.17975	52.609707
787.23059	56.864067
787.28143	57.826538
787.33228	55.227379
787.38306	56.067287
787.4339	50.507839
787.48474	52.707569
787.53558	54.273479
787.58643	51.247936
787.63727	55.532337
787.68811	57.799473
787.73889	54.117565
787.78973	52.942623
787.84058	56.602203
787.89142	55.579102
787.94226	45.696938
787.9931	50.530121
788.04395	52.041027
788.09473	53.759594
788.14557	54.913559
788.19641	60.593719
788.24725	52.764801
788.2981	52.977398
788.34894	54.41647
788.39978	47.404892
788.45056	47.175747
788.5014	53.386288
788.55225	49.397736
788.60309	49.530453
788.65393	59.293179
788.70477	55.533001
788.75562	52.929573
788.8064	56
788.85724	55.334747
788.90808	53.644215
788.95892	61.801128
789.00977	58.076244
789.06061	52.66106
789.11145	59.902576
789.16223	53.396084
789.21307	54.986179
789.26392	49.446404
789.31476	59.223888
789.3656	54.108974
789.41644	60.064995
789.46729	53.012413
789.51807	61.501923
789.56891	53.912754
789.61975	53.081997
789.67059	53.717117
789.72144	49.983223
789.77228	46.527115
789.82312	50.249924
789.87396	50.377697
789.92474	57.305809
789.97559	62.68718
790.02643	50.271095
790.07727	57.169136
790.12811	54.4277
790.17896	60.090725
790.2298	52.277885
790.28058	52.940544
790.33142	47.323029
790.38226	58.265198
790.43311	52.03347
790.48395	56.221981
790.53479	56.265625
790.58563	54.049221
790.63641	56.204735
790.68726	56.265625
790.7381	61.07975
790.78894	59.350277
790.83978	53.550476
790.89063	49.224476
790.94147	57.480026
790.99225	55.437683
791.04309	57.127251
791.09393	54.243023
791.14478	52.403625
791.19562	58.429474
791.24646	54.449341
791.2973	59.42989
791.34808	52.801346
791.39893	54.027012
791.44977	61.145599
791.50061	58.697384
791.55145	51.877453
791.60229	57.992661
791.65314	59
791.70392	58.36478
791.75476	54.597923
791.8056	54.854679
791.85645	57.774239
791.90729	57.19696
791.95813	61.41906
792.00897	52.035133
792.05975	52.486786
792.1106	54.868607
792.16144	52.806156
792.21228	53.080299
792.26312	58.122768
792.31396	60.660709
792.36481	53.806984
792.41559	59.366394
792.46643	56.52491
792.51727	54.272148
792.56812	54.986958
792.61896	55.059608
792.6698	55
792.72064	52.141094
792.77142	53.546871
792.82227	57.089436
792.87311	54.443012
792.92395	58.290546
792.97479	55.009762
793.02563	48.845181
793.07648	46.339306
793.12726	51.280327
793.1781	55.241123
793.22894	53.84705
793.27979	52.286648
793.33063	52.896751
793.38147	58.189392
793.43231	51.690964
793.48309	48.184422
793.53394	50.842213
793.58478	57.663486
793.63562	61.445061
793.68646	58.801014
793.7373	52.569111
793.78815	52.088299
793.83899	53.661827
793.88977	50.22987
793.94061	49.571068
793.99146	57.873554
794.0423	58.138306
794.09314	56.169796
794.14398	51.020996
794.19482	51.948055
794.24561	54.891781
794.29645	56.343452
794.34729	58.234077
794.39813	62.836731
794.44897	60.84869
794.49982	59.206482
794.55066	56.407162
794.60144	54.594849
794.65228	60.311626
794.70313	55.369625
794.75397	51.592709
794.80481	53.842743
794.85565	54.113514
794.90649	54.568695
794.95728	55.71389
795.00812	55.557407
795.05896	55.147583
795.1098	58.023922
795.16064	52.606991
795.21149	50.063435
795.26233	53.661148
795.31311	52.538132
795.36395	56.565929
795.41479	58.638084
795.46564	57.691734
795.51648	58.619896
795.56732	57.103325
795.61816	55.491528
795.66895	56.009026
795.71979	57.132957
795.77063	56.272438
795.82147	54.280361
795.87231	52.780487
795.92316	54.549953
795.974	56.16618
796.02478	54.639091
796.07562	57.49992
796.12646	61.124641
796.17731	58.688297
796.22815	57.299366
796.27899	56.056129
796.32983	54.583813
796.38062	55.276863
796.43146	53.777523
796.4823	56.20219
796.53314	59.86644
796.58398	62.744244
796.63483	61.894657
796.68567	59.399632
796.73645	56.0228
796.78729	53.540089
796.83813	57.336014
796.88898	59.442284
796.93982	60.290489
796.99066	62.497704
797.0415	60.924122
797.09229	57.302578
797.14313	55.587135
797.19397	56.463203
797.24481	57.770489
797.29565	60.185822
797.3465	59.031292
797.39734	54.154869
797.44812	54.448086
797.49896	58.772526
797.5498	56.159618
797.60065	54.612091
797.65149	54.733025
797.70233	56.217659
797.75317	52.960926
797.80396	56.676952
797.8548	58.341202
797.90564	54.614605
797.95648	55.167778
798.00732	53.630894
798.05817	53.478626
798.10901	54.935753
798.15985	54.834747
798.21063	55.737183
798.26147	56.502476
798.31232	60.898445
798.36316	58.678482
798.414	55.833038
798.46484	60.034996
798.51569	59.008183
798.56647	56.000816
798.61731	59.575687
798.66815	61.582314
798.71899	61.524899
798.76984	58.005943
798.82068	59.042557
798.87152	55.966087
798.9223	54.242668
798.97314	51.148392
799.02399	55.286827
799.07483	57.268517
799.12567	56.817921
799.17651	58.256027
799.22736	58.73468
799.27814	57.231667
799.32898	62.368141
799.37982	57.745655
799.43066	59.190292
799.48151	58.039337
799.53235	56.140659
799.58319	57.029152
799.63397	53.321964
799.68481	58.803818
799.73566	59.142372
799.7865	57.220604
799.83734	57.659206
799.88818	57.180202
799.93903	58.881653
799.98981	60.050758
800.04065	58.761368
800.09149	57.47052
800.14233	53.78952
800.19318	51.958229
800.24402	53.974941
800.29486	54.394608
800.34564	55.520916
800.39648	56.874382
800.44733	61.100056
800.49817	56.110645
800.54901	61.470623
800.59985	59.217758
800.6507	59.368645
800.70148	50.861671
800.75232	56.606247
800.80316	60.512142
800.854	60.28862
800.90485	58.621651
800.95569	61.091156
801.00653	58.418266
801.05731	63.013168
801.10815	64.199394
801.159	60.231945
801.20984	66.274551
801.26068	56.168896
801.31152	55.843567
801.36237	61.969212
801.41315	58.055046
801.46399	60.903912
801.51483	56.358181
801.56567	57.092232
801.61652	60.534515
801.66736	64.454681
801.7182	56.013153
801.76898	58.293476
801.81982	57.224571
801.87067	54.527534
801.92151	61.699471
801.97235	55.795937
802.02319	61.033279
802.07404	58.934906
802.12488	59.212017
802.17566	61.204525
802.2265	61.352901
802.27734	65.633835
802.32819	60.884979
802.37903	60.14603
802.42987	55.607227
802.48071	55.457058
802.53149	58.060146
802.58234	63.50412
802.63318	59.771069
802.68402	57.246407
802.73486	56.196735
802.78571	56.474831
802.83655	59.824268
802.88733	52.719936
802.93817	53.840126
802.98901	53.685863
803.03986	62.79578
803.0907	57.978657
803.14154	56.432499
803.19238	57.949024
803.24316	57.649265
803.29401	60.106129
803.34485	54.781796
803.39569	59.268051
803.44653	63.065437
803.49738	60.827694
803.54822	62.877319
803.599	64.625023
803.64984	60.477852
803.70068	63.960266
803.75153	58.980061
803.80237	54.755371
803.85321	57.769287
803.90405	55.902855
803.95483	67.785851
804.00568	56.360699
804.05652	64.322868
804.10736	62.91193
804.1582	57.925716
804.20905	63.482788
804.25989	66.309479
804.31067	57.36116
804.36151	53.487503
804.41235	66.732376
804.4632	63.782597
804.51404	61.507053
804.56488	57.306339
804.61572	60.604748
804.6665	63.433426
804.71735	57.627739
804.76819	57.185841
804.81903	58.437168
804.86987	63.266296
804.92072	62.471272
804.97156	59.49744
805.02234	56.516838
805.07318	62.382507
805.12402	64.889847
805.17487	59.753876
805.22571	59.064335
805.27655	61.747242
805.32739	60.504585
805.37817	65.49913
805.42902	57.200859
805.47986	57.921619
805.5307	62.920399
805.58154	59.08403
805.63239	56.335312
805.68323	60.65379
805.73401	59.73827
805.78485	62.18111
805.83569	59.957516
805.88654	59.662975
805.93738	63.975372
805.98822	68.647675
806.03906	60.556786
806.08984	57.434731
806.14069	60.88953
806.19153	60.600079
806.24237	56.809845
806.29321	61.443268
806.34406	65.127182
806.3949	63.290493
806.44574	62.392994
806.49652	57.608955
806.54736	60.743351
806.59821	57.198631
806.64905	60.064545
806.69989	62.600578
806.75073	61.314735
806.80157	65.503868
806.85236	63.659904
806.9032	65.439255
806.95404	64.407196
807.00488	59.319466
807.05573	60.199177
807.10657	62.465317
807.15741	64.182472
807.20819	58.420319
807.25903	59.260658
807.30988	58.766834
807.36072	61.413853
807.41156	60.027607
807.4624	64.022881
807.51324	60.387531
807.56403	62.6693
807.61487	64.47023
807.66571	59.823669
807.71655	61.030888
807.7674	63.089783
807.81824	68.403557
807.86908	64.160255
807.91986	58.280632
807.9707	62.855499
808.02155	62.957165
808.07239	58.267376
808.12323	62.126801
808.17407	61.862629
808.22491	62.76133
808.2757	66.795418
808.32654	64.64109
808.37738	58.248791
808.42822	57.91235
808.47906	63.765381
808.52991	60.824245
808.58075	61.507286
808.63153	62.756931
808.68237	68.143707
808.73322	66.730637
808.78406	62.613178
808.8349	65.009232
808.88574	62.765026
808.93658	61.912449
808.98737	62.745438
809.03821	61.104389
809.08905	59.883839
809.13989	62.76189
809.19073	60.975609
809.24158	61.663017
809.29242	64.685524
809.3432	57.873058
809.39404	64.288284
809.44489	66.221611
809.49573	63.954914
809.54657	63.19379
809.59741	64.932823
809.64825	65.086723
809.69904	66.122108
809.74988	61.077591
809.80072	66.038429
809.85156	61.995918
809.9024	65.094894
809.95325	65.692352
810.00409	61.443157
810.05487	66.886147
810.10571	60.869053
810.15656	57.649658
810.2074	64.194214
810.25824	66.566269
810.30908	64.570457
810.35992	61.750202
810.41071	64.833359
810.46155	64.912766
810.51239	64.864151
810.56323	59.266827
810.61407	65.407715
810.66492	60.642033
810.71576	63.312851
810.7666	64.292801
810.81738	64.149353
810.86823	63.491238
810.91907	62.740875
810.96991	59.194801
811.02075	55.572914
811.07159	63.784363
811.12244	58.390736
811.17322	59.726936
811.22406	61.06535
811.2749	68.82785
811.32574	60.696941
811.37659	67.700958
811.42743	60.703709
811.47827	70.005791
811.52905	65.216873
811.5799	67.050385
811.63074	61.943417
811.68158	66.120667
811.73242	65.730484
811.78326	63.67107
811.83411	63.715637
811.88489	62.504734
811.93573	59.616989
811.98657	64.554306
812.03741	63.642952
812.08826	63.603642
812.1391	66.129875
812.18994	63.879238
812.24072	62.879932
812.29156	64.368637
812.34241	59.898808
812.39325	65.761902
812.44409	62.162807
812.49493	62.567684
812.54578	64.69252
812.59656	69.690842
812.6474	68.081253
812.69824	63.843067
812.74908	66.612915
812.79993	68.128212
812.85077	60.444218
812.90161	58.115974
812.95239	58.007175
813.00323	63.272408
813.05408	60.570686
813.10492	67.398994
813.15576	71.422989
813.2066	66.74482
813.25745	62.022823
813.30823	62.919334
813.35907	61.113266
813.40991	67.247131
813.46075	68.2005
813.5116	62.238041
813.56244	66.16877
813.61328	67.562782
813.66406	65.918282
813.7149	60.503555
813.76575	59.893063
813.81659	62.116398
813.86743	64.774063
813.91827	66.612236
813.96912	62.930637
814.0199	62.614273
814.07074	67.232498
814.12158	66.448105
814.17242	63.666786
814.22327	63.322083
814.27411	64.777306
814.32495	65.373177
814.37573	67.622658
814.42657	59.19767
814.47742	64.903481
814.52826	71.951622
814.5791	69.453682
814.62994	66.972923
814.68079	69.22831
814.73163	68.009583
814.78241	64.464775
814.83325	64.381416
814.88409	61.98724
814.93494	75.015335
814.98578	69.492607
815.03662	66.126938
815.08746	63.151192
815.13824	64.721161
815.18909	61.838074
815.23993	67.74337
815.29077	64.54612
815.34161	69.260193
815.39246	72.486229
815.4433	67.662064
815.49408	62.71722
815.54492	69.637085
815.59576	62.276875
815.64661	66.735619
815.69745	70.115578
815.74829	61.524738
815.79913	65.755882
815.84991	70.222755
815.90076	65.297729
815.9516	68.333336
816.00244	62.384266
816.05328	59.290306
816.10413	64.78302
816.15497	60.961941
816.20575	60.846321
816.25659	59.353809
816.30743	64.713097
816.35828	66.781364
816.40912	61.252922
816.45996	63.244831
816.5108	62.351563
816.56158	66.023865
816.61243	71.01722
816.66327	76.768639
816.71411	62.854919
816.76495	64.52816
816.8158	62.798176
816.86664	62.779583
816.91742	67.677574
816.96826	67.399529
817.0191	69.328537
817.06995	68.418907
817.12079	71.085106
817.17163	64.274529
817.22247	64.262833
817.27325	68.046761
817.3241	64.405075
817.37494	65.996277
817.42578	69.22963
817.47662	72.221329
817.52747	70.715446
817.57831	74.467064
817.62909	69.282585
817.67993	69.95256
817.73077	68.786659
817.78162	65.767685
817.83246	68.624123
817.8833	64.127052
817.93414	64.169998
817.98492	73.687347
818.03577	72.646164
818.08661	74.554947
818.13745	73.815956
818.18829	72.962891
818.23914	69.412338
818.28998	70.818512
818.34076	67.041817
818.3916	63.585316
818.44244	66.469269
818.49329	70.747993
818.54413	71.962891
818.59497	70.57975
818.64581	66.542603
818.69659	66.37281
818.74744	75.861931
818.79828	69.094215
818.84912	66.034309
818.89996	69.701347
818.95081	62.221111
819.00165	65.343903
819.05249	62.973583
819.10327	61.30624
819.15411	65.963684
819.20496	70.642899
819.2558	74.609024
819.30664	71.398048
819.35748	67.041512
819.40833	69.230057
819.45911	67.095993
819.50995	69.496124
819.56079	72.629707
819.61163	67.207573
819.66248	75.481804
819.71332	73.074409
819.76416	74.324898
819.81494	72.316322
819.86578	74.635445
819.91663	72.948997
819.96747	68.714058
820.01831	68.607613
820.06915	70.858871
820.12	71.38269
820.17078	69.769432
820.22162	68.364273
820.27246	67.962891
820.3233	67.962891
820.37415	70.992256
820.42499	72.38147
820.47583	70.173065
820.52661	75.579506
820.57745	78.805595
820.6283	77.404854
820.67914	74.606544
820.72998	67.05484
820.78082	63.551418
820.83167	66.916969
820.88245	62.573895
820.93329	65.545982
820.98413	70.962891
821.03497	69.827782
821.08582	67.249992
821.13666	66.536842
821.1875	67.53476
821.23828	67.984055
821.28912	69.704132
821.33997	76.638542
821.39081	77.037857
821.44165	73.417549
821.49249	77.464005
821.54333	77.09539
821.59412	75.090782
821.64496	68.779778
821.6958	62.979519
821.74664	65.732231
821.79749	63.045712
821.84833	61.149471
821.89917	69.516144
821.94995	71.746178
822.00079	70.061401
822.05164	73.139542
822.10248	76.590912
822.15332	73.169365
822.20416	67.913719
822.255	68.026245
822.30579	66.312363
822.35663	69.267845
822.40747	71.894676
822.45831	72.077316
822.50916	68.736679
822.56	67.108528
822.61084	71.539162
822.66162	72.464203
822.71246	73.013512
822.76331	66.241417
822.81415	71.283813
822.86499	74.833221
822.91583	67.998825
822.96667	73.528419
823.01752	69.890305
823.0683	68.535095
823.11914	71.947479
823.16998	70.465881
823.22083	72.48085
823.27167	71.506439
823.32251	70
823.37335	73.957687
823.42413	78.493141
823.47498	70.625092
823.52582	66.391052
823.57666	70.493446
823.6275	67.525696
823.67834	65.449371
823.72919	65.477982
823.77997	66.41291
823.83081	74.725533
823.88165	77.180206
823.9325	68.630272
823.98334	68.816437
824.03418	69.191566
824.08502	64.982368
824.1358	67.330589
824.18665	69.962891
824.23749	71.84449
824.28833	74.90168
824.33917	72.232643
824.39001	72.184624
824.44086	76.497581
824.49164	74.588875
824.54248	73.925446
824.59332	74.982864
824.64417	72.218613
824.69501	70.360573
824.74585	69.213196
824.79669	71.44342
824.84747	80.258232
824.89832	80.726166
824.94916	72.54483
825	71.841064
825.05084	78.962891
825.10168	76.714485
825.15253	71.271004
825.20331	67.515152
825.25415	67.855225
825.30499	68.962891
825.35583	69.407112
825.40668	67.746971
825.45752	68.501129
825.50836	73.420502
825.55914	73.119324
825.60999	76.81591
825.66083	75.510216
825.71167	65.962891
825.76251	65.526443
825.81335	69.333054
825.8642	71.089447
825.91498	63.816643
825.96582	63.574318
826.01666	67.863014
826.0675	68.984016
826.11835	71.540268
826.16919	74.962891
826.22003	72.824806
826.27081	75.944313
826.32166	74.156616
826.3725	66.932854
826.42334	72.02552
826.47418	66.303825
826.52502	66.099205
826.57587	67.71225
826.62665	68.931618
826.67749	76.343796
826.72833	78.882957
826.77917	75.962891
826.83002	77.217918
826.88086	74.38073
826.9317	65.914513
826.98248	67.992294
827.03333	74.584351
827.08417	76.891541
827.13501	76.419769
827.18585	71.224663
827.23669	72.549927
827.28754	76.92926
827.33838	83.160271
827.38916	76.19709
827.44	69.622047
827.49084	69.115509
827.54169	66.191467
827.59253	70.841827
827.64337	72.110344
827.69421	71.996185
827.745	75.028687
827.79584	73.350327
827.84668	74.1483
827.89752	69.894257
827.94836	71.817459
827.99921	74.425018
828.05005	72.629448
828.10083	73.647293
828.15167	74.904022
828.20251	72.924759
828.25336	74.801224
828.3042	70.227852
828.35504	71.381996
828.40588	77.039764
828.45667	71.634827
828.50751	71.747818
828.55835	79.542839
828.60919	78.382996
828.66003	68.967873
828.71088	71.177849
828.76172	68.871552
828.8125	67.711288
828.86334	69.656357
828.91418	74.462311
828.96503	72.704941
829.01587	76.27536
829.06671	77.255836
829.11755	77.83905
829.16833	72.948357
829.21918	71.973694
829.27002	71.134964
829.32086	73.568619
829.3717	72.639374
829.42255	70.908279
829.47339	69.768257
829.52417	72.80545
829.57501	71.735519
829.62585	66.307831
829.6767	74.134193
829.72754	72.145004
829.77838	72.266701
829.82922	72.985985
829.88	68.518394
829.93085	72.084038
829.98169	74.015785
830.03253	76.508499
830.08337	73.941208
830.13422	74.02549
830.18506	73.901802
830.23584	72.64328
830.28668	73.63369
830.33752	74.47963
830.38837	70.705994
830.43921	76.203796
830.49005	72.199043
830.54089	70.702713
830.59167	72.861252
830.64252	69.802498
830.69336	73.410667
830.7442	78.304214
830.79504	71.52475
830.84589	72.085022
830.89673	69.261475
830.94751	70.97728
830.99835	74.766983
831.04919	72.919807
831.10004	72.991516
831.15088	68.374557
831.20172	72.490135
831.25256	70.704521
831.30341	68.747444
831.35419	70.731628
831.40503	72.970474
831.45587	74.129868
831.50671	70.03511
831.55756	65.116241
831.6084	68.517181
831.65924	69.795662
831.71002	70.564171
831.76086	76.304329
831.81171	75.785492
831.86255	71.510834
831.91339	71.091629
831.96423	71.142998
832.01508	73.533546
832.06586	72.633293
832.1167	73.842766
832.16754	72.508621
832.21838	69.705704
832.26923	69.675018
832.32007	68.11615
832.37091	70.657875
832.42169	78.639862
832.47253	77.596344
832.52338	74.569633
832.57422	77.008919
832.62506	79.291298
832.6759	77.443893
832.72675	72.90403
832.77753	69.855804
832.82837	72.43232
832.87921	78.109436
832.93005	73.795799
832.9809	74.018616
833.03174	73.644791
833.08258	74.684166
833.13336	79.077141
833.1842	81.912331
833.23505	74.958015
833.28589	74.266853
833.33673	75.996666
833.38757	75.942886
833.43842	74.961006
833.4892	71.144722
833.54004	74.115059
833.59088	75.181709
833.64172	79.094696
833.69257	80.504585
833.74341	75.984306
833.79425	73.170929
833.84503	74.750198
833.89587	72.455666
833.94672	69.210442
833.99756	74.04557
834.0484	75.402939
834.09924	72.263344
834.15009	75.455811
834.20087	75.299446
834.25171	75.956581
834.30255	79.031113
834.35339	74.215591
834.40424	76.279419
834.45508	76.003868
834.50592	69.515007
834.5567	68.097374
834.60754	67.758369
834.65839	68.519241
834.70923	71.776199
834.76007	72.720978
834.81091	75.873985
834.86176	76.907326
834.91254	74.28376
834.96338	74.765381
835.01422	72.138916
835.06506	69.139526
835.11591	70.921188
835.16675	78.308937
835.21759	81.854195
835.26837	76.675255
835.31921	74.950348
835.37006	75.893555
835.4209	74.242767
835.47174	76.908882
835.52258	77.53447
835.57343	80.225189
835.62427	80.222046
835.67505	68.767738
835.72589	67.382561
835.77673	75.361969
835.82758	75.470001
835.87842	74.689171
835.92926	75.124657
835.9801	72.030746
836.03088	70.730423
836.08173	71.517662
836.13257	73.936119
836.18341	73.866867
836.23425	75.245407
836.2851	74.981117
836.33594	74.236855
836.38672	73.237305
836.43756	72.887733
836.4884	75.968941
836.53925	72.850319
836.59009	73.728569
836.64093	75.989403
836.69177	72.764107
836.74255	72.13237
836.7934	75.468361
836.84424	72.947128
836.89508	68.991791
836.94592	70.704109
836.99677	74.508415
837.04761	72.181885
837.09839	68.640358
837.14923	73.647209
837.20007	78.341988
837.25092	70.248627
837.30176	70.506729
837.3526	76.470108
837.40344	73.960327
837.45422	75.409927
837.50507	73.346275
837.55591	69.447685
837.60675	69.220757
837.65759	71.514671
837.70844	76.560562
837.75928	75.06395
837.81006	75.187744
837.8609	75.905434
837.91174	78.566803
837.96259	71.795052
838.01343	68.44265
838.06427	73.200226
838.11511	75.066345
838.16589	77.559479
838.21674	75.305901
838.26758	75.374069
838.31842	76.506866
838.36926	74.232353
838.4201	73.364067
838.47095	73.80188
838.52173	78.598923
838.57257	72.572411
838.62341	80.289398
838.67426	74.037064
838.7251	71.292
838.77594	72.723091
838.82678	75.144348
838.87756	75.666634
838.92841	72.39505
838.97925	68.254128
839.03009	76.102654
839.08093	81.423431
839.13177	76.978577
839.18262	74.511131
839.2334	76.272705
839.28424	74.490723
839.33508	71.392982
839.38593	72.336411
839.43677	71.894005
839.48761	73.872444
839.53845	75.829056
839.58929	75.634987
839.64008	75.38343
839.69092	78.949333
839.74176	78.108391
839.7926	77.993439
839.84344	70.818954
839.89429	67.532608
839.94513	72.945831
839.99591	76.337326
840.04675	76.03817
840.0976	73.20208
840.14844	72.696365
840.19928	78.231056
840.25012	76.55645
840.30096	79.808655
840.35175	72.778259
840.40259	72.613472
840.45343	70.888214
840.50427	68.872131
840.55511	70.581871
840.60596	75.226646
840.6568	76.664116
840.70758	73.868858
840.75842	75.686996
840.80927	76.769272
840.86011	81.64212
840.91095	81.712181
840.96179	74.580261
841.01263	72.983543
841.06342	72.421913
841.11426	80.103897
841.1651	83.575256
841.21594	76.569641
841.26678	68.436478
841.31763	77.489044
841.36847	77.663673
841.41925	77.702942
841.47009	78.284492
841.52094	80.141777
841.57178	76.273102
841.62262	76.263718
841.67346	80.668083
841.7243	75.693237
841.77509	79.921326
841.82593	75.117271
841.87677	70.634476
841.92761	71.028748
841.97845	73.64975
842.0293	75.373383
842.08014	75.889717
842.13092	79.938004
842.18176	74.353439
842.2326	73.576401
842.28345	74.578041
842.33429	78.288773
842.38513	71.346565
842.43597	68.089508
842.48676	70.547668
842.5376	74.527267
842.58844	82.429909
842.63928	74.434616
842.69012	79.481606
842.74097	72.507721
842.79181	73.278069
842.84259	74.434822
842.89343	68.831978
842.94427	66.740761
842.99512	69.352646
843.04596	68.146385
843.0968	72.422577
843.14764	80.15403
843.19843	72.473801
843.24927	74.77877
843.30011	71.653381
843.35095	80.707016
843.40179	81.466576
843.45264	74.185738
843.50348	76.921448
843.55426	73.377663
843.6051	72.394592
843.65594	74.543198
843.70679	78.284615
843.75763	79.098213
843.80847	78.124779
843.85931	72.837837
843.91016	75.385124
843.96094	74.229309
844.01178	81.527115
844.06262	67.910332
844.11346	73.240868
844.16431	77.098755
844.21515	80.11541
844.26599	74.828423
844.31677	77.100822
844.36761	78.03952
844.41846	78.043381
844.4693	76.057396
844.52014	80.804085
844.57098	73.029564
844.62183	79.886978
844.67261	77.944115
844.72345	70.877716
844.77429	76.92337
844.82513	78.331047
844.87598	76.570969
844.92682	75.323128
844.97766	79.013992
845.02844	72.44799
845.07928	83.727859
845.13013	78.311119
845.18097	82.048409
845.23181	81.170837
845.28265	86.586288
845.3335	75.721901
845.38428	75.771835
845.43512	69.82592
845.48596	68.463387
845.5368	70.906311
845.58765	71.445648
845.63849	75.564003
845.68933	85.706474
845.74011	87.675858
845.79095	79.279259
845.8418	79.409836
845.89264	75.16259
845.94348	69.103882
845.99432	70.554008
846.04517	78.67997
846.09595	80.235184
846.14679	69.404335
846.19763	79.069328
846.24847	73.259674
846.29932	78.420403
846.35016	78.251144
846.401	85.008751
846.45178	80.25238
846.50262	77.675537
846.55347	78.846634
846.60431	77.160889
846.65515	80.774742
846.70599	77.872208
846.75684	76.290642
846.80762	69.984634
846.85846	79.862587
846.9093	73.26992
846.96014	80.148796
847.01099	82.982338
847.06183	79.664261
847.11267	84.789169
847.16345	80.499062
847.21429	76.446938
847.26514	77.324471
847.31598	67.47776
847.36682	75.080605
847.41766	76.620079
847.46851	81.024567
847.51929	79.293839
847.57013	74.890121
847.62097	75.141548
847.67181	79.34623
847.72266	78.461136
847.7735	73.765213
847.82434	77.009583
847.87512	76.855186
847.92596	77.757462
847.97681	83.820999
848.02765	82.72123
848.07849	79.0588
848.12933	68.400429
848.18018	61.356876
848.23102	75.388054
848.2818	79.477371
848.33264	76.607765
848.38348	73.845451
848.43433	70.476959
848.48517	75.15271
848.53601	71.81601
848.58685	70.466354
848.63763	68.881149
848.68848	70.851143
848.73932	67.85289
848.79016	74.781548
848.841	77.784035
848.89185	78.832817
848.94269	73.238022
848.99347	71.523956
849.04431	73.284882
849.09515	65.294327
849.146	82.813599
849.19684	78.326004
849.24768	81.662224
849.29852	86.991753
849.3493	75.935745
849.40015	84.30983
849.45099	77.549667
849.50183	78.485954
849.55267	83.628197
849.60352	72.559395
849.65436	72.85759
849.70514	69.917244
849.75598	76.252975
849.80682	84.101044
849.85767	74.231796
849.90851	78.024139
849.95935	87.299637
850.01019	82.891449
850.06097	77.207245
850.11182	80.395142
850.16266	79.420624
850.2135	81.859032
850.26434	76.198151
850.31519	77.354958
850.36603	67.82608
850.41681	69.703438
850.46765	85.887299
850.51849	84.440674
850.56934	86.62542
850.62018	75.314072
850.67102	86.894554
850.72186	75.7715
850.77264	76.611595
850.82349	64.255753
850.87433	71.02375
850.92517	80.034073
850.97601	81.11631
851.02686	79.176765
851.0777	70.264694
851.12848	84.842415
851.17932	83.740646
851.23016	80.658333
851.28101	72.954689
851.33185	70.561539
851.38269	73.418571
851.43353	76.505676
851.48431	77.001892
851.53516	77.015038
851.586	67.60434
851.63684	79.827904
851.68768	79.308174
851.73853	80.408043
851.78937	84.391052
851.84015	91.656509
851.89099	87.820473
851.94183	79.527916
851.99268	65.171684
852.04352	76.167801
852.09436	73.075485
852.1452	79.741402
852.19604	85.238472
852.24683	89.720329
852.29767	92.595146
852.34851	87.352997
852.39935	84.166466
852.4502	81.720642
852.50104	74.006165
852.55188	79.82061
852.60266	70.446877
852.6535	80.94471
852.70435	80.609909
852.75519	86.507141
852.80603	75.83049
852.85687	76.052582
852.90771	82.086136
852.9585	88.220825
853.00934	83.859993
853.06018	86.481895
853.11102	81.836182
853.16187	76.158539
853.21271	73.21199
853.26355	78.539963
853.31433	76.373993
853.36517	78.034531
853.41602	76.971573
853.46686	78.392136
853.5177	81.681503
853.56854	89.352196
853.61938	86
853.67017	83.715111
853.72101	76.745667
853.77185	72.673775
853.82269	76.708099
853.87354	78.648293
853.92438	72.134766
853.97522	74.838959
854.026	79.70076
854.07684	77.696358
854.12769	76.79673
854.17853	81.894508
854.22937	81.547241
854.28021	75.403992
854.33105	77.876755
854.38184	79.609879
854.43268	74.969299
854.48352	70.722908
854.53436	71.509094
854.58521	75.602806
854.63605	78.134766
854.68689	80.682297
854.73767	83.184731
854.78851	80.459351
854.83936	84.44957
854.8902	87.040199
854.94104	82
854.99188	83.589729
855.04272	82.656158
855.09351	74.414948
855.14435	77.555763
855.19519	85.940964
855.24603	83.026413
855.29688	86.874664
855.34772	85.658646
855.39856	84.546455
855.44934	88.134766
855.50018	85.698677
855.55103	81.318672
855.60187	78.49247
855.65271	81.452179
855.70355	86.979225
855.75439	81.15683
855.80518	75.798271
855.85602	80.829224
855.90686	85.385681
855.9577	85.051331
856.00854	81.467575
856.05939	73.478584
856.11023	81.774208
856.16101	85.232666
856.21185	86.736603
856.2627	81.824776
856.31354	80.144539
856.36438	75.580696
856.41522	76.074303
856.46606	78.70723
856.51691	79.730507
856.56769	73.808479
856.61853	75.563995
856.66937	79.828758
856.72021	80.31881
856.77106	84
856.8219	84.46907
856.87274	88.302185
856.92352	84.419624
856.97437	72.729538
857.02521	69.070206
857.07605	73.399818
857.12689	81.943993
857.17773	85.513069
857.22858	86.046402
857.27936	86.149124
857.3302	85.563446
857.38104	87.992355
857.43188	79.051537
857.48273	70.080368
857.53357	75.542007
857.58441	83.583176
857.63519	83.97406
857.68604	74.989594
857.73688	74.202148
857.78772	82.158348
857.83856	81.363182
857.8894	78.640854
857.94025	83.241058
857.99103	80.74762
858.04187	79.739029
858.09271	85.21965
858.14355	86.594688
858.1944	83.345009
858.24524	73.903427
858.29608	78.497017
858.34686	87.612221
858.39771	91.330383
858.44855	88.9813
858.49939	82.198288
858.55023	80.563583
858.60107	79.375923
858.65192	81.555138
858.7027	85.204109
858.75354	84.848297
858.80438	85.23513
858.85522	79.734756
858.90607	77.474998
858.95691	79.055481
859.00775	80.77462
859.05853	83.269707
859.10938	82.938728
859.16022	85.642479
859.21106	89.135025
859.2619	81.457413
859.31274	81.538589
859.36359	81.890648
859.41437	81.726776
859.46521	81.042259
859.51605	75.681564
859.56689	78.087158
859.61774	74.249458
859.66858	69.05603
859.71942	68.033592
859.7702	72.831085
859.82104	75.606491
859.87189	78.97316
859.92273	76.553642
859.97357	72.470764
860.02441	79.938126
860.07526	83.995796
860.12604	83.372314
860.17688	75.197601
860.22772	69.20005
860.27856	78.00898
860.32941	84.956161
860.38025	84.005135
860.43109	88.096367
860.48193	85.385178
860.53271	86.556091
860.58356	82.690125
860.6344	75.994057
860.68524	79.207298
860.73608	80.143799
860.78693	84.106133
860.83777	79.389
860.88855	76.692474
860.93939	79.078621
860.99023	85.989868
861.04108	84.522697
861.09192	82.032845
861.14276	83.951324
861.1936	80.955421
861.24438	74.509605
861.29523	72.208199
861.34607	75.525215
861.39691	85.373199
861.44775	77.678741
861.4986	83.780632
861.54944	83.762276
861.60022	80.187103
861.65106	77.635368
861.7019	86.775635
861.75275	92.934357
861.80359	82.036232
861.85443	89.165146
861.90527	86.696281
861.95605	80.272217
862.0069	79.882652
862.05774	83.151054
862.10858	76.244911
862.15942	74.479324
862.21027	78.924652
862.26111	79.751869
862.31189	77.918121
862.36273	87.558601
862.41357	83.861626
862.46442	88.161057
862.51526	72.697998
862.5661	69.887009
862.61694	74.471344
862.66772	77.790634
862.71857	83.762688
862.76941	80.221207
862.82025	74.714256
862.87109	83.173813
862.92194	88.487755
862.97278	84.631943
863.02356	79.37429
863.0744	80.66362
863.12524	78.798691
863.17609	82.334801
863.22693	73.007545
863.27777	78.743629
863.32861	74.06752
863.37939	73.614189
863.43024	72.198326
863.48108	89.52224
863.53192	84.087151
863.58276	78.774643
863.63361	85.277504
863.68445	87.596405
863.73523	86.505684
863.78607	85.409424
863.83691	85.930328
863.88776	81.552475
863.9386	86.560555
863.98944	84.155571
864.04028	83.34687
864.09106	80.310158
864.14191	86.453438
864.19275	77.660088
864.24359	84.802528
864.29443	86.209656
864.34528	85.122429
864.39612	85.518242
864.4469	73.568596
864.49774	81.963135
864.54858	80.530281
864.59943	77.616104
864.65027	84.963913
864.70111	87.443909
864.75195	80.923241
864.8028	79.716072
864.85358	89.466988
864.90442	87.451843
864.95526	79.48423
865.0061	81.830833
865.05695	78.835304
865.10779	81.191719
865.15863	80.084885
865.20941	77.876381
865.26025	74.158386
865.3111	75.786888
865.36194	75.862656
865.41278	82.26902
865.46362	80.894653
865.51447	86.859779
865.56525	93.565063
865.61609	80.660278
865.66693	80.027641
865.71777	76.917503
865.76862	69.318573
865.81946	69.269829
865.8703	78.283386
865.92108	78.169846
865.97192	80.603508
866.02277	79.861015
866.07361	83.077171
866.12445	81.476334
866.17529	77.484825
866.22614	75.629967
866.27692	79.872581
866.32776	83.787605
866.3786	88.331543
866.42944	81.877556
866.48029	76.825165
866.53113	81.44136
866.58197	79.621086
866.63275	83.41922
866.68359	80.44236
866.73444	84.360405
866.78528	87.220192
866.83612	79.579697
866.88696	88.886192
866.93781	87.843864
866.98859	89.752029
867.03943	85.969673
867.09027	85.940872
867.14111	87.717575
867.19196	85.052429
867.2428	82.736465
867.29364	84.132431
867.34442	82.593414
867.39526	79.232941
867.44611	83.736069
867.49695	85.636627
867.54779	81.862686
867.59863	83.58139
867.64948	79.249718
867.70026	80.76519
867.7511	78.117294
867.80194	81.831413
867.85278	81.941391
867.90363	77.989922
867.95447	81.22541
868.00531	78.507416
868.05609	82.029312
868.10693	86.916313
868.15778	83.214752
868.20862	79.10215
868.25946	77.124123
868.3103	81.191315
868.36115	78.0979
868.41193	77.005081
868.46277	71.31852
868.51361	72.791176
868.56445	83.668602
868.6153	83.530807
868.66614	87.519302
868.71698	83.804878
868.76782	84.7743
868.8186	84.111633
868.86945	74.121552
868.92029	69.191612
868.97113	69.382217
869.02197	74.773994
869.07281	81.421974
869.12366	83.065056
869.17444	85.057106
869.22528	83.479836
869.27612	86.214828
869.32697	87.042587
869.37781	84.067993
869.42865	78.953064
869.47949	78.927361
869.53027	83.250374
869.58112	83.909073
869.63196	86.591232
869.6828	82.203911
869.73364	79.936417
869.78448	81.715759
869.83533	86.042351
869.88611	88.165657
869.93695	82.381004
869.98779	82.987511
870.03864	84.178566
870.08948	85.52478
870.14032	89.766838
870.19116	89.777306
870.24194	82.259285
870.29279	82.418739
870.34363	82.713593
870.39447	79.299171
870.44531	79.900528
870.49615	79.574394
870.547	84.280075
870.59778	89.445
870.64862	84.353989
870.69946	87.028465
870.75031	91.399239
870.80115	81.999916
870.85199	81.102943
870.90283	75.452599
870.95361	75.996315
871.00446	79.896317
871.0553	83.727997
871.10614	81.34269
871.15698	83.19194
871.20782	87.279671
871.25867	82.351807
871.30945	76.385643
871.36029	74.533997
871.41113	72.506042
871.46198	75.413567
871.51282	75.029739
871.56366	78.148964
871.6145	79.511513
871.66528	77.117554
871.71613	74.999138
871.76697	81.853851
871.81781	86.779541
871.86865	83.069397
871.91949	85.847496
871.97034	88.167557
872.02112	87.852905
872.07196	78.259064
872.1228	74.61171
872.17365	76.577522
872.22449	79.796356
872.27533	77.06958
872.32617	75.457748
872.37695	80.003586
872.4278	82.487701
872.47864	85.963356
872.52948	84.513153
872.58032	77.796539
872.63116	78.072586
872.68201	74.761383
872.73279	78.697151
872.78363	88.287117
872.83447	85.160225
872.88531	84.849136
872.93616	79.297119
872.987	82.324821
873.03784	77.933228
873.08868	84.190849
873.13947	89.8339
873.19031	90.788414
873.24115	89.396866
873.29199	90.437531
873.34283	81.660019
873.39368	73.770531
873.44452	73.773674
873.4953	79.181763
873.54614	81.244591
873.59698	82.652657
873.64783	77.278358
873.69867	77.617317
873.74951	78.350945
873.80035	83.271263
873.85114	86.094124
873.90198	78.025116
873.95282	85.839828
874.00366	87.476112
874.0545	74.648346
874.10535	76.294571
874.15619	71.995773
874.20697	70.563713
874.25781	69.399612
874.30865	79.889915
874.3595	86.72757
874.41034	81.585548
874.46118	81.951103
874.51202	83.221764
874.56281	78.628983
874.61365	72.361427
874.66449	72.361664
874.71533	70.278389
874.76617	78.419922
874.81702	75.646439
874.86786	74.031441
874.91864	72.806381
874.96948	80.51564
875.02032	78.014061
875.07117	85.776527
875.12201	82.891342
875.17285	80.437317
875.22369	80.409241
875.27448	84.857323
875.32532	81.078987
875.37616	77.257599
875.427	72.041809
875.47784	67.771431
875.52869	78.237114
875.57953	87.268982
875.63031	85.650154
875.68115	81.641373
875.73199	82.045105
875.78284	83.300789
875.83368	84.989067
875.88452	87.425316
875.93536	79.819855
875.98615	76.316551
876.03699	80.683655
876.08783	81.969086
876.13867	87.936989
876.18951	82.14225
876.24036	78.553368
876.2912	81.019997
876.34198	77.788872
876.39282	73.382294
876.44366	82.578636
876.49451	77.962654
876.54535	75.10408
876.59619	74.248543
876.64703	75.987068
876.69781	80.13044
876.74866	74.50515
876.7995	75.646973
876.85034	72.278999
876.90118	72.388748
876.95203	76.21946
877.00287	78.099426
877.05365	74.219505
877.10449	78.125305
877.15533	75.779716
877.20618	80.7808
877.25702	77.55365
877.30786	74.030144
877.3587	74.078537
877.40955	66.044952
877.46033	67.123711
877.51117	73.165436
877.56201	77.374428
877.61285	83.614433
877.6637	82.930916
877.71454	84.059464
877.76538	79.729279
877.81616	70.012939
877.867	69.646278
877.91785	69.745491
877.96869	70.819183
878.01953	68.607964
878.07037	71.266426
878.12122	66.95546
878.172	77.051208
878.22284	84.741951
878.27368	80.028831
878.32452	71.65152
878.37537	70.855919
878.42621	78.903557
878.47705	69.596657
878.52783	77.44426
878.57867	75.400185
878.62952	73.082932
878.68036	75.250877
878.7312	69.244583
878.78204	73.441154
878.83289	77.57457
878.88367	75.62825
878.93451	77.205185
878.98535	67.798561
879.03619	82.893547
879.08704	74.600044
879.13788	72.044197
879.18872	67.4571
879.2395	79.139839
879.29034	78.961319
879.34119	62.940887
879.39203	72.251801
879.44287	69.826828
879.49371	61.317749
879.54456	61
879.59534	69.504227
879.64618	61.211292
879.69702	77.664383
879.74786	73.076462
879.79871	70.032524
879.84955	79.936096
879.90039	60.038795
879.95117	65.989563
880.00201	58.057552
880.05286	68.020409
880.1037	70.029312
880.15454	71.694283
880.20538	55.97644
880.25623	55.300926
880.30701	66.003815
880.35785	73.273758
880.40869	61.000004
880.45953	60.954189
880.51038	60.301571
880.56122	65.72644
880.61206	60.940838
880.66284	59.411201
880.71368	51.306068
880.76453	59
880.81537	59.461792
880.86621	65.304832
880.91705	69.087608
880.9679	72.834457
881.01868	73.010246
881.06952	66.793747
881.12036	72.444962
881.1712	57.918804
881.22205	49.562851
881.27289	54.117161
881.32373	56.22678
881.37457	65.221733
881.42535	66.514648
881.4762	63.503674
881.52704	54.702404
881.57788	58.527554
881.62872	56.195904
881.67957	58.78381
881.73041	59.597149
881.78119	62.293724
881.83203	60.508789
881.88287	63.303562
881.93372	63.004837
881.98456	55.136303
882.0354	56.358215
882.08624	59.915886
882.13702	62.756607
882.18787	58.593674
882.23871	59.038071
882.28955	62.52161
882.34039	61.611248
882.39124	62.522415
882.44208	57.013107
882.49286	63.582737
882.5437	60.278172
882.59454	61.275581
882.64539	58.443169
882.69623	57.750511
882.74707	57.403847
882.79791	50.096706
882.84869	56.477974
882.89954	57.916172
882.95038	59.87611
883.00122	50.87059
883.05206	54.963051
883.10291	57.124844
883.15375	54.11042
883.20453	52
883.25537	51.386711
883.30621	48.670849
883.35706	49.001308
883.4079	56.884796
883.45874	54.81176
883.50958	48.824528
883.56036	52.91357
883.61121	52.40147
883.66205	53.485809
883.71289	56.127464
883.76373	53.11602
883.81458	50.472374
883.86542	51.00547
883.9162	49.091419
883.96704	47.5229
884.01788	49.824932
884.06873	54.843929
884.11957	52.230213
884.17041	51.206909
884.22125	50.724552
884.27203	48.243801
884.32288	55.433735
884.37372	50.777149
884.42456	49.163193
884.4754	49.659931
884.52625	44.642097
884.57709	48.634773
884.62787	48.63821
884.67871	50.858376
884.72955	52.859768
884.7804	51.725513
884.83124	53.643234
884.88208	48.969883
884.93292	47.350319
884.9837	48.487755
885.03455	48.381111
885.08539	50.363998
885.13623	51.358631
885.18707	53.443115
885.23792	54.422726
885.28876	48.739952
885.33954	44.163792
885.39038	41.283031
885.44122	44.167202
885.49207	46.656593
885.54291	46.434158
885.59375	50.885708
885.64459	49.513878
885.69543	46.98793
885.74622	48.462608
885.79706	47.118908
885.8479	50.994919
885.89874	50.031471
885.94958	47.933636
886.00043	42.886574
886.05127	41.881035
886.10205	42.51825
886.15289	44.837189
886.20374	49.241238
886.25458	48.224392
886.30542	46.10854
886.35626	46.550453
886.4071	50.888821
886.45789	50.871319
886.50873	41.171108
886.55957	45.560982
886.61041	47.141754
886.66125	43.206875
886.7121	44.733307
886.76294	46.688992
886.81372	48.908535
886.86456	47.639565
886.91541	49.753841
886.96625	53.138557
887.01709	48.060852
887.06793	42.117199
887.11877	43.66835
887.16956	41.793713
887.2204	41.677982
887.27124	40.499687
887.32208	44.536736
887.37292	41.234375
887.42377	48.196297
887.47461	45.323891
887.52539	40.620426
887.57623	49.973274
887.62708	47.399273
887.67792	48.992126
887.72876	42.498642
887.7796	42.575222
887.83044	43.817585
887.88123	48.12125
887.93207	42.358994
887.98291	46.857601
888.03375	43.571091
888.08459	46.990894
888.13544	45.397362
888.18628	47.365173
888.23706	48.611874
888.2879	45.47007
888.33875	49.406654
888.38959	44.450191
888.44043	45.760616
888.49127	47.799347
888.54211	40.516628
888.5929	40.657452
888.64374	47.1777
888.69458	41.5
888.74542	41.694092
888.79626	42.682629
888.84711	44.634724
888.89795	41.179077
888.94873	41.959053
888.99957	45.859058
889.05042	41.141991
889.10126	38.792683
889.1521	40.712479
889.20294	45.952866
889.25378	44.746761
889.30457	39.734558
889.35541	37.849056
889.40625	46.640091
889.45709	40.574589
889.50793	34.086258
889.55878	44.744141
889.60962	44.744144
889.66046	44.433697
889.71124	38.759121
889.76208	39.321457
889.81293	44.337646
889.86377	48.373856
889.91461	44
889.96545	43.333839
890.0163	37.55891
890.06708	45.000004
890.11792	44.775101
890.16876	42.85014
890.2196	42.028847
890.27045	43.300503
890.32129	38.919922
890.37213	41.027939
890.42291	46.231358
890.47375	40.834652
890.5246	36.084042
890.57544	43.311859
890.62628	45.637505
890.67712	43.569462
890.72797	42.358044
890.77875	43.888042
890.82959	39.149075
890.88043	37.07394
890.93127	39.017609
890.98212	47.237782
891.03296	49.780716
891.0838	44.451897
891.13458	45.010231
891.18542	43.12664
891.23627	44.097046
891.28711	42.980186
891.33795	38.644051
891.38879	40.280586
891.43964	40.749058
891.49042	40.771702
891.54126	43.83672
891.5921	39.451946
891.64294	39.226749
891.69379	40.331757
891.74463	39.388882
891.79547	37.691265
891.84625	37.010059
891.89709	36.006271
891.94794	38.82
891.99878	39.182045
892.04962	37.673344
892.10046	39.528378
892.15131	40.074017
892.20209	41.238365
892.25293	42.185619
892.30377	44.438374
892.35461	42.585583
892.40546	37.794579
892.4563	36.53611
892.50714	40.152382
892.55792	37.9888
892.60876	40.193554
892.65961	39.217861
892.71045	39.915577
892.76129	41.886169
892.81213	39.918842
892.86298	39.088497
892.91376	40.345585
892.9646	41.161644
893.01544	40.27467
893.06628	37.82618
893.11713	35.662369
893.16797	39.001045
893.21881	38.063854
893.26959	36.276062
893.32043	37.875641
893.37128	36.296326
893.42212	37.833221
893.47296	40.100594
893.5238	37.751595
893.57465	39.304119
893.62543	40.450367
893.67627	38.623795
893.72711	36.592716
893.77795	34.368572
893.8288	38.576103
893.87964	37.466087
893.93048	37.644524
893.98132	38.410023
894.0321	37.031433
894.08295	38.57682
894.13379	41.333786
894.18463	37.622124
894.23547	35.744915
894.28632	36.259331
894.33716	37.367809
894.38794	40.192177
894.43878	36.731857
894.48962	37.044044
894.54047	38.640156
894.59131	36.958809
894.64215	39.049507
894.69299	36.180691
894.74377	34.788704
894.79462	38.20433
894.84546	39.154137
894.8963	40.969326
894.94714	39.000584
894.99799	39.869656
895.04883	41.278751
895.09961	37.15744
895.15045	37.096447
895.20129	36.816139
895.25214	39.30759
895.30298	34.862419
895.35382	36.305206
895.40466	35.524071
895.45544	34.013069
895.50629	36.834705
895.55713	37.533867
895.60797	36.142925
895.65881	40.084732
895.70966	36.275246
895.7605	35.326134
895.81128	34.802227
895.86212	32.927704
895.91296	37.845467
895.96381	31.902142
896.01465	37.523106
896.06549	33.045334
896.11633	38.158222
896.16711	39.429108
896.21796	34.403439
896.2688	36.393768
896.31964	39.533665
896.37048	33.549683
896.42133	41.234581
896.47217	39.939785
896.52295	36.480846
896.57379	34.515667
896.62463	32.645218
896.67548	36.076149
896.72632	37.206253
896.77716	38.303123
896.828	38.335667
896.87878	37.876846
896.92963	39.6021
896.98047	37.917011
897.03131	38.403473
897.08215	36.010597
897.133	36.550312
897.18384	37.625988
897.23462	39.616127
897.28546	37.165489
897.3363	35.751572
897.38715	34.160698
897.43799	35.081093
897.48883	36.010109
897.53967	35.675121
897.59045	35.89352
897.6413	35.369518
897.69214	36.44381
897.74298	38.883801
897.79382	35.557812
897.84467	36.291348
897.89551	37.857933
897.94635	40.174088
897.99713	37.443367
898.04797	37.248245
898.09882	37.447994
898.14966	37.652538
898.2005	36.961269
898.25134	34.646099
898.30219	34.910824
898.35297	36.232513
898.40381	35.514973
898.45465	36.63369
898.50549	36.824684
898.55634	34.953026
898.60718	35.928497
898.65802	36.747055
898.7088	33.696476
898.75964	34.162006
898.81049	35.414215
898.86133	35.873466
898.91217	35.699768
898.96301	36.18568
899.01385	36.515564
899.06464	37.76783
899.11548	37.298084
899.16632	33.724083
899.21716	35.044029
899.26801	36.27652
899.31885	36.362705
899.36969	35.971363
899.42047	38.086544
899.47131	39.699516
899.52216	36.136093
899.573	37.050358
899.62384	39.779781
899.67468	35.919586
899.72552	38.941448
899.77631	38.973667
899.82715	36.370846
899.87799	36.005634
899.92883	35.623173
899.97968	33.978966
900.03052	34.17437
900.08136	37.190052
900.13214	35.482021
900.18298	35.061859
900.23383	34.848454
900.28467	33.757931
900.33551	35.474915
900.38635	36.503548
900.43719	34.771942
900.48798	36.734234
900.53882	39.31797
900.58966	37.051563
900.6405	33.528618
900.69135	36.989113
900.74219	35.684811
900.79303	35.653339
900.84381	34.230762
900.89465	35.634106
900.9455	33.866753
900.99634	35.690815
901.04718	35.484951
901.09802	34.299191
901.14886	37.647186
901.19965	34.461838
901.25049	33.763454
901.30133	33.972996
901.35217	36.960461
901.40302	36.605991
901.45386	35.497299
901.5047	35.871479
901.55548	34.515396
901.60632	33.373928
901.65717	33.964603
901.70801	36.518959
901.75885	38.076042
901.80969	33.793518
901.86053	37.362747
901.91132	36.025352
901.96216	30.867598
902.013	33.325062
902.06384	36.072975
902.11469	36.027897
902.16553	34.911068
902.21637	37.201038
902.26721	37.051483
902.31799	37.420948
902.36884	36.958775
902.41968	33.371357
902.47052	35.731415
902.52136	35.878101
902.5722	38.610664
902.62305	36.55336
902.67383	35.705479
902.72467	33.251637
902.77551	33.471043
902.82635	34.996239
902.8772	36.210804
902.92804	32.365669
902.97888	33.147964
903.02966	35.761902
903.08051	34.794384
903.13135	35.378014
903.18219	36.980057
903.23303	33.25354
903.28387	32.981895
903.33472	38.080898
903.3855	35.770336
903.43634	36.699379
903.48718	34.781345
903.53802	38.616417
903.58887	33.344788
903.63971	32.443573
903.69055	34.96019
903.74133	35.82502
903.79218	35.828751
903.84302	36.874916
903.89386	37.952221
903.9447	35.130756
903.99554	33.068134
904.04639	32.372864
904.09717	33.915066
904.14801	33.98568
904.19885	35.430958
904.24969	35.529301
904.30054	36.209473
904.35138	34.660213
904.40222	35.309013
904.453	37.185669
904.50385	36.320057
904.55469	34.212109
904.60553	33.779213
904.65637	35.878258
904.70721	32.526897
904.75806	34.44603
904.80884	33.494446
904.85968	34.215103
904.91052	33.879723
904.96136	36.74435
905.01221	35.585068
905.06305	32.925961
905.11389	34.176823
905.16467	34.327389
905.21552	34.429211
905.26636	34.495628
905.3172	35.123451
905.36804	35.681751
905.41888	33.422657
905.46973	33.490494
905.52051	33.582165
905.57135	34.141731
905.62219	34.661995
905.67303	33.849422
905.72388	34.699478
905.77472	36.321655
905.82556	35.071312
905.87634	30.97366
905.92719	33.999393
905.97803	37.314693
906.02887	33.256115
906.07971	35.9571
906.13055	36.456703
906.1814	34.960423
906.23218	33.242821
906.28302	33.044804
906.33386	35.912045
906.3847	35.698288
906.43555	32.803158
906.48639	34.182541
906.53723	36.597992
906.58807	34.074802
906.63885	32.600914
906.6897	34.902473
906.74054	36.774593
906.79138	34.429756
906.84222	35.075958
906.89307	34.466022
906.94391	34.25024
906.99469	35.635296
907.04553	34.79615
907.09637	35.321991
907.14722	36.441822
907.19806	36.895878
907.2489	34.112209
907.29974	32.896908
907.35052	32.857174
907.40137	34.671822
907.45221	35.695412
907.50305	37.232445
907.55389	35.44751
907.60474	33.079964
907.65558	34.792194
907.70636	36.244442
907.7572	35.516846
907.80804	31.207119
907.85889	32.359631
907.90973	34.815781
907.96057	34.433296
908.01141	33.173668
908.06219	35.475098
908.11304	38.444447
908.16388	34.694813
908.21472	33.381962
908.26556	35.540203
908.31641	36.634384
908.36725	32.228336
908.41803	33.832287
908.46887	35.913868
908.51971	35.150391
908.57056	32.447643
908.6214	33.844055
908.67224	34.859753
908.72308	34.736774
908.77386	32.594635
908.82471	33.138165
908.87555	32.290165
908.92639	34.119606
908.97723	32.554874
909.02808	32.070915
909.07892	32.344883
909.1297	35.887093
909.18054	32.798477
909.23138	31.366085
909.28223	33.710709
909.33307	32.43705
909.38391	36.768814
909.43475	35.337627
909.48553	38.34333
909.53638	34.528297
909.58722	34.903221
909.63806	33.276554
909.6889	31.834728
909.73975	34.527142
909.79059	37.078903
909.84137	36.436451
909.89221	36.785034
909.94305	34.762554
909.9939	32.122784
910.04474	32.901924
910.09558	33.698635
910.14642	33.048691
910.1972	33.731194
910.24805	33.744263
910.29889	31.162796
910.34973	33.637627
910.40057	35.794243
910.45142	37.583977
910.50226	36.901493
910.5531	35.574593
910.60388	32.195316
910.65472	33.354305
910.70557	27.809097
910.75641	36.365044
910.80725	32.962643
910.85809	35.550602
910.90894	34.841373
910.95972	34.41325
911.01056	37.320599
911.0614	35.316925
911.11224	33.528927
911.16309	36.174374
911.21393	34.283508
911.26477	37.264999
911.31555	33.86351
911.36639	33.720497
911.41724	33.733635
911.46808	32.987389
911.51892	33.674038
911.56976	34.214653
911.62061	33.948502
911.67139	28.534008
911.72223	34.160213
911.77307	38.305763
911.82391	37.381046
911.87476	34.60997
911.9256	33.248787
911.97644	33.467731
912.02722	34.359055
912.07806	36.252941
912.12891	38.626537
912.17975	36.086063
912.23059	33.548317
912.28143	31.27178
912.33228	33.734581
912.38306	33.138523
912.4339	34.732647
912.48474	35.264359
912.53558	32.772549
912.58643	35.130871
912.63727	35.676327
912.68811	33.610165
912.73889	32.789989
912.78973	34.4604
912.84058	35.975029
912.89142	35.927105
912.94226	35.647766
912.9931	35.858437
913.04395	34.044479
913.09473	34.350742
913.14557	34.144203
913.19641	32.999054
913.24725	34.141922
913.2981	34.262962
913.34894	32.184757
913.39978	31.938292
913.45056	32.38932
913.5014	32.38031
913.55225	33.91095
913.60309	32.761436
913.65393	30.91703
913.70477	31.27141
913.75562	31.133247
913.8064	32.224613
913.85724	32.949875
913.90808	33.713604
913.95892	32.401237
914.00977	33.101841
914.06061	33.60416
914.11145	34.396561
914.16223	33.571503
914.21307	32.62075
914.26392	32.576172
914.31476	34.175194
914.3656	33.774132
914.41644	34.525627
914.46729	36.762829
914.51807	34.426807
914.56891	32.758476
914.61975	33.51218
914.67059	36.308224
914.72144	36.781349
914.77228	35.099018
914.82312	36.643959
914.87396	32.775497
914.92474	35.240677
914.97559	34.65741
915.02643	33.776028
915.07727	33.85461
915.12811	30.706621
915.17896	34.176189
915.2298	37.099022
915.28058	32.352631
915.33142	33.724205
915.38226	33.353523
915.43311	32.692833
915.48395	36.091213
915.53479	34.154484
915.58563	33.301407
915.63641	38.102829
915.68726	31.22134
915.7381	35.215454
915.78894	33.619358
915.83978	39.020176
915.89063	34.509403
915.94147	30.040506
915.99225	34.239761
916.04309	32.520142
916.09393	36.352234
916.14478	34.557362
916.19562	35.534924
916.24646	33.927685
916.2973	32.379238
916.34808	33.684147
916.39893	35.253578
916.44977	35.885342
916.50061	33.698639
916.55145	32.978725
916.60229	36.158585
916.65314	31.880848
916.70392	32.68745
916.75476	32.579189
916.8056	34.892406
916.85645	34.352081
916.90729	31.359957
916.95813	31.078432
917.00897	35.808655
917.05975	36.3204
917.1106	35.210613
917.16144	31.853014
917.21228	33.383293
917.26312	33.763687
917.31396	32.756618
917.36481	32.414127
917.41559	34.056179
917.46643	33.313095
917.51727	35.33231
917.56812	36.769958
917.61896	36.247387
917.6698	32.816177
917.72064	32.049515
917.77142	33.42923
917.82227	34.161423
917.87311	35.509811
917.92395	33.435642
917.97479	32.101891
918.02563	32.716019
918.07648	32.883755
918.12726	34.995548
918.1781	34.912647
918.22894	34.380585
918.27979	32.759525
918.33063	34.269485
918.38147	35.20116
918.43231	34.362228
918.48309	34.190712
918.53394	33.10891
918.58478	36.30378
918.63562	37.093575
918.68646	35.641201
918.7373	35.64732
918.78815	37.047756
918.83899	36.758999
918.88977	34.341522
918.94061	34.047581
918.99146	34.148487
919.0423	33.902218
919.09314	34.661606
919.14398	34.469872
919.19482	33.981983
919.24561	34.68745
919.29645	34.556969
919.34729	33.388672
919.39813	34.999107
919.44897	34.89006
919.49982	35.367504
919.55066	34.973976
919.60144	33.870651
919.65228	31.31723
919.70313	33.655056
919.75397	33.206886
919.80481	35.065701
919.85565	34.80777
919.90649	35.272076
919.95728	33.327366
920.00812	33.360283
920.05896	35.512699
920.1098	34.820866
920.16064	34.605942
920.21149	33.573704
920.26233	33.557907
920.31311	33.833279
920.36395	34.245987
920.41479	33.299236
920.46564	31.521688
920.51648	31.951082
920.56732	33.211735
920.61816	35.222435
920.66895	37.234402
920.71979	34.623451
920.77063	34.786133
920.82147	34.0424
920.87231	35.774567
920.92316	31.653391
920.974	34.952217
921.02478	34.450077
921.07562	32.082039
921.12646	34.053658
921.17731	35.768452
921.22815	35.287136
921.27899	33.996731
921.32983	33.529346
921.38062	35.801159
921.43146	37.090179
921.4823	33.540134
921.53314	30.690365
921.58398	36.270035
921.63483	34.445847
921.68567	33.317623
921.73645	32.84087
921.78729	34.406143
921.83813	33.367687
921.88898	34.415955
921.93982	34.469086
921.99066	34.024559
922.0415	34.61607
922.09229	34.750877
922.14313	33.392376
922.19397	35.165428
922.24481	36.73135
922.29565	34.116268
922.3465	36.596176
922.39734	34.806099
922.44812	32.883266
922.49896	33.429691
922.5498	32.496574
922.60065	33.811024
922.65149	34.807037
922.70233	35.330132
922.75317	34.667603
922.80396	33.084999
922.8548	31.545689
922.90564	32.809956
922.95648	35.268864
923.00732	34.392838
923.05817	32.894119
923.10901	36.206669
923.15985	34.806339
923.21063	33.228348
923.26147	34.079361
923.31232	34.964428
923.36316	35.733292
923.414	36.928047
923.46484	32.881977
923.51569	30.062384
923.56647	32.047638
923.61731	34.83593
923.66815	34.297916
923.71899	32.551216
923.76984	31.793348
923.82068	34.609406
923.87152	35.081448
923.9223	35.453163
923.97314	35.94241
924.02399	33.959747
924.07483	34.874554
924.12567	35.776184
924.17651	35.106068
924.22736	33.413723
924.27814	32.85947
924.32898	33.623665
924.37982	35.102684
924.43066	35.752319
924.48151	33.41053
924.53235	31.814817
924.58319	33.614887
924.63397	33.034863
924.68481	35.323399
924.73566	36.475559
924.7865	34.077408
924.83734	36.331715
924.88818	34.973911
924.93903	34.626659
924.98981	33.560863
925.04065	33.880322
925.09149	33.799255
925.14233	35.815773
925.19318	34.274876
925.24402	34.859081
925.29486	36.565784
925.34564	33.016445
925.39648	33.552731
925.44733	35.3955
925.49817	36.542519
925.54901	33.829315
925.59985	36.123573
925.6507	33.700478
925.70148	30.31086
925.75232	34.26223
925.80316	35.347939
925.854	34.751266
925.90485	35.630798
925.95569	34.672371
926.00653	34.28994
926.05731	34.993599
926.10815	33.789627
926.159	34.620678
926.20984	34.252174
926.26068	34.766605
926.31152	37.420605
926.36237	36.053646
926.41315	37.475487
926.46399	30.033144
926.51483	31.359091
926.56567	34.499077
926.61652	36.482716
926.66736	34.595486
926.7182	34.112808
926.76898	36.400875
926.81982	35.283131
926.87067	33.588753
926.92151	34.106861
926.97235	36.249599
927.02319	34.736111
927.07404	37.637516
927.12488	35.080826
927.17566	34.735893
927.2265	32.824493
927.27734	35.479065
927.32819	36.493645
927.37903	34.174885
927.42987	34.802742
927.48071	32.12252
927.53149	32.041122
927.58234	32.211811
927.63318	34.232887
927.68402	36.494549
927.73486	32.295067
927.78571	31.519648
927.83655	35.226833
927.88733	34.313683
927.93817	35.592999
927.98901	34.839558
928.03986	35.808086
928.0907	35.262173
928.14154	34.694344
928.19238	35.215481
928.24316	36.894867
928.29401	34.26115
928.34485	35.092255
928.39569	34.364422
928.44653	33.059498
928.49738	34.857445
928.54822	34.507454
928.599	33.485374
928.64984	35.71162
928.70068	34.134541
928.75153	34.01619
928.80237	33.777451
928.85321	34.122551
928.90405	34.190792
928.95483	34.842781
929.00568	35.593246
929.05652	34.951576
929.10736	35.056835
929.1582	36.158966
929.20905	36.406727
929.25989	32.894966
929.31067	32.559513
929.36151	35.99194
929.41235	33.748188
929.4632	35.198925
929.51404	36.27029
929.56488	35.981888
929.61572	35.714783
929.6665	35.076546
929.71735	34.222363
929.76819	33.391457
929.81903	36.612106
929.86987	36.615574
929.92072	35.378498
929.97156	33.798626
930.02234	33.564369
930.07318	35.511543
930.12402	33.007511
930.17487	34.632599
930.22571	35.377125
930.27655	35.703663
930.32739	33.685024
930.37817	35.315048
930.42902	36.331928
930.47986	32.401989
930.5307	33.336617
930.58154	34.866272
930.63239	34.798523
930.68323	35.397305
930.73401	35.776611
930.78485	34.907108
930.83569	35.960827
930.88654	35.583206
930.93738	33.952644
930.98822	34.184032
931.03906	33.924549
931.08984	35.734722
931.14069	35.403881
931.19153	35.581184
931.24237	34.668617
931.29321	35.68211
931.34406	36.433708
931.3949	33.587021
931.44574	32.004025
931.49652	33.019512
931.54736	33.645966
931.59821	34.903049
931.64905	36.680351
931.69989	34.210003
931.75073	36.736084
931.80157	35.564381
931.85236	35.910847
931.9032	32.453579
931.95404	32.46151
932.00488	33.348335
932.05573	34.846951
932.10657	36.096504
932.15741	31.996735
932.20819	36.085903
932.25903	33.765881
932.30988	34.232368
932.36072	34.652443
932.41156	34.302937
932.4624	36.385792
932.51324	34.700436
932.56403	33.58102
932.61487	34.212605
932.66571	33.804192
932.71655	34.959698
932.7674	34.565392
932.81824	37.527473
932.86908	34.44173
932.91986	33.19495
932.9707	37.677486
933.02155	36.391682
933.07239	35.606258
933.12323	37.969681
933.17407	34.246834
933.22491	34.127483
933.2757	36.785015
933.32654	37.652889
933.37738	35.614426
933.42822	33.566673
933.47906	31.382696
933.52991	34.698944
933.58075	35.252022
933.63153	35.298248
933.68237	37.254471
933.73322	36.345558
933.78406	35.721188
933.8349	37.080959
933.88574	36.432571
933.93658	33.991722
933.98737	36.06715
934.03821	35.011108
934.08905	34.336914
934.13989	33.215767
934.19073	36.407272
934.24158	37.189117
934.29242	35.82518
934.3432	36.992149
934.39404	35.21656
934.44489	34.510227
934.49573	37.004211
934.54657	34.340229
934.59741	32.445213
934.64825	33.990185
934.69904	35.880638
934.74988	36.340584
934.80072	35.218678
934.85156	35.632843
934.9024	34.813717
934.95325	35.298172
935.00409	34.896954
935.05487	35.347195
935.10571	34.531624
935.15656	34.565929
935.2074	33.116814
935.25824	33.830395
935.30908	37.623886
935.35992	35.874413
935.41071	36.584015
935.46155	35.764683
935.51239	39.006435
935.56323	36.502075
935.61407	33.744408
935.66492	32.255295
935.71576	34.023991
935.7666	33.597813
935.81738	36.552555
935.86823	30.786898
935.91907	30.962317
935.96991	35.211773
936.02075	34.143646
936.07159	34.427757
936.12244	35.157856
936.17322	34.39637
936.22406	35.619186
936.2749	36.538334
936.32574	30.815414
936.37659	34.998096
936.42743	36.30035
936.47827	35.831081
936.52905	34.932636
936.5799	35.268978
936.63074	35.496078
936.68158	32.746208
936.73242	33.125404
936.78326	36.122417
936.83411	35.783829
936.88489	37.360256
936.93573	35.855034
936.98657	36.207241
937.03741	34.437134
937.08826	39.898521
937.1391	34.46328
937.18994	34.248676
937.24072	34.452881
937.29156	35.997543
937.34241	32.244755
937.39325	36.119053
937.44409	37.201633
937.49493	36.227642
937.54578	35.729332
937.59656	36.371239
937.6474	36.135437
937.69824	33.364708
937.74908	38.73452
937.79993	34.756901
937.85077	35.241383
937.90161	33.711128
937.95239	35.515858
938.00323	34.654789
938.05408	34.329105
938.10492	36.474476
938.15576	35.506882
938.2066	36.293289
938.25745	35.115421
938.30823	33.218613
938.35907	35.714737
938.40991	37.446838
938.46075	36.250179
938.5116	36.060265
938.56244	36.95372
938.61328	35.987213
938.66406	36.52356
938.7149	36.197857
938.76575	36.534512
938.81659	34.223896
938.86743	35.290466
938.91827	36.430363
938.96912	36.143456
939.0199	33.551918
939.07074	33.200447
939.12158	36.80896
939.17242	35.240143
939.22327	33.8484
939.27411	35.550785
939.32495	37.466145
939.37573	37.975697
939.42657	37.240261
939.47742	37.472401
939.52826	37.149033
939.5791	36.096107
939.62994	37.913052
939.68079	37.630817
939.73163	34.479229
939.78241	37.837315
939.83325	35.618027
939.88409	34.507076
939.93494	39.678242
939.98578	35.970734
940.03662	34.619576
940.08746	34.746895
940.13824	35.121464
940.18909	33.091721
940.23993	35.706783
940.29077	34.59761
940.34161	35.272991
940.39246	32.247231
940.4433	34.267509
940.49408	37.818573
940.54492	36.352108
940.59576	34.212002
940.64661	35.859341
940.69745	35.794109
940.74829	34.433548
940.79913	36.010216
940.84991	36.194778
940.90076	35.111973
940.9516	37.711979
941.00244	37.224018
941.05328	36.459461
941.10413	34.279945
941.15497	35.635963
941.20575	35.803516
941.25659	38.074615
941.30743	34.183868
941.35828	34.030445
941.40912	35.865139
941.45996	35.030888
941.5108	33.506741
941.56158	32.954113
941.61243	34.560535
941.66327	33.597565
941.71411	37.108955
941.76495	38.183243
941.8158	37.686008
941.86664	36.413689
941.91742	31.52075
941.96826	34.258308
942.0191	36.825874
942.06995	36.950089
942.12079	36.526184
942.17163	35.025173
942.22247	36.370117
942.27325	35.280338
942.3241	37.314228
942.37494	38.077652
942.42578	36.503891
942.47662	36.130947
942.52747	32.255898
942.57831	33.08078
942.62909	33.702679
942.67993	35.216908
942.73077	37.154312
942.78162	34.013451
942.83246	34.058479
942.8833	34.120979
942.93414	35.050102
942.98492	34.936909
943.03577	36.368313
943.08661	33.036507
943.13745	35.418926
943.18829	36.662556
943.23914	36.102966
943.28998	34.527924
943.34076	32.501274
943.3916	36.098991
943.44244	34.749737
943.49329	35.583546
943.54413	34.389938
943.59497	36.457092
943.64581	32.308792
943.69659	32.217625
943.74744	37.540592
943.79828	35.421539
943.84912	35.889004
943.89996	35.431065
943.95081	34.11306
944.00165	31.204844
944.05249	34.187984
944.10327	31.489534
944.15411	38.804928
944.20496	35.045315
944.2558	35
944.30664	34.931408
944.35748	31.168547
944.40833	36.461365
944.45911	38.429981
944.50995	39.268589
944.56079	37.911659
944.61163	36.692268
944.66248	33.182293
944.71332	27.703773
944.76416	32.897511
944.81494	36.319061
944.86578	37.716778
944.91663	36.488541
944.96747	37.2771
945.01831	37.640545
945.06915	35.461441
945.12	36.600258
945.17078	35.630531
945.22162	36.268463
945.27246	35.24025
945.3233	33.976379
945.37415	35.687874
945.42499	34.582809
945.47583	32.516705
945.52661	35.731419
945.57745	36.230953
945.6283	35.753719
945.67914	36.180584
945.72998	37.634335
945.78082	37.726479
945.83167	37.370117
945.88245	35.979904
945.93329	35.326569
945.98413	36.370117
946.03497	35.675007
946.08582	34.148857
946.13666	33.90715
946.1875	32.716309
946.23828	33.42535
946.28912	37.538883
946.33997	34.978054
946.39081	33.447334
946.44165	36.015526
946.49249	36.359646
946.54333	35.587685
946.59412	33.361179
946.64496	38.52869
946.6958	33.676983
946.74664	34.389744
946.79749	34.541786
946.84833	33.531002
946.89917	34.12925
946.94995	35.632156
947.00079	35.503132
947.05164	32.957989
947.10248	33.704208
947.15332	33.474819
947.20416	35.917862
947.255	35.186787
947.30579	35.325325
947.35663	35.370117
947.40747	35.94257
947.45831	35.417873
947.50916	38.189098
947.56	30.738342
947.61084	38.125244
947.66162	36.400387
947.71246	36.000324
947.76331	35.976208
947.81415	34.58062
947.86499	41.051289
947.91583	34.492012
947.96667	36.294838
948.01752	35.370117
948.0683	35.224571
948.11914	33.92334
948.16998	33.867451
948.22083	37.302868
948.27167	38.394142
948.32251	35.120232
948.37335	34
948.42413	34.853336
948.47498	36.855957
948.52582	33.732853
948.57666	36
948.6275	35.276165
948.67834	33.843941
948.72919	34.38763
948.77997	32.797394
948.83081	34.05579
948.88165	38.780556
948.9325	40.497715
948.98334	37.465759
949.03418	35.14769
949.08502	34.5411
949.1358	33.210972
949.18665	36.283092
949.23749	38.065441
949.28833	37.57584
949.33917	38.524345
949.39001	38.522083
949.44086	37.385822
949.49164	34.660515
949.54248	33.054691
949.59332	32.781624
949.64417	30.44034
949.69501	32.357533
949.74585	35.228329
949.79669	34.736965
949.84747	38.024334
949.89832	37.341797
949.94916	35.571663
950	36.505085
