700	507.45282
700.05084	522.39587
700.10168	529.13879
700.15253	512.62488
700.20331	507.16446
700.25415	483.34344
700.30499	476.39801
700.35583	515.80566
700.40668	501.35605
700.45752	523.28906
700.50836	500.71872
700.55914	521.54456
700.60999	522.96429
700.66083	516.77441
700.71167	532.46802
700.76251	538.48254
700.81335	515.52185
700.8642	536.19849
700.91498	539.41522
700.96582	526.04578
701.01666	542.54675
701.0675	526.32642
701.11835	535.00836
701.16919	518.67859
701.22003	532.40875
701.27081	526.21259
701.32166	545.47101
701.3725	549.75848
701.42334	529.71002
701.47418	537.60425
701.52502	549.85846
701.57587	533.21454
701.62665	524.43713
701.67749	549.10327
701.72833	543.88422
701.77917	537.24622
701.83002	527.89026
701.88086	531.31873
701.9317	534.81006
701.98248	531.83832
702.03333	544.31885
702.08417	547.6839
702.13501	542.90009
702.18585	530.51471
702.23669	539.24841
702.28754	564.52692
702.33838	543.86414
702.38916	515.12579
702.44	539.00702
702.49084	563.9093
702.54169	549.86267
702.59253	553.02191
702.64337	545.35822
702.69421	542.9696
702.745	537.15234
702.79584	548.79095
702.84668	553.84216
702.89752	576.82123
702.94836	563.60248
702.99921	565.31567
703.05005	566.1543
703.10083	561.4104
703.15167	566.2395
703.20251	579.19989
703.25336	547.56323
703.3042	539.61658
703.35504	561.0816
703.40588	562.88257
703.45667	558.46881
703.50751	577.8244
703.55835	554.58807
703.60919	568.37946
703.66003	582.18427
703.71088	566.33319
703.76172	566.81824
703.8125	580.65875
703.86334	566.534
703.91418	604.44537
703.96503	604.25024
704.01587	587.54205
704.06671	564.61591
704.11755	559.45093
704.16833	577.19116
704.21918	583.07013
704.27002	616.82874
704.32086	588.22144
704.3717	561.69226
704.42255	613.32635
704.47339	604.7146
704.52417	592.51843
704.57501	619.32819
704.62585	607.79333
704.6767	601.7854
704.72754	598.16083
704.77838	580.37305
704.82922	583.47327
704.88	599.27234
704.93085	587.41217
704.98169	583.88226
705.03253	597.50159
705.08337	599.51599
705.13422	604.28864
705.18506	611.97491
705.23584	609.78406
705.28668	622.62775
705.33752	642.48126
705.38837	628.77637
705.43921	617.15057
705.49005	610.53864
705.54089	606.86597
705.59167	606.74377
705.64252	604.33569
705.69336	604.00476
705.7442	626.04553
705.79504	625.50714
705.84589	622.82245
705.89673	641.35388
705.94751	649.77008
705.99835	626.21826
706.04919	630.01379
706.10004	626.40686
706.15088	642.37335
706.20172	658.69678
706.25256	635.40497
706.30341	643.80731
706.35419	642.80609
706.40503	648.56152
706.45587	600.03082
706.50671	619.75214
706.55756	612.47357
706.6084	622.34186
706.65924	665.34528
706.71002	634.31238
706.76086	688.32086
706.81171	663.83508
706.86255	636.21442
706.91339	647.5777
706.96423	643.04834
707.01508	658.63953
707.06586	659.28406
707.1167	645.53998
707.16754	649.85736
707.21838	638.10522
707.26923	663.8241
707.32007	664.06531
707.37091	636.31378
707.42169	652.71808
707.47253	651.49792
707.52338	659.66388
707.57422	676.89893
707.62506	644.01971
707.6759	639.4624
707.72675	658.39301
707.77753	660.10419
707.82837	685.05286
707.87921	689.48041
707.93005	675.23346
707.9809	683.22253
708.03174	686.72998
708.08258	676.34515
708.13336	676.93652
708.1842	685.73224
708.23505	689.80353
708.28589	690.78778
708.33673	702.4317
708.38757	697.84717
708.43842	674.44733
708.4892	671.16748
708.54004	683.61798
708.59088	705.65991
708.64172	694.86554
708.69257	689.72559
708.74341	725.15356
708.79425	710.95679
708.84503	683.88666
708.89587	711.41895
708.94672	693.82849
708.99756	699.73871
709.0484	700.90155
709.09924	682.80182
709.15009	720.77881
709.20087	720.69366
709.25171	694.36761
709.30255	695.66388
709.35339	696.13281
709.40424	710.59558
709.45508	726.51587
709.50592	721.11896
709.5567	709.62897
709.60754	750.37689
709.65839	718.32013
709.70923	721.48114
709.76007	683.77936
709.81091	733.24292
709.86176	728.3172
709.91254	706.68652
709.96338	785.6098
710.01422	746.10553
710.06506	741.4787
710.11591	717.99768
710.16675	726.87689
710.21759	764.52209
710.26837	736.58478
710.31921	703.86902
710.37006	757.59747
710.4209	747.55817
710.47174	731.65448
710.52258	757.789
710.57343	732.06372
710.62427	761.66034
710.67505	771.04773
710.72589	739.07727
710.77673	739.57281
710.82758	726.52118
710.87842	746.33484
710.92926	773.68451
710.9801	763.10822
711.03088	755.29468
711.08173	767.38202
711.13257	751.35986
711.18341	772.22565
711.23425	784.74701
711.2851	783.42084
711.33594	779.26819
711.38672	774.47412
711.43756	770.35114
711.4884	800.81445
711.53925	802.72827
711.59009	778.66431
711.64093	794.67023
711.69177	800.81628
711.74255	795.51324
711.7934	799.42566
711.84424	795.56335
711.89508	792.15692
711.94592	802.80414
711.99677	774.72546
712.04761	792.72888
712.09839	812.21729
712.14923	802.39966
712.20007	795.6369
712.25092	814.30548
712.30176	818.04425
712.3526	795.56183
712.40344	811.63135
712.45422	790.90082
712.50507	840.32867
712.55591	815.71716
712.60675	789.46301
712.65759	811.92731
712.70844	841.97888
712.75928	817.86261
712.81006	821.17542
712.8609	849.9176
712.91174	842.34027
712.96259	851.8869
713.01343	812.3363
713.06427	818.77203
713.11511	847.20593
713.16589	843.91571
713.21674	824.22742
713.26758	808.4574
713.31842	789.76575
713.36926	819.73975
713.4201	876.13763
713.47095	825.02045
713.52173	871.40643
713.57257	798.71393
713.62341	849.76062
713.67426	876.50964
713.7251	853.56244
713.77594	811.34491
713.82678	853.22369
713.87756	873.89709
713.92841	867.50934
713.97925	840.71997
714.03009	824.98834
714.08093	820.03992
714.13177	835.62506
714.18262	845.44678
714.2334	871.44556
714.28424	842.22327
714.33508	844.91583
714.38593	882.96545
714.43677	871.79297
714.48761	865.98474
714.53845	840.92847
714.58929	854.86829
714.64008	897.05096
714.69092	909.85382
714.74176	896.23016
714.7926	890.3136
714.84344	904.84338
714.89429	898.74628
714.94513	880.43176
714.99591	852.39404
715.04675	871.85675
715.0976	905.5528
715.14844	876.93536
715.19928	867.86853
715.25012	879.65869
715.30096	881.09265
715.35175	900.5451
715.40259	920.39417
715.45343	892.05829
715.50427	895.3147
715.55511	891.19904
715.60596	914.08563
715.6568	929.75592
715.70758	919.73547
715.75842	904.53174
715.80927	935.03247
715.86011	905.53143
715.91095	927.64612
715.96179	953.24426
716.01263	911.20026
716.06342	908.62146
716.11426	913.26636
716.1651	904.99725
716.21594	907.45239
716.26678	896.99805
716.31763	919.78906
716.36847	914.53088
716.41925	884.38263
716.47009	893.85834
716.52094	954.35394
716.57178	887.55573
716.62262	917.09198
716.67346	959.55579
716.7243	930.13348
716.77509	915.35419
716.82593	927.79321
716.87677	947.38312
716.92761	907.8598
716.97845	947.70337
717.0293	945.67542
717.08014	960.55029
717.13092	938.63422
717.18176	959.01416
717.2326	966.62781
717.28345	941.32373
717.33429	953.87537
717.38513	982.13763
717.43597	988.12439
717.48676	1010.5014
717.5376	990.00269
717.58844	960.80774
717.63928	958.10767
717.69012	966.54236
717.74097	994.85089
717.79181	977.00848
717.84259	964.19598
717.89343	996.92694
717.94427	989.1897
717.99512	947.15466
718.04596	977.1908
718.0968	992.46521
718.14764	996.32275
718.19843	1008.8718
718.24927	996.66925
718.30011	972.94592
718.35095	991.92218
718.40179	985.11206
718.45264	977.24731
718.50348	985.79633
718.55426	1008.0858
718.6051	1032.502
718.65594	1024.7297
718.70679	1019.3536
718.75763	1003.4163
718.80847	1004.6664
718.85931	1037.4392
718.91016	1022.448
718.96094	1005.0476
719.01178	1022.7195
719.06262	1040.1287
719.11346	1051.6222
719.16431	1026.235
719.21515	1012.4342
719.26599	1020.9182
719.31677	1030.7787
719.36761	1010.2286
719.41846	1025.3694
719.4693	1043.6929
719.52014	1037.7719
719.57098	1020.2704
719.62183	1009.2918
719.67261	1040.5869
719.72345	1075.2732
719.77429	1010.8156
719.82513	1049.3461
719.87598	1064.4508
719.92682	1038.3361
719.97766	1066.0679
720.02844	1052.9178
720.07928	1049.4041
720.13013	1042.7562
720.18097	1030.0895
720.23181	1061.9033
720.28265	1045.5046
720.3335	1039.1781
720.38428	1110.9828
720.43512	1059.6155
720.48596	1003.0609
720.5368	1098.5734
720.58765	1104.8595
720.63849	1066.9562
720.68933	1119.1787
720.74011	1132.5571
720.79095	1110.3514
720.8418	1118.8879
720.89264	1082.8328
720.94348	1112.5945
720.99432	1101.4558
721.04517	1091.3278
721.09595	1100.0688
721.14679	1091.2664
721.19763	1145.2969
721.24847	1119.1178
721.29932	1124.0121
721.35016	1124.907
721.401	1149.8347
721.45178	1131.8435
721.50262	1168.0145
721.55347	1133.6283
721.60431	1128.856
721.65515	1144.2474
721.70599	1159.2175
721.75684	1158.293
721.80762	1172.7916
721.85846	1147.3121
721.9093	1187.1626
721.96014	1159.9752
722.01099	1159.3167
722.06183	1193.5724
722.11267	1194.9854
722.16345	1200.1622
722.21429	1189.5269
722.26514	1185.5419
722.31598	1194.6721
722.36682	1206.9418
722.41766	1213.3132
722.46851	1204.9016
722.51929	1161.5028
722.57013	1178.0317
722.62097	1218.2468
722.67181	1189.3055
722.72266	1208.7278
722.7735	1202.8157
722.82434	1209.5278
722.87512	1228.3867
722.92596	1188.0793
722.97681	1205.8467
723.02765	1215.8807
723.07849	1197.6677
723.12933	1202.4335
723.18018	1188.3422
723.23102	1156.3837
723.2818	1233.1332
723.33264	1249.7168
723.38348	1206.1858
723.43433	1224.3058
723.48517	1199.1403
723.53601	1223.9171
723.58685	1217.7677
723.63763	1237.0881
723.68848	1266.9985
723.73932	1217.9305
723.79016	1235.0483
723.841	1258.6814
723.89185	1261.3523
723.94269	1220.5245
723.99347	1204.6726
724.04431	1252.7372
724.09515	1270.4147
724.146	1275.1768
724.19684	1274.5784
724.24768	1297.1733
724.29852	1300.3281
724.3493	1266.1824
724.40015	1258.3252
724.45099	1262.9526
724.50183	1263.9779
724.55267	1284.2792
724.60352	1246.2031
724.65436	1311.7054
724.70514	1257.8352
724.75598	1324.4401
724.80682	1324.9554
724.85767	1299.0828
724.90851	1318.8508
724.95935	1270.9287
725.01019	1274.3552
725.06097	1302.1199
725.11182	1286.2809
725.16266	1372.6353
725.2135	1301.5577
725.26434	1297.2819
725.31519	1281.1849
725.36603	1305.74
725.41681	1349.1715
725.46765	1323.9524
725.51849	1300.3625
725.56934	1339.1373
725.62018	1324.2628
725.67102	1341.7076
725.72186	1360.7551
725.77264	1317.8452
725.82349	1364.6791
725.87433	1348.8264
725.92517	1359.3721
725.97601	1355.6633
726.02686	1332.0195
726.0777	1344.5692
726.12848	1352.048
726.17932	1352.6006
726.23016	1355.1362
726.28101	1338.6118
726.33185	1349.2255
726.38269	1358.1183
726.43353	1349.5538
726.48431	1363.4663
726.53516	1355.2115
726.586	1341.8938
726.63684	1367.8586
726.68768	1364.7899
726.73853	1372.3459
726.78937	1406.3414
726.84015	1398.0049
726.89099	1413.8015
726.94183	1405.0929
726.99268	1369.6051
727.04352	1375.6312
727.09436	1413.5127
727.1452	1398.6018
727.19604	1398.1213
727.24683	1377.0294
727.29767	1382.7795
727.34851	1370.4442
727.39935	1400.5558
727.4502	1444.4863
727.50104	1410.4556
727.55188	1445.3319
727.60266	1409.7101
727.6535	1373.501
727.70435	1454.6107
727.75519	1445.634
727.80603	1429.7582
727.85687	1475.8594
727.90771	1493.7236
727.9585	1484.2445
728.00934	1434.788
728.06018	1417.611
728.11102	1482.6512
728.16187	1432.6774
728.21271	1483.614
728.26355	1501.882
728.31433	1453.3459
728.36517	1431.417
728.41602	1497.5319
728.46686	1483.5809
728.5177	1543.8728
728.56854	1408.6324
728.61938	1524.2072
728.67017	1487.7516
728.72101	1505.5479
728.77185	1508.8942
728.82269	1436.9012
728.87354	1526.5093
728.92438	1519.2834
728.97522	1508.8431
729.026	1548.8177
729.07684	1542.5369
729.12769	1501.5394
729.17853	1527.6886
729.22937	1522.8436
729.28021	1587.2996
729.33105	1549.0177
729.38184	1512.6187
729.43268	1578.6382
729.48352	1539.8551
729.53436	1547.6854
729.58521	1533.5742
729.63605	1543.6058
729.68689	1610.937
729.73767	1628.0183
729.78851	1600.7998
729.83936	1561.6652
729.8902	1560.276
729.94104	1574.1095
729.99188	1565.9128
730.04272	1589.4453
730.09351	1634.636
730.14435	1614.2998
730.19519	1620.8396
730.24603	1600.8623
730.29688	1615.7827
730.34772	1636.5784
730.39856	1581.0807
730.44934	1612.8322
730.50018	1648.0673
730.55103	1610.6407
730.60187	1622.5239
730.65271	1653.6488
730.70355	1664.0458
730.75439	1676.391
730.80518	1666.0471
730.85602	1666.2163
730.90686	1658.3418
730.9577	1647.3965
731.00854	1676.2988
731.05939	1663.6827
731.11023	1675.375
731.16101	1689.9603
731.21185	1658.8923
731.2627	1688.6873
731.31354	1691.665
731.36438	1704.6432
731.41522	1688.223
731.46606	1662.6453
731.51691	1671.537
731.56769	1686.6184
731.61853	1673.071
731.66937	1684.9097
731.72021	1697.2734
731.77106	1740.1686
731.8219	1765.0109
731.87274	1699.7083
731.92352	1722.6067
731.97437	1723.5225
732.02521	1707.5968
732.07605	1776.6022
732.12689	1753.5339
732.17773	1767.5903
732.22858	1766.4421
732.27936	1697.6563
732.3302	1807.4698
732.38104	1809.396
732.43188	1741.0411
732.48273	1764.8042
732.53357	1736.8684
732.58441	1739.6764
732.63519	1751.816
732.68604	1784.2273
732.73688	1811.8593
732.78772	1790.8702
732.83856	1815.4706
732.8894	1788.3237
732.94025	1802.2766
732.99103	1830.2843
733.04187	1787.5575
733.09271	1800.9867
733.14355	1794.2178
733.1944	1796.2742
733.24524	1840.0924
733.29608	1769.0011
733.34686	1782.2035
733.39771	1871.083
733.44855	1802.7655
733.49939	1814.7014
733.55023	1853.403
733.60107	1851.3335
733.65192	1856.7831
733.7027	1816.1353
733.75354	1865.4144
733.80438	1843.1993
733.85522	1834.6001
733.90607	1848.855
733.95691	1927.1254
734.00775	1940.5022
734.05853	1899.7775
734.10938	1910.0863
734.16022	1848.3373
734.21106	1885.499
734.2619	1891.399
734.31274	1934.2955
734.36359	1963.8278
734.41437	1931.1917
734.46521	1924.9988
734.51605	1932.2267
734.56689	1953.9063
734.61774	1974.0262
734.66858	1940.6123
734.71942	1952.9611
734.7702	1979.6317
734.82104	1960.7249
734.87189	1964.178
734.92273	1973.8676
734.97357	1977.1715
735.02441	1943.3182
735.07526	1943.4596
735.12604	1969.8759
735.17688	1981.27
735.22772	1987.3975
735.27856	2008.4379
735.32941	2032.1331
735.38025	2047.819
735.43109	2044.2583
735.48193	2021.4878
735.53271	2024.8522
735.58356	2001.8156
735.6344	2009.391
735.68524	2047.1675
735.73608	2049.7268
735.78693	2067.9619
735.83777	2069.3459
735.88855	2062.8025
735.93939	2068.3484
735.99023	2082.2852
736.04108	2078.5173
736.09192	2070.2122
736.14276	2065.4089
736.1936	2061.5828
736.24438	2065.7341
736.29523	2092.9604
736.34607	2114.1875
736.39691	2112.7625
736.44775	2139.0486
736.4986	2106.4146
736.54944	2098.5955
736.60022	2122.3313
736.65106	2153.5293
736.7019	2185.9561
736.75275	2161.2854
736.80359	2146.3684
736.85443	2153.1494
736.90527	2141.2332
736.95605	2165.9414
737.0069	2168.0247
737.05774	2152.1028
737.10858	2163.9551
737.15942	2184.7737
737.21027	2176.5056
737.26111	2141.8452
737.31189	2206.1113
737.36273	2212.4446
737.41357	2231.1892
737.46442	2204.7537
737.51526	2188.4656
737.5661	2207.0952
737.61694	2204.9724
737.66772	2230.3413
737.71857	2186.6062
737.76941	2222.0637
737.82025	2209.0874
737.87109	2235.7932
737.92194	2201.7415
737.97278	2215.2852
738.02356	2241.731
738.0744	2262.811
738.12524	2254.6851
738.17609	2258.7146
738.22693	2281.8965
738.27777	2278.8054
738.32861	2282.0879
738.37939	2297.0532
738.43024	2328.219
738.48108	2303.3159
738.53192	2286.9563
738.58276	2302.1719
738.63361	2314.5793
738.68445	2341.3137
738.73523	2331.7056
738.78607	2326.2739
738.83691	2397.5659
738.88776	2308.4927
738.9386	2333.4104
738.98944	2280.7314
739.04028	2338.1187
739.09106	2338.2266
739.14191	2357.4905
739.19275	2360.7202
739.24359	2360.6641
739.29443	2370.4849
739.34528	2382.9775
739.39612	2353.8521
739.4469	2402.3562
739.49774	2368.7097
739.54858	2353.5972
739.59943	2386.0986
739.65027	2409.9805
739.70111	2419.864
739.75195	2398.292
739.8028	2381.7566
739.85358	2388.9316
739.90442	2394.2644
739.95526	2462.8081
740.0061	2441.864
740.05695	2436.6111
740.10779	2445.2649
740.15863	2412.7664
740.20941	2458.2275
740.26025	2437.3606
740.3111	2470.9441
740.36194	2515.8469
740.41278	2479.8569
740.46362	2485.0632
740.51447	2472.6785
740.56525	2508.8372
740.61609	2549.6899
740.66693	2535.5085
740.71777	2526.0454
740.76862	2518.1582
740.81946	2520.4094
740.8703	2512.1028
740.92108	2524.1501
740.97192	2591.917
741.02277	2572.0317
741.07361	2546.0623
741.12445	2566.6992
741.17529	2576.2119
741.22614	2601.4238
741.27692	2573.3831
741.32776	2621.5862
741.3786	2601.1299
741.42944	2584.575
741.48029	2620.6663
741.53113	2586.3923
741.58197	2597.5371
741.63275	2578.5549
741.68359	2597.6711
741.73444	2659.6555
741.78528	2618.0947
741.83612	2669.0938
741.88696	2675.4585
741.93781	2674.7732
741.98859	2675.5317
742.03943	2635.647
742.09027	2715.0767
742.14111	2664.8262
742.19196	2683.2361
742.2428	2680.5559
742.29364	2692.145
742.34442	2718.9028
742.39526	2698.9822
742.44611	2744.8159
742.49695	2756.3921
742.54779	2704.8335
742.59863	2786.5474
742.64948	2746.7727
742.70026	2785.075
742.7511	2714.7451
742.80194	2743.4651
742.85278	2822.4844
742.90363	2738.5366
742.95447	2819.7463
743.00531	2845.1406
743.05609	2779.562
743.10693	2853.1399
743.15778	2849.0767
743.20862	2891.6194
743.25946	2837.3433
743.3103	2879.7881
743.36115	2889.002
743.41193	2833.281
743.46277	2877.5896
743.51361	2889.1169
743.56445	2897.6467
743.6153	2894.5137
743.66614	2886.9421
743.71698	2978.9216
743.76782	2893.1931
743.8186	2948.7112
743.86945	2924.8704
743.92029	2891.8452
743.97113	2902.2151
744.02197	2909.46
744.07281	2981.2952
744.12366	2950.7834
744.17444	3012.4163
744.22528	3000.8523
744.27612	2973.8503
744.32697	3020.7944
744.37781	3006.3164
744.42865	3034.293
744.47949	3062.8105
744.53027	3035.687
744.58112	3065.7634
744.63196	3019.407
744.6828	3026.8899
744.73364	3053.2656
744.78448	3033.5444
744.83533	3074.6926
744.88611	3050.2019
744.93695	3112.3328
744.98779	3112.0549
745.03864	3161.8269
745.08948	3154.1157
745.14032	3139.9597
745.19116	3195.9873
745.24194	3142.7036
745.29279	3157.832
745.34363	3167.3484
745.39447	3131.2246
745.44531	3200.5056
745.49615	3228.2751
745.547	3204.5476
745.59778	3259.2581
745.64862	3283.4421
745.69946	3259.113
745.75031	3237.3323
745.80115	3264.3672
745.85199	3267.7324
745.90283	3245.5127
745.95361	3291.1721
746.00446	3263.5068
746.0553	3299.4819
746.10614	3287.4041
746.15698	3304.7693
746.20782	3365.8638
746.25867	3231.6431
746.30945	3328.5862
746.36029	3274.9761
746.41113	3363.7456
746.46198	3357.573
746.51282	3392.156
746.56366	3356.1968
746.6145	3209.1858
746.66528	3321.1877
746.71613	3354.0515
746.76697	3375.8474
746.81781	3375.6323
746.86865	3358.7122
746.91949	3394.1729
746.97034	3404.9084
747.02112	3400.1572
747.07196	3412.6768
747.1228	3451.415
747.17365	3482.436
747.22449	3432.7659
747.27533	3503.2068
747.32617	3483.1348
747.37695	3502.009
747.4278	3485.7603
747.47864	3503.3521
747.52948	3534.3501
747.58032	3527.9072
747.63116	3566.8552
747.68201	3517.4736
747.73279	3499.8945
747.78363	3551.9841
747.83447	3513.3484
747.88531	3605.0374
747.93616	3585.2095
747.987	3568.1753
748.03784	3611.9312
748.08868	3534.9495
748.13947	3528.4595
748.19031	3596.8899
748.24115	3623.2322
748.29199	3600.9885
748.34283	3644.5132
748.39368	3695.0427
748.44452	3646.0334
748.4953	3658.2373
748.54614	3624.4185
748.59698	3657.7734
748.64783	3673.1875
748.69867	3660.8484
748.74951	3682.3616
748.80035	3686.907
748.85114	3728.2813
748.90198	3731.4531
748.95282	3697.4751
749.00366	3663.8008
749.0545	3628.3831
749.10535	3693.1145
749.15619	3712.7915
749.20697	3784.6655
749.25781	3821.4526
749.30865	3758.3257
749.3595	3782.9966
749.41034	3773.696
749.46118	3802.364
749.51202	3832.084
749.56281	3835.9507
749.61365	3895.2813
749.66449	3888.6274
749.71533	3908.9343
749.76617	3890.938
749.81702	3886.9424
749.86786	3957.6289
749.91864	3892.613
749.96948	3890.8054
750.02032	3876.105
750.07117	3924.0615
750.12201	3926.8872
750.17285	3864.3098
750.22369	3923.1379
750.27448	3928.7048
750.32532	4011.6096
750.37616	3969.7517
750.427	4019.1162
750.47784	4032.2412
750.52869	3972.2073
750.57953	4005.2527
750.63031	3999.6123
750.68115	4100.7158
750.73199	4064.5112
750.78284	4073.6396
750.83368	4175.9541
750.88452	4015.4404
750.93536	4153.7114
750.98615	4005.6987
751.03699	4057.8228
751.08783	4099.3745
751.13867	4107.1885
751.18951	4145.8774
751.24036	4169.4204
751.2912	4196.7393
751.34198	4135.0342
751.39282	4202.6553
751.44366	4100.1367
751.49451	4229.8989
751.54535	4315.6558
751.59619	4189.4736
751.64703	4377.498
751.69781	4304.1108
751.74866	4305.0044
751.7995	4303.3047
751.85034	4327.4263
751.90118	4349.4541
751.95203	4308.2104
752.00287	4391.8179
752.05365	4389.21
752.10449	4399.229
752.15533	4393.7583
752.20618	4395.0679
752.25702	4462.0186
752.30786	4386.0884
752.3587	4471.4087
752.40955	4451.9819
752.46033	4442.4209
752.51117	4495.8291
752.56201	4456.3345
752.61285	4495.5469
752.6637	4519.4507
752.71454	4584.0137
752.76538	4503.2554
752.81616	4464.2432
752.867	4441.958
752.91785	4407.9907
752.96869	4563.9019
753.01953	4557.1499
753.07037	4564.3149
753.12122	4556.6934
753.172	4636.3896
753.22284	4639.8535
753.27368	4595.6045
753.32452	4679.8345
753.37537	4643.5762
753.42621	4605.1841
753.47705	4639.5996
753.52783	4696.0742
753.57867	4748.5732
753.62952	4742.4194
753.68036	4781.9985
753.7312	4760.6685
753.78204	4701.6709
753.83289	4696.1963
753.88367	4749.7725
753.93451	4865.0918
753.98535	4800.8945
754.03619	4821.3237
754.08704	4932.5225
754.13788	4892.6216
754.18872	4920.7935
754.2395	4849.1025
754.29034	4862.7959
754.34119	4841.2026
754.39203	4832.9922
754.44287	4832.2969
754.49371	4866.2686
754.54456	4909.2793
754.59534	4901.231
754.64618	5009.5972
754.69702	5012.2178
754.74786	4966.8765
754.79871	4987.1753
754.84955	4950.915
754.90039	5052.9883
754.95117	4945.3828
755.00201	5054.8555
755.05286	4938.9512
755.1037	5104.2856
755.15454	5053.522
755.20538	4932.7202
755.25623	4935.9072
755.30701	4893.0659
755.35785	4989.2827
755.40869	5072.0947
755.45953	5157.9766
755.51038	5040.2031
755.56122	4980.1216
755.61206	5172.3916
755.66284	4984.0962
755.71368	5149.5356
755.76453	5126.6719
755.81537	5156.6548
755.86621	5056.3726
755.91705	5178.1709
755.9679	5268.0332
756.01868	5260.1753
756.06952	5359.374
756.12036	5205.5713
756.1712	5324.2769
756.22205	5194.2095
756.27289	5318.1865
756.32373	5226.083
756.37457	5245.8032
756.42535	5538.4663
756.4762	5201.0259
756.52704	5500.0781
756.57788	5329.9727
756.62872	5432.4238
756.67957	5364.2441
756.73041	5323.8174
756.78119	5496.1323
756.83203	5277.9463
756.88287	5516.3169
756.93372	5407.2041
756.98456	5413.7573
757.0354	5479.7104
757.08624	5505.3838
757.13702	5520.7832
757.18787	5400.6455
757.23871	5521.624
757.28955	5460.8574
757.34039	5455.8799
757.39124	5407.3027
757.44208	5458.0449
757.49286	5483.4624
757.5437	5403.2622
757.59454	5630.8164
757.64539	5521.8628
757.69623	5516.9829
757.74707	5409.6719
757.79791	5537.6973
757.84869	5616.4438
757.89954	5658.1558
757.95038	5689.7061
758.00122	5579.4375
758.05206	5627.8159
758.10291	5574.4204
758.15375	5673.8354
758.20453	5732.6958
758.25537	5782.0542
758.30621	5764.4546
758.35706	5712.8535
758.4079	5787.9346
758.45874	5749.1958
758.50958	5755.3745
758.56036	5762.4419
758.61121	5821.7993
758.66205	5814.9395
758.71289	5809.6333
758.76373	5874.9141
758.81458	5800.6401
758.86542	5804.7915
758.9162	5833.8901
758.96704	5867.7148
759.01788	5869.3032
759.06873	5898.498
759.11957	5960.8008
759.17041	5876.2266
759.22125	5906.8584
759.27203	5980.769
759.32288	5981.4146
759.37372	6009.8657
759.42456	6019.7368
759.4754	6079.6025
759.52625	6019.0967
759.57709	5937.7227
759.62787	5952.9717
759.67871	5949.7026
759.72955	6019.2061
759.7804	6056.3838
759.83124	6081.772
759.88208	5990.9365
759.93292	6034.8159
759.9837	6048.7769
760.03455	6124.6338
760.08539	6116.604
760.13623	6015.0332
760.18707	6054.2568
760.23792	6050.5894
760.28876	6179.4116
760.33954	6163.5679
760.39038	6206.105
760.44122	6158.5703
760.49207	6152.5229
760.54291	6127.8066
760.59375	6196.1826
760.64459	6283.3267
760.69543	6174.083
760.74622	6273.894
760.79706	6327.5898
760.8479	6382.7783
760.89874	6318.209
760.94958	6352.5869
761.00043	6467.2813
761.05127	6425.4521
761.10205	6499.8428
761.15289	6260.25
761.20374	6472.3062
761.25458	6288.8052
761.30542	6424.689
761.35626	6618.5762
761.4071	6455.6973
761.45789	6552.5571
761.50873	6505.8228
761.55957	6659.2246
761.61041	6502.2656
761.66125	6526.7954
761.7121	6466.0332
761.76294	6512.6519
761.81372	6654.3447
761.86456	6554.5811
761.91541	6754.4365
761.96625	6529.5176
762.01709	6677.7124
762.06793	6436.9653
762.11877	6682.48
762.16956	6710.4419
762.2204	6507.0107
762.27124	6767.9678
762.32208	6557.4937
762.37292	6837.123
762.42377	6704.6563
762.47461	6829.5986
762.52539	6734.9766
762.57623	6772.4668
762.62708	6657.9551
762.67792	6699.2173
762.72876	6911.1953
762.7796	6808.5234
762.83044	6909.2144
762.88123	6937.147
762.93207	7026.106
762.98291	6787.6021
763.03375	6739.1465
763.08459	6895.5112
763.13544	6915.7056
763.18628	6982.1631
763.23706	7032.7466
763.2879	7142.6904
763.33875	6968.5483
763.38959	7033.7656
763.44043	6989.6465
763.49127	7113.0322
763.54211	7080.9141
763.5929	7072.667
763.64374	7061.7192
763.69458	7085.8486
763.74542	7186.687
763.79626	7029.9092
763.84711	7137.7168
763.89795	7084.4429
763.94873	7151.3813
763.99957	7063.7808
764.05042	7155.8047
764.10126	7115.9712
764.1521	6995.8452
764.20294	7110.3452
764.25378	7146.9438
764.30457	7396.2266
764.35541	7299.5454
764.40625	7344.897
764.45709	7255.188
764.50793	7181.1943
764.55878	7169.3926
764.60962	7215.5713
764.66046	7384.623
764.71124	7346.4395
764.76208	7415.6182
764.81293	7357.8301
764.86377	7355.168
764.91461	7322.3926
764.96545	7400.7705
765.0163	7423.8228
765.06708	7404.6743
765.11792	7415.0464
765.16876	7355.9985
765.2196	7453.7646
765.27045	7517.9146
765.32129	7603.5854
765.37213	7650.0811
765.42291	7568.9468
765.47375	7572.0674
765.5246	7586.2119
765.57544	7673.1533
765.62628	7654.7397
765.67712	7637.1401
765.72797	7708.0039
765.77875	7790.2651
765.82959	7749.3413
765.88043	7668.9717
765.93127	7692.9268
765.98212	7552.4434
766.03296	7591.0444
766.0838	7683.9395
766.13458	7721.1924
766.18542	7723.1108
766.23627	7771.3726
766.28711	7797.0605
766.33795	7773.4287
766.38879	7906.8823
766.43964	7889.6792
766.49042	7879.6133
766.54126	7819.1279
766.5921	7762.5166
766.64294	7729.9839
766.69379	7844.2158
766.74463	7917.8193
766.79547	7899.0459
766.84625	8053.8159
766.89709	7967.4458
766.94794	7994.606
766.99878	7770.3936
767.04962	7874.9282
767.10046	7920.7334
767.15131	8098.4326
767.20209	8126.873
767.25293	8080.2056
767.30377	8215.2373
767.35461	8093.231
767.40546	8201.7861
767.4563	8134.2886
767.50714	8294.2354
767.55792	8239.1465
767.60876	8276.0098
767.65961	8281.6162
767.71045	8347.4922
767.76129	8297.1836
767.81213	8220.5566
767.86298	8368.4775
767.91376	8356.749
767.9646	8419.4014
768.01544	8305.6143
768.06628	8481.5732
768.11713	8333.6777
768.16797	8505.5127
768.21881	8449.332
768.26959	8588.0986
768.32043	8676.5898
768.37128	8522.6543
768.42212	8629.3057
768.47296	8463.2969
768.5238	8457.2188
768.57465	8359.8848
768.62543	8581.2363
768.67627	8550.3516
768.72711	8672.5508
768.77795	8677.2236
768.8288	8589.6982
768.87964	8646.5625
768.93048	8504.0391
768.98132	8671.4951
769.0321	8520.9385
769.08295	8770.3027
769.13379	8650.8936
769.18463	8779.165
769.23547	8794.5518
769.28632	8861.6016
769.33716	8887.1826
769.38794	8808.7236
769.43878	8796.6729
769.48962	8722.874
769.54047	8844
769.59131	8854.4268
769.64215	9038.8145
769.69299	9058.0625
769.74377	9208.2588
769.79462	9024.5176
769.84546	9015.7676
769.8963	8883.6602
769.94714	9023.1016
769.99799	9139.5215
770.04883	9082.0098
770.09961	9113.3389
770.15045	9227.374
770.20129	9248.292
770.25214	9128.9785
770.30298	9254.1816
770.35382	9319.5332
770.40466	9341.542
770.45544	9313.4287
770.50629	9326.8203
770.55713	9385.7109
770.60797	9447.0713
770.65881	9371.0195
770.70966	9269.5967
770.7605	9472.0156
770.81128	9477.2451
770.86212	9499.2998
770.91296	9497.3047
770.96381	9404.3848
771.01465	9163.293
771.06549	9236.3203
771.11633	9330.1387
771.16711	9497.5527
771.21796	9610.623
771.2688	9541.585
771.31964	9600.8184
771.37048	9505.7139
771.42133	9427.3984
771.47217	9412.0332
771.52295	9551.8252
771.57379	9613.1553
771.62463	9621.1885
771.67548	9629.7627
771.72632	9708.9609
771.77716	9778.5283
771.828	9837.0781
771.87878	9804.249
771.92963	9769.5664
771.98047	9729.7051
772.03131	9686.0938
772.08215	9896.6035
772.133	9943.0049
772.18384	9979.8145
772.23462	10047.461
772.28546	10088.624
772.3363	10015.188
772.38715	10024.854
772.43799	10038.883
772.48883	10067.735
772.53967	10129.398
772.59045	10122.579
772.6413	10157.738
772.69214	10194.357
772.74298	10228.634
772.79382	10272.093
772.84467	10308.104
772.89551	10231.194
772.94635	10254.069
772.99713	10251.892
773.04797	10230.832
773.09882	10255.943
773.14966	10230.359
773.2005	10286.588
773.25134	10253.348
773.30219	10372.561
773.35297	10437.748
773.40381	10509.047
773.45465	10386.645
773.50549	10213.724
773.55634	10122.13
773.60718	10170.568
773.65802	10362.323
773.7088	10510.826
773.75964	10592.78
773.81049	10513.413
773.86133	10452.021
773.91217	10274.551
773.96301	10254.606
774.01385	10347.072
774.06464	10479.904
774.11548	10517.766
774.16632	10659.763
774.21716	10678.748
774.26801	10642.359
774.31885	10607.727
774.36969	10752.185
774.42047	10863.463
774.47131	10610.724
774.52216	10575.536
774.573	10682.188
774.62384	10933.464
774.67468	10900.568
774.72552	10925.844
774.77631	11023.181
774.82715	11102.142
774.87799	10955.988
774.92883	10862.344
774.97968	10962.736
775.03052	11026.98
775.08136	11068.644
775.13214	11015.674
775.18298	11187.308
775.23383	11010.582
775.28467	11260.104
775.33551	11200.264
775.38635	11263.814
775.43719	11089.616
775.48798	11052.17
775.53882	11001.93
775.58966	11065.35
775.6405	11153.868
775.69135	11088.831
775.74219	11194.017
775.79303	11164.491
775.84381	11326.183
775.89465	11104.134
775.9455	11398.44
775.99634	11206.366
776.04718	11258.617
776.09802	10845.581
776.14886	11179.142
776.19965	11285.249
776.25049	11499.456
776.30133	11781.383
776.35217	11574.103
776.40302	11495.355
776.45386	11261.553
776.5047	11250.427
776.55548	11263.914
776.60632	11570.08
776.65717	11546.867
776.70801	11808.173
776.75885	11674.465
776.80969	11759.126
776.86053	11682.682
776.91132	11725
776.96216	11773.063
777.013	11780.195
777.06384	11770.033
777.11469	11718.106
777.16553	11879.734
777.21637	11888.841
777.26721	12081.024
777.31799	11935.927
777.36884	12052.774
777.41968	12061.293
777.47052	12121.706
777.52136	12103.159
777.5722	12149.577
777.62305	12037.269
777.67383	11933.612
777.72467	12009.285
777.77551	12068.646
777.82635	12275.552
777.8772	12217.423
777.92804	12295.895
777.97888	12154.227
778.02966	12073.442
778.08051	11974.899
778.13135	12086.4
778.18219	12165.611
778.23303	12201.324
778.28387	12202.062
778.33472	12252.81
778.3855	12300.156
778.43634	12215.553
778.48718	12369.45
778.53802	12230.536
778.58887	12237.027
778.63971	12086.486
778.69055	12158.607
778.74133	12293.91
778.79218	12705.23
778.84302	12658.822
778.89386	12778.368
778.9447	12647.396
778.99554	12489.275
779.04639	12311.171
779.09717	12324.92
779.14801	12687.11
779.19885	12759.531
779.24969	12955.946
779.30054	12875.708
779.35138	12927.571
779.40222	12760.449
779.453	12945.011
779.50385	12991.002
779.55469	13116.291
779.60553	12981.938
779.65637	12936.97
779.70721	12933.259
779.75806	13048.66
779.80884	13145.897
779.85968	13118.527
779.91052	13249.472
779.96136	13134.651
780.01221	13218.825
780.06305	13034.14
780.11389	13400.875
780.16467	13167.027
780.21552	13106.67
780.26636	12984.254
780.3172	13213.769
780.36804	13314.792
780.41888	13467.079
780.46973	13540.949
780.52051	13373.383
780.57135	13307.68
780.62219	12893.646
780.67303	13120.028
780.72388	13110.282
780.77472	13428.281
780.82556	13448.255
780.87634	13723.388
780.92719	13374.695
780.97803	13552.17
781.02887	13304.204
781.07971	13430.848
781.13055	13496.785
781.1814	13560.172
781.23218	13386.68
781.28302	13476.429
781.33386	13560.412
781.3847	13734.429
781.43555	13980.012
781.48639	13978.2
781.53723	14045.121
781.58807	13566.949
781.63885	13767.816
781.6897	13567.385
781.74054	14300.771
781.79138	14043.14
781.84222	14401.632
781.89307	14004.476
781.94391	14339.068
781.99469	14081.264
782.04553	14377.742
782.09637	14238.411
782.14722	14451.549
782.19806	14169.497
782.2489	14069.372
782.29974	14378.797
782.35052	14245.751
782.40137	14503.999
782.45221	14337.274
782.50305	14443.581
782.55389	14127.746
782.60474	14619.792
782.65558	14231.609
782.70636	14636.922
782.7572	14179.825
782.80804	14370.36
782.85889	14133.121
782.90973	14640.455
782.96057	14756.086
783.01141	14885.059
783.06219	14865.9
783.11304	14675.929
783.16388	14361.284
783.21472	14115.482
783.26556	14384.789
783.31641	14638.051
783.36725	14934.415
783.41803	14880.876
783.46887	15282.134
783.51971	14915.305
783.57056	14895.252
783.6214	14491.926
783.67224	14956.968
783.72308	14711.972
783.77386	15009.572
783.82471	14766.803
783.87555	15133.864
783.92639	15111.082
783.97723	15502.357
784.02808	15434.084
784.07892	15419.754
784.1297	15321.926
784.18054	15254.863
784.23138	15236.125
784.28223	15269.374
784.33307	15648.159
784.38391	15554.793
784.43475	15590.291
784.48553	15491.527
784.53638	15794.413
784.58722	15700.466
784.63806	15843.017
784.6889	15756.277
784.73975	15944.135
784.79059	15562.982
784.84137	15570.154
784.89221	15564.405
784.94305	15801.072
784.9939	15808.613
785.04474	15945.487
785.09558	15922.243
785.14642	15988.833
785.1972	15925.243
785.24805	15660.67
785.29889	15785.619
785.34973	15837.165
785.40057	15665.239
785.45142	15581.501
785.50226	15891.17
785.5531	16103.873
785.60388	16419.258
785.65472	16361.127
785.70557	16269.014
785.75641	15912.218
785.80725	15593.286
785.85809	15546.354
785.90894	15907.28
785.95972	16327.088
786.01056	16477.578
786.0614	16404.432
786.11224	16433.393
786.16309	16390.465
786.21393	16154.77
786.26477	16310.044
786.31555	16427.871
786.36639	16548.73
786.41724	16558.113
786.46808	16542.756
786.51892	16686.199
786.56976	17008.334
786.62061	17009.32
786.67139	17005.061
786.72223	17029.578
786.77307	16932.063
786.82391	16768.418
786.87476	16825.326
786.9256	17225.947
786.97644	17245.125
787.02722	17154.58
787.07806	16907.891
787.12891	17238.652
787.17975	17263.549
787.23059	17522.078
787.28143	17411.092
787.33228	17534.066
787.38306	17150.385
787.4339	17055.066
787.48474	16937.416
787.53558	17348.568
787.58643	17489.33
787.63727	17715.504
787.68811	17587.9
787.73889	17619.711
787.78973	17282.293
787.84058	17180.107
787.89142	17312.592
787.94226	17184.609
787.9931	17562.08
788.04395	17465.807
788.09473	17576.662
788.14557	17843.781
788.19641	18228.672
788.24725	17970.674
788.2981	18179.648
788.34894	17713.57
788.39978	17854.291
788.45056	17263.729
788.5014	17564.953
788.55225	17897.941
788.60309	18575.699
788.65393	18438.816
788.70477	18748.369
788.75562	18447.318
788.8064	18398.254
788.85724	17915.559
788.90808	18351.072
788.95892	18381.344
789.00977	18944.586
789.06061	18465.697
789.11145	18764.967
789.16223	18559.988
789.21307	19019.816
789.26392	18923.965
789.31476	18931.49
789.3656	19127.863
789.41644	18774.066
789.46729	18894.795
789.51807	18706.313
789.56891	19186.137
789.61975	18770.627
789.67059	19209.436
789.72144	18693.248
789.77228	19396.396
789.82312	19135.473
789.87396	19696.867
789.92474	19170.035
789.97559	19503.031
790.02643	18681.668
790.07727	18955.658
790.12811	18366.422
790.17896	19458.703
790.2298	19312.119
790.28058	20023.752
790.33142	19810.574
790.38226	20062.916
790.43311	18844.543
790.48395	19120.084
790.53479	18754.455
790.58563	19596.17
790.63641	19249.348
790.68726	19501.33
790.7381	19339.82
790.78894	20056.295
790.83978	19804.396
790.89063	20057.174
790.94147	19994.031
790.99225	19938.414
791.04309	19828.189
791.09393	19190.623
791.14478	19738.512
791.19562	20089.547
791.24646	20618.506
791.2973	20530.443
791.34808	20728.359
791.39893	20535.711
791.44977	20586.75
791.50061	20032.898
791.55145	20559.545
791.60229	20426.977
791.65314	20940.82
791.70392	20449.418
791.75476	20635.145
791.8056	20704.785
791.85645	21158.611
791.90729	20744.076
791.95813	21339.488
792.00897	20954.705
792.05975	21257.553
792.1106	20466.176
792.16144	20921.352
792.21228	20867.34
792.26312	21351.012
792.31396	20914.4
792.36481	21338.256
792.41559	21143.699
792.46643	21524.014
792.51727	21132.471
792.56812	21451.928
792.61896	21062.545
792.6698	21064.658
792.72064	20323.766
792.77142	20397.24
792.82227	20921.783
792.87311	21793.029
792.92395	22066.592
792.97479	22082.928
793.02563	21782.385
793.07648	21125.869
793.12726	20700.615
793.1781	20679.828
793.22894	21075.096
793.27979	21559.129
793.33063	21891.268
793.38147	21806.701
793.43231	22052.984
793.48309	21750.209
793.53394	22091.205
793.58478	21855.73
793.63562	22101.713
793.68646	21818.041
793.7373	21933.432
793.78815	21591.652
793.83899	22155.9
793.88977	22517.572
793.94061	22896.256
793.99146	22618.014
794.0423	22861.48
794.09314	22719.525
794.14398	22480.52
794.19482	22181.158
794.24561	22731.965
794.29645	22717.469
794.34729	22740.273
794.39813	22446.982
794.44897	22813.715
794.49982	22956.801
794.55066	23161.863
794.60144	23028.297
794.65228	23314.971
794.70313	23010.502
794.75397	22649.094
794.80481	22301.955
794.85565	22622.625
794.90649	22791.066
794.95728	23011.434
795.00812	23015.381
795.05896	23140.49
795.1098	23225.545
795.16064	23275.701
795.21149	23154.359
795.26233	23124.879
795.31311	22822.689
795.36395	22297.979
795.41479	22198.449
795.46564	22459.406
795.51648	22933.727
795.56732	23644.502
795.61816	24000.83
795.66895	23911.83
795.71979	23528.662
795.77063	22903.541
795.82147	22630.576
795.87231	22751.602
795.92316	23366.574
795.974	23795.486
796.02478	23986.957
796.07562	24096.85
796.12646	24104.635
796.17731	23992.021
796.22815	23790.229
796.27899	23811.176
796.32983	23991.541
796.38062	23947.605
796.43146	23722.496
796.4823	23888.549
796.53314	24289.877
796.58398	24606.867
796.63483	24641.523
796.68567	24726.977
796.73645	24789.078
796.78729	24769.164
796.83813	24584.598
796.88898	24518.029
796.93982	24570.973
796.99066	24716.377
797.0415	24382.391
797.09229	24290.953
797.14313	24537.975
797.19397	25036.588
797.24481	24900.264
797.29565	25149.131
797.3465	25241.346
797.39734	24919.752
797.44812	24049.637
797.49896	23817.615
797.5498	23952.219
797.60065	24657.283
797.65149	24923.959
797.70233	25265.846
797.75317	25091.559
797.80396	25224.072
797.8548	24765.574
797.90564	24838.342
797.95648	24626.691
798.00732	24818.672
798.05817	24387.053
798.10901	24397.988
798.15985	24467.178
798.21063	25474.545
798.26147	25624.215
798.31232	26257.582
798.36316	25991.176
798.414	25931.678
798.46484	24819.826
798.51569	24626.033
798.56647	24554.771
798.61731	25629.938
798.66815	26028.604
798.71899	26477.889
798.76984	26266.344
798.82068	26636.111
798.87152	26014.404
798.9223	26119.939
798.97314	25909.504
799.02399	26677.998
799.07483	26315.416
799.12567	26183.25
799.17651	25817.785
799.22736	26628.861
799.27814	26673.467
799.32898	26951.426
799.37982	26593.801
799.43066	27213.248
799.48151	26774.059
799.53235	26945.973
799.58319	26382.955
799.63397	26975.965
799.68481	26625.08
799.73566	26567.186
799.7865	25963.664
799.83734	26707.541
799.88818	27019.678
799.93903	27727.24
799.98981	27451.951
800.04065	27588.504
800.09149	26557.021
800.14233	26370.283
800.19318	25350.229
800.24402	26071.201
800.29486	26682.441
800.34564	27655.621
800.39648	27523.521
800.44733	27906.477
800.49817	27404.59
800.54901	27299.945
800.59985	26644.973
800.6507	27095.383
800.70148	26853.148
800.75232	27330.703
800.80316	26824.305
800.854	27343.932
800.90485	27610.719
800.95569	28358.994
801.00653	28291.219
801.05731	28730.111
801.10815	28327.305
801.159	27998.59
801.20984	26846.295
801.26068	27383.098
801.31152	27905.277
801.36237	29103.104
801.41315	28805.902
801.46399	29206.332
801.51483	28882.893
801.56567	29276.848
801.61652	28619.961
801.66736	28800.217
801.7182	28844.961
801.76898	29397.791
801.81982	28701.365
801.87067	28835.801
801.92151	28767.141
801.97235	29554.082
802.02319	29482.23
802.07404	29773.852
802.12488	29497.643
802.17566	30075.156
802.2265	29237.027
802.27734	29310.813
802.32819	28877.51
802.37903	29643.422
802.42987	28949.205
802.48071	28962.74
802.53149	28497.205
802.58234	29791.963
802.63318	30101.6
802.68402	30603.32
802.73486	30309.348
802.78571	30156.668
802.83655	28877.066
802.88733	28315.111
802.93817	27874.416
802.98901	29267.363
803.03986	29985.953
803.0907	30932.963
803.14154	30451.336
803.19238	30982.904
803.24316	29794.025
803.29401	29686.211
803.34485	29016.352
803.39569	29811.936
803.44653	30047.588
803.49738	30683.828
803.54822	29932.229
803.599	30999.182
803.64984	30910.533
803.70068	31773.523
803.75153	30954.191
803.80237	31827.598
803.85321	31278.43
803.90405	31207.414
803.95483	30239.07
804.00568	31181.654
804.05652	31552.531
804.10736	32504.631
804.1582	31628.16
804.20905	32382.125
804.25989	31905.006
804.31067	32666.506
804.36151	31714.463
804.41235	32360.434
804.4632	32096.256
804.51404	32487.965
804.56488	31050.404
804.61572	31536.734
804.6665	31530.545
804.71735	32818.043
804.76819	32520.178
804.81903	33306.199
804.86987	32596.914
804.92072	32997.48
804.97156	31600.455
805.02234	31863.07
805.07318	31493.803
805.12402	32356.988
805.17487	31671.016
805.22571	31924.771
805.27655	31756.83
805.32739	33110.473
805.37817	33096.141
805.42902	33504.641
805.47986	32880.457
805.5307	33038.102
805.58154	31592.545
805.63239	31073.572
805.68323	30745.697
805.73401	32515.02
805.78485	33401.875
805.83569	34377.316
805.88654	34355.395
805.93738	34380.453
805.98822	33220.371
806.03906	32512.914
806.08984	31867.447
806.14069	33004.023
806.19153	33501.363
806.24237	33883.145
806.29321	33703.223
806.34406	34251.641
806.3949	34660.586
806.44574	34674.684
806.49652	34465.781
806.54736	34606.5
806.59821	34620.402
806.64905	34351.496
806.69989	33734.508
806.75073	34072.617
806.80157	34896.563
806.85236	35165.715
806.9032	35170.707
806.95404	34931.883
807.00488	35167.793
807.05573	35538.992
807.10657	35270.973
807.15741	35187.289
807.20819	35530.102
807.25903	34709.273
807.30988	34170.875
807.36072	33452.48
807.41156	34384.898
807.4624	35117.27
807.51324	36218.957
807.56403	36022.605
807.61487	36192.246
807.66571	35165.563
807.71655	34600.125
807.7674	33451.387
807.81824	33991.879
807.86908	34355.199
807.91986	35094.641
807.9707	34555.336
808.02155	35164.211
808.07239	35445.023
808.12323	36046.059
808.17407	35529.129
808.22491	35981.137
808.2757	35472.832
808.32654	35095.449
808.37738	33720.57
808.42822	33988.059
808.47906	34814.559
808.52991	36407.605
808.58075	37079.16
808.63153	37505.816
808.68237	37174.113
808.73322	36840.168
808.78406	35505.766
808.8349	34984.395
808.88574	35559.352
808.93658	36623.914
808.98737	37145.316
809.03821	37070.949
809.08905	37049.512
809.13989	37460.988
809.19073	37751.188
809.24158	37357.371
809.29242	37643.406
809.3432	37668.055
809.39404	37697.262
809.44489	36543.879
809.49573	36736.023
809.54657	37099.563
809.59741	38001.105
809.64825	37558.473
809.69904	37757.242
809.74988	37500.633
809.80072	38666.363
809.85156	38037.707
809.9024	38321.473
809.95325	37667.598
810.00409	38058.426
810.05487	36610.82
810.10571	36244.555
810.15656	35772.043
810.2074	37613.297
810.25824	38063.324
810.30908	39561.465
810.35992	38879.078
810.41071	38938.957
810.46155	37219.172
810.51239	36471.844
810.56323	35194.621
810.61407	36716.215
810.66492	37418.313
810.71576	38402.816
810.7666	38218.449
810.81738	38819.434
810.86823	38620.551
810.91907	38593.715
810.96991	38186.824
811.02075	38407.605
811.07159	38422.969
811.12244	37825.078
811.17322	37317.891
811.22406	37508.898
811.2749	39103.906
811.32574	39883.508
811.37659	40771.586
811.42743	40285.133
811.47827	40739.766
811.52905	39406.695
811.5799	39302.645
811.63074	38180.688
811.68158	39866.645
811.73242	39941.363
811.78326	40861.188
811.83411	39580.75
811.88489	40661.98
811.93573	40570.359
811.98657	41472.695
812.03741	40469.285
812.08826	41712.426
812.1391	40642.656
812.18994	41215.73
812.24072	39084.121
812.29156	39756.48
812.34241	39877.594
812.39325	41541.488
812.44409	40486.352
812.49493	41351.109
812.54578	40609.547
812.59656	41830.68
812.6474	41121.582
812.69824	41081.375
812.74908	40939.48
812.79993	40743.449
812.85077	39461.117
812.90161	38561.625
812.95239	38797.289
813.00323	40355.434
813.05408	42366.84
813.10492	42664.184
813.15576	43256.203
813.2066	41713.625
813.25745	41023.758
813.30823	38454.238
813.35907	38792.602
813.40991	38957.168
813.46075	42142.129
813.5116	41768.773
813.56244	43406.445
813.61328	42248.051
813.66406	43533.801
813.7149	41248
813.76575	42040.789
813.81659	41201.625
813.86743	43187.195
813.91827	41357.488
813.96912	42373.945
814.0199	40973.695
814.07074	43417.934
814.12158	43736.57
814.17242	44987.422
814.22327	43958.723
814.27411	45154.504
814.32495	43890.176
814.37573	43358.68
814.42657	42624.055
814.47742	43476.164
814.52826	44440.652
814.5791	44310.34
814.62994	43887.863
814.68079	43872.648
814.73163	45082.73
814.78241	45188.078
814.83325	45772.309
814.88409	45021.641
814.93494	46235.152
814.98578	44398.203
815.03662	43771.535
815.08746	41958.027
815.13824	43901.863
815.18909	44185.566
815.23993	45816.504
815.29077	44723.477
815.34161	46022.48
815.39246	45078.309
815.4433	45804.844
815.49408	43748.637
815.54492	44782.176
815.59576	43999.98
815.64661	44361.965
815.69745	42460.301
815.74829	43229.617
815.79913	43767.289
815.84991	46250.938
815.90076	47060.227
815.9516	47704.914
816.00244	47247.176
816.05328	45599.762
816.10413	43930.313
816.15497	42162.801
816.20575	43801.93
816.25659	45200.578
816.30743	47694.77
816.35828	47335.313
816.40912	48718.387
816.45996	47757.734
816.5108	47947.809
816.56158	45623.926
816.61243	46452.75
816.66327	46359.48
816.71411	47965.531
816.76495	46475.383
816.8158	47285.512
816.86664	46975.445
816.91742	49137.309
816.96826	48807.902
817.0191	49401
817.06995	48791.871
817.12079	49676.086
817.17163	48834.855
817.22247	47820.852
817.27325	47927.609
817.3241	48861.297
817.37494	49475.973
817.42578	48225.691
817.47662	48059.023
817.52747	48531.371
817.57831	50077.707
817.62909	50066.543
817.67993	51055.996
817.73077	50037.016
817.78162	50487.828
817.83246	47576.266
817.8833	46669.172
817.93414	45883.887
817.98492	48205.449
818.03577	49102.727
818.08661	50822.418
818.13745	50130.949
818.18829	50984.059
818.23914	49670.047
818.28998	48409.563
818.34076	47469.543
818.3916	48061.004
818.44244	48553.156
818.49329	48531.883
818.54413	48004.344
818.59497	48410.277
818.64581	50366.164
818.69659	51153.293
818.74744	52224.719
818.79828	51776.035
818.84912	51962.297
818.89996	49976.492
818.95081	48556.051
819.00165	47170.133
819.05249	49363.297
819.10327	51042.215
819.15411	53295.129
819.20496	53081.637
819.2558	53585.395
819.30664	52901.813
819.35748	52456.508
819.40833	51044.457
819.45911	51224.867
819.50995	52392.387
819.56079	53161.332
819.61163	52403.637
819.66248	52144.008
819.71332	52849.703
819.76416	53951.996
819.81494	54726.762
819.86578	53895.82
819.91663	54802.824
819.96747	54760.254
820.01831	54183.441
820.06915	52340.457
820.12	52863.484
820.17078	53348.398
820.22162	54142.578
820.27246	52703.449
820.3233	52658.387
820.37415	53027.152
820.42499	54820.734
820.47583	55520.652
820.52661	56040.613
820.57745	55683.879
820.6283	54629.461
820.67914	52612.84
820.72998	50217.07
820.78082	49927.785
820.83167	51996.637
820.88245	54922.445
820.93329	56097.523
820.98413	56799.352
821.03497	56104.813
821.08582	55301.906
821.13666	52835.125
821.1875	51763.082
821.23828	52106.754
821.28912	53736.707
821.33997	53964.758
821.39081	53906.336
821.44165	54468.672
821.49249	55918.531
821.54333	56848.293
821.59412	57000.605
821.64496	56997.746
821.6958	56952.316
821.74664	56373.738
821.79749	54362.105
821.84833	53494.012
821.89917	54231.613
821.94995	56753.102
822.00079	58376.648
822.05164	58863.035
822.10248	58670.488
822.15332	59372.473
822.20416	58391.477
822.255	57398.078
822.30579	57214.555
822.35663	58091.371
822.40747	58921.383
822.45831	58608.066
822.50916	57544.727
822.56	57737
822.61084	59323.688
822.66162	59811.684
822.71246	60013.621
822.76331	60116.652
822.81415	60235.336
822.86499	59198.633
822.91583	57945.793
822.96667	56809.406
823.01752	57645.625
823.0683	58405.988
823.11914	58103.902
823.16998	57199.25
823.22083	57636.496
823.27167	59149.664
823.32251	60359.266
823.37335	60910.602
823.42413	60301.633
823.47498	59591.145
823.52582	57582.184
823.57666	55169.48
823.6275	53833.332
823.67834	55607.82
823.72919	58507.75
823.77997	61514.742
823.83081	62412.793
823.88165	62569.281
823.9325	61558.117
823.98334	58935.855
824.03418	56572.398
824.08502	56250.059
824.1358	58182.223
824.18665	59742.094
824.23749	60564.508
824.28833	60774.887
824.33917	61712.434
824.39001	62166.664
824.44086	62542.578
824.49164	61808.191
824.54248	62378.277
824.59332	62618.125
824.64417	61769.918
824.69501	60117.559
824.74585	59827.887
824.79669	61745.871
824.84747	63238.629
824.89832	63814.316
824.94916	63680.809
825	64061.809
825.05084	63973.766
825.10168	63620.055
825.15253	63191.625
825.20331	63642.074
825.25415	63803.309
825.30499	63874.41
825.35583	62160.551
825.40668	61029.668
825.45752	61911.898
825.50836	63594.734
825.55914	64474.004
825.60999	64474.004
825.66083	64473.996
825.71167	64473.996
825.76251	62506.051
825.81335	60265.863
825.8642	60191.949
825.91498	61344.965
825.96582	63118.695
826.01666	62810.137
826.0675	62740.051
826.11835	63057.266
826.16919	64474
826.22003	64372.223
826.27081	64337.684
826.32166	64044.828
826.3725	63740.449
826.42334	62049.367
826.47418	59285.152
826.52502	59057.102
826.57587	61138.363
826.62665	64474
826.67749	64474
826.72833	64474
826.77917	64474
826.83002	64172.375
826.88086	62861.887
826.9317	60764.871
826.98248	60561.453
827.03333	63002.266
827.08417	64473.996
827.13501	64473.996
827.18585	64473.996
827.23669	64474
827.28754	64474
827.33838	64474
827.38916	64474
827.44	64474
827.49084	64474
827.54169	64474
827.59253	64260.703
827.64337	64166.316
827.69421	64473.953
827.745	64473.973
827.79584	64473.965
827.84668	64473.961
827.89752	64473.953
827.94836	64473.945
827.99921	64473.941
828.05005	64473.934
828.10083	64473.93
828.15167	64473.918
828.20251	64473.91
828.25336	63813.633
828.3042	63495.695
828.35504	64467.84
828.40588	64473.887
828.45667	64473.879
828.50751	64473.875
828.55835	64473.863
828.60919	64473.855
828.66003	64473.844
828.71088	63188.289
828.76172	62724.875
828.8125	64412.563
828.86334	64464.465
828.91418	64473.816
828.96503	64473.813
829.01587	64473.801
829.06671	64473.797
829.11755	64473.785
829.16833	64473.781
829.21918	64473.777
829.27002	64473.77
829.32086	64473.766
829.3717	63884.691
829.42255	63819.824
829.47339	64473.742
829.52417	64473.734
829.57501	64473.73
829.62585	64473.723
829.6767	64473.715
829.72754	64473.711
829.77838	64473.707
829.82922	64473.695
829.88	64473.688
829.93085	64473.684
829.98169	64473.672
830.03253	64473.668
830.08337	64473.656
830.13422	64473.652
830.18506	64473.648
830.23584	64473.637
830.28668	64473.629
830.33752	64473.621
830.38837	64473.617
830.43921	64473.613
830.49005	64473.605
830.54089	64473.602
830.59167	64473.594
830.64252	64473.582
830.69336	64473.578
830.7442	64473.574
830.79504	64473.563
830.84589	64473.559
830.89673	64473.551
830.94751	64473.547
830.99835	64473.543
831.04919	64473.531
831.10004	64473.523
831.15088	64473.52
831.20172	64473.512
831.25256	64473.504
831.30341	64473.5
831.35419	64473.492
831.40503	64473.488
831.45587	64473.473
831.50671	64473.469
831.55756	64473.457
831.6084	64473.453
831.65924	64413.535
831.71002	64441.008
831.76086	64473.434
831.81171	64473.43
831.86255	64473.422
831.91339	64473.414
831.96423	64473.41
832.01508	64473.398
832.06586	64473.395
832.1167	64473.391
832.16754	64473.383
832.21838	64473.375
832.26923	64473.371
832.32007	64473.359
832.37091	64473.355
832.42169	64473.348
832.47253	64473.34
832.52338	64473.336
832.57422	64473.328
832.62506	64473.324
832.6759	64473.316
832.72675	64473.305
832.77753	64473.301
832.82837	64473.293
832.87921	64473.285
832.93005	64473.273
832.9809	64473.27
833.03174	64473.266
833.08258	64473.262
833.13336	64473.25
833.1842	64473.242
833.23505	64473.234
833.28589	64473.23
833.33673	64473.227
833.38757	64473.215
833.43842	64473.215
833.4892	64473.207
833.54004	64473.195
833.59088	64473.191
833.64172	64473.188
833.69257	64473.176
833.74341	64473.172
833.79425	64473.164
833.84503	64473.16
833.89587	64473.152
833.94672	64473.141
833.99756	64473.137
834.0484	64473.133
834.09924	64473.125
834.15009	64473.117
834.20087	64473.117
834.25171	64473.105
834.30255	64473.098
834.35339	64473.086
834.40424	64473.082
834.45508	64473.07
834.50592	64473.066
834.5567	64473.059
834.60754	64473.059
834.65839	64473.047
834.70923	64473.043
834.76007	64473.035
834.81091	64473.027
834.86176	64473.016
834.91254	64473.012
834.96338	64473.008
835.01422	64473.004
835.06506	64472.996
835.11591	64472.988
835.16675	64472.977
835.21759	64472.977
835.26837	64472.969
835.31921	64472.961
835.37006	64472.953
835.4209	64472.949
835.47174	64472.938
835.52258	64472.934
835.57343	64472.922
835.62427	64472.918
835.67505	64472.914
835.72589	64472.906
835.77673	64472.898
835.82758	64472.895
835.87842	64472.887
835.92926	64472.879
835.9801	64472.867
836.03088	64472.867
836.08173	64472.859
836.13257	64472.848
836.18341	64472.84
836.23425	64472.84
836.2851	64472.828
836.33594	64472.824
836.38672	64472.82
836.43756	64472.809
836.4884	64472.805
836.53925	64472.797
836.59009	64472.789
836.64093	64472.785
836.69177	64472.777
836.74255	64472.77
836.7934	64472.758
836.84424	64472.758
836.89508	64472.75
836.94592	64472.738
836.99677	64472.734
837.04761	64472.73
837.09839	64472.719
837.14923	64472.719
837.20007	64472.711
837.25092	64472.699
837.30176	64472.699
837.3526	64472.691
837.40344	64472.68
837.45422	64472.676
837.50507	64472.668
837.55591	64472.66
837.60675	64472.648
837.65759	64472.648
837.70844	64472.641
837.75928	64472.629
837.81006	64472.625
837.8609	64472.621
837.91174	64472.609
837.96259	64472.609
838.01343	64472.602
838.06427	64472.59
838.11511	64472.59
838.16589	64472.582
838.21674	64472.57
838.26758	64472.57
838.31842	64472.563
838.36926	64472.551
838.4201	64472.539
838.47095	64472.539
838.52173	64472.531
838.57257	64472.527
838.62341	64472.516
838.67426	64472.512
838.7251	64472.508
838.77594	64472.5
838.82678	64472.492
838.87756	64472.484
838.92841	64472.48
838.97925	64472.473
839.03009	64472.461
839.08093	64472.457
839.13177	64472.453
839.18262	64472.441
839.2334	64472.434
839.28424	64472.434
839.33508	64472.422
839.38593	64472.418
839.43677	64472.406
839.48761	64472.402
839.53845	64472.398
839.58929	64472.391
839.64008	64472.383
839.69092	64472.379
839.74176	64472.371
839.7926	64472.363
839.84344	64472.352
839.89429	64472.348
839.94513	64472.344
839.99591	64472.332
840.04675	64472.324
840.0976	64472.324
840.14844	64472.313
840.19928	64472.309
840.25012	64472.297
840.30096	64472.293
840.35175	64472.289
840.40259	64472.281
840.45343	64472.273
840.50427	64472.262
840.55511	64472.258
840.60596	64472.254
840.6568	64472.242
840.70758	64472.234
840.75842	64472.234
840.80927	64472.223
840.86011	64472.223
840.91095	64472.215
840.96179	64472.203
841.01263	64472.203
841.06342	64472.188
841.11426	64472.184
841.1651	64472.18
841.21594	64472.168
841.26678	64472.164
841.31763	64472.16
841.36847	64472.148
841.41925	64472.145
841.47009	64472.133
841.52094	64472.125
841.57178	64472.125
841.62262	64472.113
841.67346	64472.105
841.7243	64472.105
841.77509	64472.098
841.82593	64472.086
841.87677	64472.086
841.92761	64472.074
841.97845	64472.066
842.0293	64472.059
842.08014	64472.055
842.13092	64472.043
842.18176	64472.043
842.2326	64472.035
842.28345	64472.023
842.33429	64472.02
842.38513	64472.016
842.43597	64472.004
842.48676	64472
842.5376	64471.996
842.58844	64471.984
842.63928	64471.98
842.69012	64471.977
842.74097	64471.965
842.79181	64471.961
842.84259	64471.945
842.89343	64471.941
842.94427	64471.941
842.99512	64471.93
843.04596	64471.926
843.0968	64471.922
843.14764	64471.906
843.19843	64471.902
843.24927	64471.895
843.30011	64471.887
843.35095	64471.887
843.40179	64471.883
843.45264	64471.867
843.50348	64471.867
843.55426	64471.855
843.6051	64471.848
843.65594	64471.84
843.70679	64471.836
843.75763	64471.828
843.80847	64471.828
843.85931	64471.816
843.91016	64471.809
843.96094	64471.801
844.01178	64471.797
844.06262	64471.781
844.11346	64471.781
844.16431	64471.777
844.21515	64471.766
844.26599	64471.762
844.31677	64471.758
844.36761	64471.746
844.41846	64471.738
844.4693	64471.73
844.52014	64471.723
844.57098	64471.723
844.62183	64471.719
844.67261	64471.707
844.72345	64471.699
844.77429	64471.691
844.82513	64471.684
844.87598	64471.68
844.92682	64471.672
844.97766	64471.664
845.02844	64471.664
845.07928	64471.656
845.13013	64471.645
845.18097	64471.637
845.23181	64471.633
845.28265	64471.625
845.3335	64471.617
845.38428	64471.613
845.43512	64471.598
845.48596	64471.594
845.5368	64471.586
845.58765	64471.578
845.63849	64471.574
845.68933	64471.563
845.74011	64471.555
845.79095	64471.555
845.8418	64471.547
845.89264	64471.539
845.94348	64471.531
845.99432	64471.523
846.04517	64471.512
846.09595	64471.508
846.14679	64471.504
846.19763	64471.5
846.24847	64471.492
846.29932	64471.484
846.35016	64471.473
846.401	64471.469
846.45178	64471.465
846.50262	64471.453
846.55347	64471.449
846.60431	64471.445
846.65515	64471.434
846.70599	64471.43
846.75684	64471.422
846.80762	64471.414
846.85846	64471.41
846.9093	64471.398
846.96014	64471.391
847.01099	64471.391
847.06183	64471.383
847.11267	64471.375
847.16345	64471.367
847.21429	64471.359
847.26514	64471.348
847.31598	64471.344
847.36682	64471.336
847.41766	64471.336
847.46851	64471.328
847.51929	64471.32
847.57013	64471.309
847.62097	64471.305
847.67181	64471.293
847.72266	64471.289
847.7735	64471.285
847.82434	64471.281
847.87512	64471.27
847.92596	64471.25
847.97681	64471.246
848.02765	64471.25
848.07849	64471.25
848.12933	64471.246
848.18018	64471.25
848.23102	64471.25
848.2818	64471.246
848.33264	64471.25
848.38348	64471.25
848.43433	64471.246
848.48517	64471.25
848.53601	64471.25
848.58685	64471.25
848.63763	64471.25
848.68848	64471.25
848.73932	64471.25
848.79016	64471.25
848.841	64471.25
848.89185	64471.25
848.94269	64471.25
848.99347	64471.25
849.04431	64471.25
849.09515	64471.25
849.146	64471.25
849.19684	64471.25
849.24768	64471.25
849.29852	64471.25
849.3493	64471.25
849.40015	64471.25
849.45099	64471.25
849.50183	64471.25
849.55267	64471.25
849.60352	64471.25
849.65436	64471.25
849.70514	64471.25
849.75598	64471.25
849.80682	64471.25
849.85767	64471.25
849.90851	64471.25
849.95935	64471.25
850.01019	64471.25
850.06097	64471.25
850.11182	64471.25
850.16266	64471.25
850.2135	64471.25
850.26434	64471.25
850.31519	64471.25
850.36603	64471.25
850.41681	64471.25
850.46765	64471.25
850.51849	64471.25
850.56934	64471.25
850.62018	64471.25
850.67102	64471.254
850.72186	64471.25
850.77264	64471.25
850.82349	64471.254
850.87433	64471.25
850.92517	64471.25
850.97601	64471.254
851.02686	64471.25
851.0777	64471.25
851.12848	64471.254
851.17932	64471.25
851.23016	64471.25
851.28101	64471.254
851.33185	64471.25
851.38269	64471.25
851.43353	64471.246
851.48431	64471.25
851.53516	64471.25
851.586	64471.246
851.63684	64471.25
851.68768	64471.25
851.73853	64471.246
851.78937	64471.25
851.84015	64471.25
851.89099	64471.25
851.94183	64471.25
851.99268	64471.25
852.04352	64471.25
852.09436	64471.25
852.1452	64471.25
852.19604	64471.25
852.24683	64471.25
852.29767	64471.25
852.34851	64471.25
852.39935	64471.25
852.4502	64471.25
852.50104	64471.25
852.55188	64471.25
852.60266	64471.25
852.6535	64471.25
852.70435	64471.25
852.75519	64471.25
852.80603	64471.25
852.85687	64471.25
852.90771	64471.25
852.9585	64471.25
853.00934	64471.25
853.06018	64471.25
853.11102	64471.25
853.16187	64471.25
853.21271	64471.25
853.26355	64471.25
853.31433	64471.25
853.36517	64471.25
853.41602	64471.25
853.46686	64471.25
853.5177	64471.25
853.56854	64471.25
853.61938	64471.25
853.67017	64471.25
853.72101	64471.25
853.77185	64471.25
853.82269	64471.25
853.87354	64471.25
853.92438	64471.25
853.97522	64471.25
854.026	64471.25
854.07684	64471.25
854.12769	64471.25
854.17853	64471.25
854.22937	64471.25
854.28021	64471.25
854.33105	64471.25
854.38184	64471.25
854.43268	64471.25
854.48352	64471.25
854.53436	64471.25
854.58521	64471.25
854.63605	64471.25
854.68689	64471.25
854.73767	64471.25
854.78851	64471.25
854.83936	64471.25
854.8902	64471.25
854.94104	64471.25
854.99188	64471.25
855.04272	64471.25
855.09351	64471.25
855.14435	64471.25
855.19519	64471.25
855.24603	64471.25
855.29688	64471.25
855.34772	64471.25
855.39856	64471.25
855.44934	64471.25
855.50018	64471.246
855.55103	64471.25
855.60187	64471.25
855.65271	64471.246
855.70355	64471.25
855.75439	64471.25
855.80518	64471.246
855.85602	64471.25
855.90686	64471.25
855.9577	64471.254
856.00854	64471.25
856.05939	64471.25
856.11023	64471.254
856.16101	64471.25
856.21185	64471.25
856.2627	64471.254
856.31354	64471.25
856.36438	64471.25
856.41522	64471.254
856.46606	64471.25
856.51691	64471.25
856.56769	64471.254
856.61853	64471.25
856.66937	64471.25
856.72021	64471.25
856.77106	64471.25
856.8219	64471.25
856.87274	64471.25
856.92352	64471.25
856.97437	64471.25
857.02521	64471.25
857.07605	64471.25
857.12689	64471.25
857.17773	64471.25
857.22858	64471.25
857.27936	64471.25
857.3302	64471.25
857.38104	64471.25
857.43188	64471.25
857.48273	64471.25
857.53357	64471.25
857.58441	64471.25
857.63519	64471.25
857.68604	64471.25
857.73688	64471.25
857.78772	64471.25
857.83856	64471.25
857.8894	64471.25
857.94025	64471.25
857.99103	64471.25
858.04187	64471.25
858.09271	64471.25
858.14355	64471.25
858.1944	64471.25
858.24524	64471.25
858.29608	64471.25
858.34686	64471.25
858.39771	64471.25
858.44855	64471.25
858.49939	64471.25
858.55023	64471.25
858.60107	64471.25
858.65192	64471.25
858.7027	64471.25
858.75354	64471.25
858.80438	64471.246
858.85522	64471.25
858.90607	64471.25
858.95691	64471.246
859.00775	64471.25
859.05853	64471.25
859.10938	64471.246
859.16022	64470.926
859.21106	64470.594
859.2619	64470.27
859.31274	64469.945
859.36359	64469.609
859.41437	64469.285
859.46521	64468.961
859.51605	64468.629
859.56689	64468.305
859.61774	64467.98
859.66858	64467.656
859.71942	64467.324
859.7702	64466.996
859.82104	64466.672
859.87189	64466.34
859.92273	64466.02
859.97357	64465.691
860.02441	64465.359
860.07526	64465.039
860.12604	64464.711
860.17688	64464.379
860.22772	64464.055
860.27856	64463.727
860.32941	64463.406
860.38025	64463.074
860.43109	64462.746
860.48193	64462.426
860.53271	64462.094
860.58356	64461.762
860.6344	64461.441
860.68524	64461.109
860.73608	64460.781
860.78693	64460.461
860.83777	64460.129
860.88855	64459.805
860.93939	64459.48
860.99023	64459.145
861.04108	64458.82
861.09192	64458.496
861.14276	64458.172
861.1936	64457.84
861.24438	64457.516
861.29523	64457.188
861.34607	64456.859
861.39691	64456.531
861.44775	64456.207
861.4986	64455.875
861.54944	64455.555
861.60022	64455.227
861.65106	64454.895
861.7019	64454.574
861.75275	64454.246
861.80359	64453.91
861.85443	64453.59
861.90527	64453.262
861.95605	64452.938
862.0069	64452.609
862.05774	64452.281
862.10858	64451.949
862.15942	64451.629
862.21027	64451.297
862.26111	64450.965
862.31189	64450.645
862.36273	64450.316
862.41357	64449.992
862.46442	64449.664
862.51526	64449.34
862.5661	64449.012
862.61694	64448.684
862.66772	64448.355
862.71857	64448.027
862.76941	64447.699
862.82025	64447.375
862.87109	64447.047
862.92194	64446.723
862.97278	64446.395
863.02356	64446.066
863.0744	64445.742
863.12524	64445.41
863.17609	64445.082
863.22693	64444.758
863.27777	64444.43
863.32861	64444.105
863.37939	64443.781
863.43024	64443.449
863.48108	64443.117
863.53192	64442.793
863.58276	64442.465
863.63361	64442.141
863.68445	64441.816
863.73523	64441.484
863.78607	64441.16
863.83691	64440.84
863.88776	64440.508
863.9386	64440.176
863.98944	64439.852
864.04028	64439.523
864.09106	64439.195
864.14191	64438.875
864.19275	64438.547
864.24359	64438.215
864.29443	64437.891
864.34528	64437.559
864.39612	64437.23
864.4469	64436.91
864.49774	64436.5
864.54858	64436.168
864.59943	64435.84
864.65027	64435.52
864.70111	64435.188
864.75195	64434.855
864.8028	64434.531
864.85358	64434.199
864.90442	64433.871
864.95526	64433.551
865.0061	64433.215
865.05695	64432.891
865.10779	64432.563
865.15863	64432.23
865.20941	64431.902
865.26025	64431.578
865.3111	64431.254
865.36194	64430.922
865.41278	64430.598
865.46362	64430.27
865.51447	64429.938
865.56525	64429.609
865.61609	64429.285
865.66693	64428.949
865.71777	64428.629
865.76862	64428.301
865.81946	64427.969
865.8703	64427.645
865.92108	64427.313
865.97192	64426.988
866.02277	64426.66
866.07361	64426.332
866.12445	64426.004
866.17529	64425.676
866.22614	64425.352
866.27692	64425.023
866.32776	64424.695
866.3786	64424.363
866.42944	64424.039
866.48029	64423.707
866.53113	64423.379
866.58197	64423.059
866.63275	64422.727
866.68359	64422.398
866.73444	64422.066
866.78528	64421.742
866.83612	64421.418
866.88696	64421.09
866.93781	64420.758
866.98859	64420.43
867.03943	64420.102
867.09027	64419.773
867.14111	64419.445
867.19196	64419.121
867.2428	64418.793
867.29364	64418.465
867.34442	64418.137
867.39526	64417.809
867.44611	64417.484
867.49695	64417.156
867.54779	64416.816
867.59863	64416.5
867.64948	64416.172
867.70026	64415.84
867.7511	64415.508
867.80194	64415.188
867.85278	64414.859
867.90363	64414.527
867.95447	64414.199
868.00531	64413.871
868.05609	64413.543
868.10693	64413.219
868.15778	64412.891
868.20862	64412.563
868.25946	64412.234
868.3103	64411.906
868.36115	64411.574
868.41193	64411.254
868.46277	64410.926
868.51361	64410.598
868.56445	64410.266
868.6153	64409.945
868.66614	64409.609
868.71698	64409.285
868.76782	64408.953
868.8186	64408.625
868.86945	64408.301
868.92029	64407.973
868.97113	64407.641
869.02197	64407.316
869.07281	64406.988
869.12366	64406.66
869.17444	64406.332
869.22528	64406.004
869.27612	64405.68
869.32697	64405.352
869.37781	64405.023
869.42865	64404.695
869.47949	64404.367
869.53027	64404.039
869.58112	64403.703
869.63196	64403.383
869.6828	64403.059
869.73364	64402.727
869.78448	64402.395
869.83533	64402.07
869.88611	64401.746
869.93695	64401.41
869.98779	64401.086
870.03864	64400.758
870.08948	64400.43
870.14032	64400.102
870.19116	64399.773
870.24194	64399.449
870.29279	64399.121
870.34363	64398.793
870.39447	64398.461
870.44531	64398.137
870.49615	64397.813
870.547	64397.484
870.59778	64397.152
870.64862	64396.828
870.69946	64396.496
870.75031	64396.168
870.80115	64395.836
870.85199	64395.508
870.90283	64395.184
870.95361	64394.859
871.00446	64394.527
871.0553	64394.199
871.10614	64393.871
871.15698	64393.547
871.20782	64393.219
871.25867	64392.891
871.30945	64392.563
871.36029	64392.234
871.41113	64391.91
871.46198	64391.582
871.51282	64391.254
871.56366	64390.926
871.6145	64390.59
871.66528	64390.266
871.71613	64389.938
871.76697	64389.613
871.81781	64389.281
871.86865	64388.957
871.91949	64388.625
871.97034	64388.297
872.02112	64387.969
872.07196	64387.645
872.1228	64387.316
872.17365	64386.988
872.22449	64386.66
872.27533	64386.332
872.32617	64386.004
872.37695	64385.672
872.4278	64385.352
872.47864	64385.023
872.52948	64384.695
872.58032	64384.367
872.63116	64384.031
872.68201	64383.711
872.73279	64383.375
872.78363	64383.055
872.83447	64382.73
872.88531	64382.395
872.93616	64382.074
872.987	64381.738
873.03784	64381.414
873.08868	64381.086
873.13947	64380.758
873.19031	64380.43
873.24115	64380.098
873.29199	64379.777
873.34283	64379.449
873.39368	64379.121
873.44452	64378.559
873.4953	64378.23
873.54614	64377.902
873.59698	64377.574
873.64783	64377.25
873.69867	64376.918
873.74951	64376.59
873.80035	64376.262
873.85114	64375.934
873.90198	64375.598
873.95282	64375.27
874.00366	64374.941
874.0545	64374.621
874.10535	64374.293
874.15619	64373.957
874.20697	64373.637
874.25781	64373.297
874.30865	64372.973
874.3595	64372.641
874.41034	64372.313
874.46118	64371.992
874.51202	64371.66
874.56281	64371.332
874.61365	64371
874.66449	64370.672
874.71533	64370.344
874.76617	64370.016
874.81702	64369.684
874.86786	64369.359
874.91864	64369.031
874.96948	64368.703
875.02032	64368.375
875.07117	64368.039
875.12201	64367.711
875.17285	64367.379
875.22369	64367.055
875.27448	64366.734
875.32532	64366.398
875.37616	64366.07
875.427	64365.738
875.47784	64365.414
875.52869	64365.082
875.57953	64364.754
875.63031	64364.422
875.68115	64364.098
875.73199	64363.773
875.78284	64363.441
875.83368	64363.113
875.88452	64362.785
875.93536	64362.457
875.98615	64362.125
876.03699	64361.797
876.08783	64361.473
876.13867	64361.145
876.18951	64360.816
876.24036	64360.484
876.2912	64360.156
876.34198	64359.82
876.39282	64359.5
876.44366	64359.164
876.49451	64358.836
876.54535	64358.512
876.59619	64358.18
876.64703	64357.855
876.69781	64357.523
876.74866	64357.195
876.7995	64356.863
876.85034	64356.535
876.90118	64356.207
876.95203	64355.883
877.00287	64355.555
877.05365	64355.223
877.10449	64354.898
877.15533	64354.566
877.20618	64354.238
877.25702	64353.902
877.30786	64353.582
877.3587	64353.258
877.40955	64352.926
877.46033	64352.598
877.51117	64352.262
877.56201	64351.934
877.61285	64351.605
877.6637	64351.277
877.71454	64350.945
877.76538	64350.621
877.81616	64350.301
877.867	64349.965
877.91785	64349.637
877.96869	64349.305
878.01953	64348.977
878.07037	64348.648
878.12122	64348.32
878.172	64347.996
878.22284	64347.664
878.27368	64347.34
878.32452	64347.008
878.37537	64346.68
878.42621	64346.348
878.47705	64346.02
878.52783	64345.691
878.57867	64345.367
878.62952	64345.039
878.68036	64344.703
878.7312	64344.375
878.78204	64344.047
878.83289	64343.719
878.88367	64343.387
878.93451	64343.059
878.98535	64342.734
879.03619	64342.406
879.08704	64342.078
879.13788	64341.746
879.18872	64341.418
879.2395	64341.09
879.29034	64340.762
879.34119	64340.43
879.39203	64340.105
879.44287	64339.777
879.49371	64338.789
879.54456	64338.789
879.59534	64338.789
879.64618	64338.789
879.69702	64338.789
879.74786	64338.789
879.79871	64338.785
879.84955	64338.789
879.90039	64338.789
879.95117	64338.789
880.00201	64338.789
880.05286	64338.789
880.1037	64338.785
880.15454	64338.789
880.20538	64338.793
880.25623	64338.789
880.30701	64338.789
880.35785	64338.789
880.40869	64338.789
880.45953	64338.789
880.51038	64338.789
880.56122	64338.785
880.61206	64338.789
880.66284	64338.789
880.71368	64338.789
880.76453	64338.789
880.81537	64338.789
880.86621	64338.789
880.91705	64338.789
880.9679	64338.789
881.01868	64338.793
881.06952	64338.789
881.12036	64338.789
881.1712	64338.789
881.22205	64338.789
881.27289	64338.789
881.32373	64338.789
881.37457	64338.785
881.42535	64338.789
881.4762	64338.789
881.52704	64338.789
881.57788	64338.789
881.62872	64338.789
881.67957	64338.789
881.73041	64338.789
881.78119	64338.789
881.83203	64338.793
881.88287	64338.789
881.93372	64338.789
881.98456	64338.789
882.0354	64338.789
882.08624	64338.789
882.13702	64338.789
882.18787	64338.789
882.23871	64338.789
882.28955	64338.789
882.34039	64338.789
882.39124	64338.789
882.44208	64338.789
882.49286	64338.789
882.5437	64338.789
882.59454	64338.789
882.64539	64338.785
882.69623	64338.789
882.74707	64338.789
882.79791	64338.789
882.84869	64338.789
882.89954	64338.789
882.95038	64338.789
883.00122	64338.789
883.05206	64338.789
883.10291	64338.789
883.15375	64338.789
883.20453	64338.789
883.25537	64338.789
883.30621	64338.789
883.35706	64338.789
883.4079	64338.789
883.45874	64338.785
883.50958	64338.789
883.56036	64338.789
883.61121	64338.789
883.66205	64338.789
883.71289	64338.789
883.76373	64338.789
883.81458	64338.789
883.86542	64338.789
883.9162	64338.789
883.96704	64338.789
884.01788	64338.789
884.06873	64338.789
884.11957	64338.789
884.17041	64338.789
884.22125	64338.789
884.27203	64338.789
884.32288	64338.789
884.37372	64338.789
884.42456	64338.789
884.4754	64338.789
884.52625	64338.789
884.57709	64338.789
884.62787	64338.789
884.67871	64338.789
884.72955	64338.789
884.7804	64338.789
884.83124	64338.789
884.88208	64338.789
884.93292	64338.789
884.9837	64338.789
885.03455	64338.789
885.08539	64338.789
885.13623	64338.789
885.18707	64338.789
885.23792	64338.789
885.28876	63831.328
885.33954	63106.352
885.39038	63653.922
885.44122	64338.789
885.49207	63850.051
885.54291	63440.551
885.59375	62586.145
885.64459	62494.289
885.69543	63740.551
885.74622	61688.977
885.79706	59730.109
885.8479	58512.484
885.89874	57610.973
885.94958	56902.93
886.00043	51959.941
886.05127	47999.879
886.10205	46357.285
886.15289	48291.996
886.20374	53444.848
886.25458	55852.273
886.30542	58512.082
886.35626	57932.707
886.4071	55365.25
886.45789	51934.109
886.50873	44776.199
886.55957	40143.84
886.61041	38007.777
886.66125	40527.875
886.7121	45688.898
886.76294	48060.211
886.81372	50628.832
886.86456	49525.246
886.91541	49136.813
886.96625	48609.336
887.01709	44757.078
887.06793	42646.789
887.11877	40304.855
887.16956	42294.535
887.2204	44345.254
887.27124	43074.406
887.32208	42184.719
887.37292	39853.395
887.42377	41593.988
887.47461	44734.59
887.52539	45172.047
887.57623	46273.563
887.62708	44336.488
887.67792	45354.688
887.72876	44949.113
887.7796	42201.828
887.83044	40362.355
887.88123	37508.219
887.93207	40009.711
887.98291	42338.563
888.03375	43180.809
888.08459	43259.863
888.13544	40032.906
888.18628	40807.434
888.23706	41827.727
888.2879	42109.277
888.33875	42670.496
888.38959	40379.668
888.44043	41696.926
888.49127	41748.652
888.54211	40106.672
888.5929	37684.93
888.64374	33936.219
888.69458	34977.684
888.74542	36402.098
888.79626	38001.395
888.84711	40111.582
888.89795	37541.922
888.94873	38820.641
888.99957	38448.785
889.05042	37476.945
889.10126	36670.129
889.1521	33534.16
889.20294	34613.777
889.25378	35039.133
889.30457	34505.109
889.35541	33650.254
889.40625	29704.1
889.45709	30699.445
889.50793	31871.381
889.55878	35301.043
889.60962	38025.586
889.66046	37310.855
889.71124	38735.355
889.76208	37308.063
889.81293	34019.223
889.86377	30810.43
889.91461	26657.951
889.96545	27053.787
890.0163	28805.154
890.06708	32858.5
890.11792	37114.277
890.16876	37059.414
890.2196	38555.898
890.27045	37212.543
890.32129	35807.223
890.37213	33981.82
890.42291	30205.908
890.47375	30443.787
890.5246	31542.291
890.57544	33891.602
890.62628	35227.414
890.67712	33541.453
890.72797	33783.223
890.77875	33713.234
890.82959	35514.664
890.88043	36828.809
890.93127	34950.781
890.98212	35378.195
891.03296	34887.082
891.0838	35860.121
891.13458	35737.516
891.18542	32991.668
891.23627	32653.348
891.28711	32728.75
891.33795	34768.996
891.38879	35694.297
891.43964	33742.574
891.49042	32715.918
891.54126	32104.451
891.5921	34032.313
891.64294	35608.488
891.69379	35427.738
891.74463	35932.855
891.79547	35442.566
891.84625	35360.563
891.89709	33687.453
891.94794	30046.797
891.99878	28265.906
892.04962	27897.324
892.10046	30160.727
892.15131	32693.08
892.20209	34095.961
892.25293	34911.098
892.30377	34312.457
892.35461	33995.273
892.40546	32681.402
892.4563	30083.527
892.50714	28431.867
892.55792	27652.326
892.60876	28887.691
892.65961	29663.365
892.71045	29001.211
892.76129	28296.889
892.81213	27599.758
892.86298	28863.779
892.91376	30528.158
892.9646	31540.846
893.01544	31892.379
893.06628	31382.969
893.11713	31009.777
893.16797	29543.143
893.21881	27027.396
893.26959	24472.678
893.32043	23014.047
893.37128	24405.881
893.42212	26805.031
893.47296	29537.135
893.5238	30518.09
893.57465	30050.58
893.62543	30052.947
893.67627	28528.813
893.72711	26467.178
893.77795	24277.863
893.8288	22748.816
893.87964	23427.281
893.93048	24328.514
893.98132	25364.164
894.0321	24696.023
894.08295	23235.994
894.13379	23175.391
894.18463	23291.098
894.23547	23653.797
894.28632	23271.389
894.33716	21940.088
894.38794	21945.424
894.43878	21556.031
894.48962	21441.443
894.54047	20595.656
894.59131	18795.822
894.64215	18582.334
894.69299	18506.914
894.74377	18770.102
894.79462	18280.109
894.84546	16661.662
894.8963	16372.325
894.94714	16233.651
894.99799	16887.926
895.04883	17541.422
895.09961	16736.037
895.15045	16976.32
895.20129	16222.362
895.25214	15258.759
895.30298	13814.403
895.35382	11900.986
895.40466	11262.343
895.45544	11424.527
895.50629	12346.227
895.55713	13779.154
895.60797	13977.87
895.65881	14293.771
895.70966	13984.938
895.7605	12982.582
895.81128	12048.139
895.86212	10374.786
895.91296	9780.333
895.96381	9708.9189
896.01465	10219.789
896.06549	11043.721
896.11633	10762.492
896.16711	10569.375
896.21796	10518.888
896.2688	10544.347
896.31964	11065.078
896.37048	10581.07
896.42133	10372.632
896.47217	10298.325
896.52295	10172.331
896.57379	10157.574
896.62463	9317.292
896.67548	8479.9541
896.72632	8369.1904
896.77716	8587.249
896.828	9683.7754
896.87878	10154.153
896.92963	10167.095
896.98047	10173.012
897.03131	9906.1484
897.08215	9844.4365
897.133	9249.54
897.18384	8664.9512
897.23462	8345.1855
897.28546	8368.042
897.3363	9032.5557
897.38715	9132.3223
897.43799	8736.2686
897.48883	8342.8936
897.53967	8178.9214
897.59045	8457.4678
897.6413	8668.5742
897.69214	8529.3096
897.74298	8577.1064
897.79382	8477.9375
897.84467	8450.3594
897.89551	8199.3721
897.94635	7751.0239
897.99713	7350.0669
898.04797	7122.2007
898.09882	7294.7734
898.14966	7465.6211
898.2005	7333.0161
898.25134	7059.1587
898.30219	6793.2397
898.35297	6948.6567
898.40381	7215.5225
898.45465	7382.7202
898.50549	7354.8481
898.55634	7183.9204
898.60718	7141.6792
898.65802	6836.1592
898.7088	6144.4224
898.75964	5517.1738
898.81049	5155.958
898.86133	5378.6587
898.91217	5930.1216
898.96301	6645.2207
899.01385	7193.9604
899.06464	7329.1689
899.11548	7300.9795
899.16632	6901.4854
899.21716	6222.917
899.26801	5540.9683
899.31885	5019.1611
899.36969	5017.3594
899.42047	5437.0068
899.47131	6011.4766
899.52216	6355.0493
899.573	6355.4893
899.62384	6437.7104
899.67468	6515.7993
899.72552	6452.2285
899.77631	6337.521
899.82715	6045.7964
899.87799	6002.4619
899.92883	6095.3413
899.97968	6230.9526
900.03052	6155.1934
900.08136	5786.7817
900.13214	5637.957
900.18298	5779.0449
900.23383	6228.3359
900.28467	6718.1826
900.33551	6615.9326
900.38635	6460.6162
900.43719	6423.4165
900.48798	6463.0181
900.53882	6500.2964
900.58966	6179.3179
900.6405	5969.937
900.69135	5997.6016
900.74219	6181.5562
900.79303	6421.1724
900.84381	6045.29
900.89465	5631.6646
900.9455	5480.4194
900.99634	5644.8833
901.04718	6118.9907
901.09802	6213.3804
901.14886	6283.3877
901.19965	6307.5415
901.25049	6187.9077
901.30133	5992.0581
901.35217	5598.5322
901.40302	4939.9263
901.45386	4838.2974
901.5047	4897.7788
901.55548	5259.3511
901.60632	5466.5415
901.65717	5348.3208
901.70801	5290.4731
901.75885	5186.1079
901.80969	5283.9663
901.86053	5344.2427
901.91132	5192.3789
901.96216	5151.5044
902.013	5037.1128
902.06384	5104.085
902.11469	4965.3037
902.16553	4442.6909
902.21637	4124.0313
902.26721	3959.51
902.31799	4279.519
902.36884	4852.5703
902.41968	5269.5405
902.47052	5613.0864
902.52136	5588.6748
902.5722	5533.5342
902.62305	5223.6689
902.67383	4601.3047
902.72467	4117.4297
902.77551	3833.7703
902.82635	3997.0415
902.8772	4496.5825
902.92804	4977.6392
902.97888	5298.7437
903.02966	5282.7573
903.08051	5265.3916
903.13135	5307.8188
903.18219	5096.8408
903.23303	4973.2529
903.28387	4717.228
903.33472	4700.0151
903.3855	5107.647
903.43634	5108.9937
903.48718	5099.5732
903.53802	4858.7979
903.58887	4707.0205
903.63971	4986.7178
903.69055	5142.1655
903.74133	5371.709
903.79218	5303.1865
903.84302	5021.0361
903.89386	5178.0259
903.9447	5165.8369
903.99554	5170.1733
904.04639	5131.2705
904.09717	4863.6123
904.14801	5029.8296
904.19885	5011.6265
904.24969	4849.5781
904.30054	4604.8765
904.35138	4147.8916
904.40222	4103.0879
904.453	4298.1182
904.50385	4620.1987
904.55469	4986.5713
904.60553	4992.5112
904.65637	4934.4175
904.70721	4936.5142
904.75806	4549.0659
904.80884	4104.0439
904.85968	3573.4365
904.91052	3301.9688
904.96136	3420.5261
905.01221	3607.7327
905.06305	3927.375
905.11389	3986.0146
905.16467	3946.9792
905.21552	3977.6543
905.26636	3873.7288
905.3172	3757.2214
905.36804	3527.303
905.41888	3227.4907
905.46973	3256.6228
905.52051	3233.0715
905.57135	3271.8625
905.62219	3130.9949
905.67303	2806.5769
905.72388	2743.4097
905.77472	2770.0127
905.82556	3051.0215
905.87634	3323.3079
905.92719	3310.2852
905.97803	3328.1636
906.02887	3263.1379
906.07971	3115.4568
906.13055	2917.9277
906.1814	2505.6365
906.23218	2268.1553
906.28302	2292.3376
906.33386	2472.5818
906.3847	2747.4961
906.43555	2888.3799
906.48639	2797.1731
906.53723	2717.5151
906.58807	2657.4849
906.63885	2698.052
906.6897	2576.5579
906.74054	2410.344
906.79138	2366.7029
906.84222	2389.9326
906.89307	2472.6714
906.94391	2405.4016
906.99469	2220.865
907.04553	2149.4919
907.09637	2113.3401
907.14722	2203.812
907.19806	2268.7446
907.2489	2209.2913
907.29974	2117.4807
907.35052	2054.9614
907.40137	2115.4233
907.45221	2112.2534
907.50305	1993.9222
907.55389	1888.3469
907.60474	1839.4034
907.65558	1869.0325
907.70636	1863.3011
907.7572	1735.8447
907.80804	1591.9442
907.85889	1464.6882
907.90973	1490.606
907.96057	1618.8104
908.01141	1695.3505
908.06219	1825.21
908.11304	1849.6023
908.16388	1794.9403
908.21472	1738.474
908.26556	1556.9849
908.31641	1369.0168
908.36725	1221.3146
908.41803	1120.9192
908.46887	1247.1838
908.51971	1384.0446
908.57056	1523.3693
908.6214	1609.7217
908.67224	1576.6631
908.72308	1630.7455
908.77386	1542.7354
908.82471	1374.7474
908.87555	1287.1346
908.92639	1160.9318
908.97723	1210.071
909.02808	1289.5891
909.07892	1295.3717
909.1297	1301.7504
909.18054	1228.1749
909.23138	1218.3484
909.28223	1282.7434
909.33307	1307.718
909.38391	1452.9362
909.43475	1371.8042
909.48553	1365.8708
909.53638	1469.0868
909.58722	1335.3684
909.63806	1365.6749
909.6889	1187.4136
909.73975	1101.613
909.79059	1172.6951
909.84137	1273.7279
909.89221	1361.3489
909.94305	1428.1576
909.9939	1322.9969
910.04474	1362.1392
910.09558	1327.4758
910.14642	1328.8425
910.1972	1365.6393
910.24805	1211.4454
910.29889	1233.2505
910.34973	1257.6611
910.40057	1318.6475
910.45142	1299.3639
910.50226	1173.6896
910.5531	1076.9934
910.60388	1132.12
910.65472	1126.9292
910.70557	1234.0775
910.75641	1301.7545
910.80725	1219.0703
910.85809	1246.5229
910.90894	1260.093
910.95972	1218.1667
911.01056	1170.78
911.0614	1075.2612
911.11224	1073.8422
911.16309	1081.0641
911.21393	1108.764
911.26477	1098.2015
911.31555	958.07965
911.36639	954.23169
911.41724	976.35162
911.46808	1026.834
911.51892	1168.9811
911.56976	1193.1575
911.62061	1192.4056
911.67139	1176.754
911.72223	1112.6847
911.77307	1062.7283
911.82391	908.1087
911.87476	833.10565
911.9256	807.98743
911.97644	841.81763
912.02722	987.4519
912.07806	1137.0959
912.12891	1213.7371
912.17975	1229.396
912.23059	1226.0616
912.28143	1203.3008
912.33228	1077.8229
912.38306	971.43597
912.4339	899.45178
912.48474	877.0639
912.53558	976.60706
912.58643	1069.5155
912.63727	1041.8934
912.68811	1050.2737
912.73889	1060.7401
912.78973	1072.2915
912.84058	1140.2893
912.89142	1136.7379
912.94226	1082.4659
912.9931	1044.2498
913.04395	1037.2256
913.09473	1106.8782
913.14557	1096.1665
913.19641	1029.2134
913.24725	986.435
913.2981	984.09515
913.34894	1075.7112
913.39978	1111.418
913.45056	1109.7421
913.5014	1101.613
913.55225	1019.0546
913.60309	1002.5859
913.65393	1066.3793
913.70477	1084.4746
913.75562	1080.3394
913.8064	1057.7167
913.85724	1078.6238
913.90808	1101.7729
913.95892	1036.4581
914.00977	965.86945
914.06061	866.92719
914.11145	807.10553
914.16223	879.71411
914.21307	940.44299
914.26392	983.51733
914.31476	1076.5812
914.3656	1050.5577
914.41644	1048.4071
914.46729	1002.2802
914.51807	931.99017
914.56891	869.52759
914.61975	774.81
914.67059	787.06842
914.72144	820.44324
914.77228	867.84058
914.82312	858.6687
914.87396	844.89862
914.92474	850.96063
914.97559	875.87201
915.02643	859.99219
915.07727	960.73236
915.12811	915.86462
915.17896	906.98865
915.2298	960.48975
915.28058	882.20245
915.33142	868.8252
915.38226	774.50232
915.43311	664.29352
915.48395	695.65271
915.53479	747.11987
915.58563	867.172
915.63641	1055.8533
915.68726	1046.4657
915.7381	1066.5211
915.78894	1041.6582
915.83978	981.05493
915.89063	951.25201
915.94147	828.9491
915.99225	761.39398
916.04309	751.57977
916.09393	826.76428
916.14478	944.80566
916.19562	1030.7045
916.24646	938.98773
916.2973	991.32153
916.34808	970.3783
916.39893	982.18274
916.44977	969.16748
916.50061	934.36487
916.55145	938.40479
916.60229	934.20569
916.65314	978.1684
916.70392	1015.1791
916.75476	932.73328
916.8056	868.01373
916.85645	851.19275
916.90729	852.27405
916.95813	954.89667
917.00897	963.60956
917.05975	879.00336
917.1106	846.9212
917.16144	836.41956
917.21228	889.00189
917.26312	897.57617
917.31396	885.19373
917.36481	900.18457
917.41559	881.15668
917.46643	885.93756
917.51727	830.24164
917.56812	715.55939
917.61896	634.53534
917.6698	609.78546
917.72064	636.60651
917.77142	707.96313
917.82227	765.04169
917.87311	792.86505
917.92395	798.54669
917.97479	763.9256
918.02563	746.53485
918.07648	672.99011
918.12726	586.91125
918.1781	537.24213
918.22894	510.3959
918.27979	547.99811
918.33063	586.56439
918.38147	584.34991
918.43231	578.54565
918.48309	566.55298
918.53394	572.46429
918.58478	606.09125
918.63562	573.14465
918.68646	556.38495
918.7373	531.90326
918.78815	513.46179
918.83899	542.67963
918.88977	535.29767
918.94061	489.85681
918.99146	430.96866
919.0423	422.45419
919.09314	452.11829
919.14398	484.30707
919.19482	523.17712
919.24561	540.67462
919.29645	541.47314
919.34729	550.9408
919.39813	542.77307
919.44897	484.58493
919.49982	458.30496
919.55066	413.55475
919.60144	406.80609
919.65228	451.37662
919.70313	470.49319
919.75397	491.79071
919.80481	475.94116
919.85565	457.69885
919.90649	447.61392
919.95728	469.36768
920.00812	451.6842
920.05896	444.52286
920.1098	432.63568
920.16064	412.57816
920.21149	436.98712
920.26233	455.70084
920.31311	434.97507
920.36395	401.43182
920.41479	364.65475
920.46564	401.55399
920.51648	406.92191
920.56732	397.6915
920.61816	411.02008
920.66895	355.35681
920.71979	374.19604
920.77063	374.55801
920.82147	366.26602
920.87231	420.92807
920.92316	366.94296
920.974	351.39572
921.02478	393.62064
921.07562	328.80774
921.12646	333.84744
921.17731	294.8288
921.22815	276.08362
921.27899	286.62225
921.32983	288.5376
921.38062	315.75555
921.43146	356.00769
921.4823	348.74536
921.53314	403.79733
921.58398	375.76767
921.63483	336.6713
921.68567	307.04617
921.73645	260.49231
921.78729	247.54626
921.83813	245.96353
921.88898	264.27457
921.93982	284.8551
921.99066	318.34937
922.0415	328.03448
922.09229	323.37332
922.14313	313.72775
922.19397	308.98422
922.24481	315.77466
922.29565	286.61499
922.3465	273.37628
922.39734	288.36331
922.44812	292.41006
922.49896	307.44321
922.5498	284.39001
922.60065	272.56296
922.65149	282.6879
922.70233	296.16882
922.75317	304.75607
922.80396	338.43063
922.8548	338.63751
922.90564	337.59833
922.95648	322.76697
923.00732	315.10229
923.05817	321.45163
923.10901	302.39252
923.15985	285.96445
923.21063	283.14227
923.26147	294.4397
923.31232	311.22549
923.36316	309.76996
923.414	296.9451
923.46484	292.92294
923.51569	285.4213
923.56647	303.814
923.61731	315.22995
923.66815	315.81244
923.71899	315.40472
923.76984	317.69269
923.82068	318.24014
923.87152	338.89813
923.9223	313.25601
923.97314	279.09241
924.02399	262.48245
924.07483	247.608
924.12567	265.76617
924.17651	293.74783
924.22736	303.76837
924.27814	286.35861
924.32898	279.56146
924.37982	299.25662
924.43066	285.08612
924.48151	282.71176
924.53235	279.12903
924.58319	278.01999
924.63397	273.06937
924.68481	274.72076
924.73566	259.72202
924.7865	246.26555
924.83734	225.8781
924.88818	216.76643
924.93903	233.65248
924.98981	242.28384
925.04065	265.90378
925.09149	287.91544
925.14233	269.60382
925.19318	287.4053
925.24402	279.53067
925.29486	247.38789
925.34564	220.1909
925.39648	201.52248
925.44733	200.06154
925.49817	219.04338
925.54901	247.84247
925.59985	284.85736
925.6507	293.16113
925.70148	275.30841
925.75232	288.57001
925.80316	275.10263
925.854	261.37756
925.90485	265.28201
925.95569	220.93637
926.00653	229.57359
926.05731	256.79169
926.10815	260.51767
926.159	268.50842
926.20984	265.31342
926.26068	234.58673
926.31152	255.55548
926.36237	249.49312
926.41315	279.43228
926.46399	292.44717
926.51483	262.48444
926.56567	262.50153
926.61652	273.57767
926.66736	274.52042
926.7182	280.9834
926.76898	251.71379
926.81982	249.92801
926.87067	258.99142
926.92151	255.19115
926.97235	261.51514
927.02319	266.53134
927.07404	233.63983
927.12488	231.02892
927.17566	239.11356
927.2265	260.57483
927.27734	269.94257
927.32819	281.80148
927.37903	269.20578
927.42987	277.79089
927.48071	260.48611
927.53149	257.2486
927.58234	227.43205
927.63318	205.46219
927.68402	198.16867
927.73486	204.43799
927.78571	222.28264
927.83655	243.34296
927.88733	249.74286
927.93817	253.39513
927.98901	249.54564
928.03986	253.28537
928.0907	259.39908
928.14154	227.34346
928.19238	211.57314
928.24316	211.44934
928.29401	212.06693
928.34485	237.24257
928.39569	236.78748
928.44653	205.35684
928.49738	204.04121
928.54822	215.19249
928.599	221.46841
928.64984	232.66582
928.70068	250.65457
928.75153	258.55875
928.80237	259.19406
928.85321	256.42236
928.90405	261.93115
928.95483	247.89935
929.00568	222.32426
929.05652	208.04413
929.10736	197.90259
929.1582	205.95753
929.20905	243.66966
929.25989	272.4552
929.31067	276.4462
929.36151	278.5596
929.41235	280.01767
929.4632	292.07059
929.51404	270.77036
929.56488	235.58224
929.61572	245.95384
929.6665	221.43242
929.71735	244.17445
929.76819	268.83707
929.81903	260.64072
929.86987	248.5853
929.92072	241.33594
929.97156	241.58824
930.02234	271.38934
930.07318	251.30151
930.12402	254.87633
930.17487	259.54709
930.22571	246.71036
930.27655	250.5865
930.32739	255.52176
930.37817	241.77257
930.42902	235.06328
930.47986	221.0575
930.5307	228.04645
930.58154	245.60506
930.63239	240.54181
930.68323	231.96173
930.73401	208.46207
930.78485	188.04431
930.83569	197.27936
930.88654	205.53152
930.93738	207.82698
930.98822	226.57895
931.03906	238.74382
931.08984	227.61607
931.14069	218.03348
931.19153	204.47227
931.24237	189.09698
931.29321	176.22525
931.34406	146.37292
931.3949	165.81581
931.44574	172.49443
931.49652	186.3269
931.54736	206.63895
931.59821	194.96509
931.64905	205.36079
931.69989	210.30663
931.75073	177.18642
931.80157	170.67082
931.85236	152.29327
931.9032	146.39763
931.95404	156.97937
932.00488	161.65335
932.05573	151.99321
932.10657	167.3033
932.15741	162.25888
932.20819	158.73616
932.25903	158.93686
932.30988	154.99669
932.36072	174.75909
932.41156	157.19017
932.4624	160.07008
932.51324	157.75958
932.56403	153.96141
932.61487	161.97502
932.66571	141.59358
932.71655	134.39198
932.7674	131.23282
932.81824	129.36467
932.86908	149.20879
932.91986	161.40628
932.9707	174.17351
933.02155	162.91205
933.07239	161.69231
933.12323	158.30937
933.17407	156.39125
933.22491	155.89627
933.2757	139.32065
933.32654	140.93515
933.37738	137.0943
933.42822	143.96806
933.47906	149.9138
933.52991	140.30627
933.58075	134.43584
933.63153	140.15096
933.68237	139.12129
933.73322	141.66998
933.78406	146.78212
933.8349	135.2756
933.88574	149.82811
933.93658	150.3876
933.98737	141.26607
934.03821	145.44431
934.08905	134.91534
934.13989	125.69778
934.19073	126.16797
934.24158	127.96162
934.29242	129.03285
934.3432	134.51959
934.39404	123.26787
934.44489	119.22002
934.49573	115.99753
934.54657	118.16533
934.59741	131.46382
934.64825	138.94954
934.69904	133.59871
934.74988	126.28497
934.80072	125.46763
934.85156	124.33507
934.9024	118.19156
934.95325	109.2391
935.00409	94.441002
935.05487	91.719421
935.10571	102.94625
935.15656	109.22324
935.2074	112.90327
935.25824	124.11209
935.30908	131.92628
935.35992	132.06746
935.41071	130.89822
935.46155	118.87614
935.51239	112.3647
935.56323	106.63059
935.61407	100.66614
935.66492	108.64265
935.71576	119.95016
935.7666	123.74686
935.81738	121.56712
935.86823	120.20915
935.91907	115.73382
935.96991	129.9994
936.02075	130.42433
936.07159	125.74979
936.12244	123.82762
936.17322	112.30108
936.22406	115.78519
936.2749	122.41259
936.32574	128.44948
936.37659	126.43227
936.42743	116.40533
936.47827	113.67367
936.52905	122.54307
936.5799	115.0398
936.63074	125.16579
936.68158	139.0657
936.73242	120.43345
936.78326	115.59855
936.83411	123.91691
936.88489	125.98573
936.93573	123.33369
936.98657	132.04585
937.03741	121.20493
937.08826	117.49586
937.1391	128.89604
937.18994	122.22598
937.24072	117.33294
937.29156	114.57041
937.34241	105.36861
937.39325	114.26532
937.44409	116.06816
937.49493	116.11356
937.54578	121.66093
937.59656	119.55934
937.6474	119.44772
937.69824	121.03751
937.74908	119.32662
937.79993	120.31374
937.85077	112.94138
937.90161	104.03265
937.95239	106.02396
938.00323	113.18022
938.05408	119.8063
938.10492	113.39556
938.15576	111.17191
938.2066	102.63216
938.25745	104.13402
938.30823	112.27508
938.35907	118.44601
938.40991	118.74944
938.46075	112.71481
938.5116	106.0977
938.56244	108.22102
938.61328	111.06122
938.66406	103.24841
938.7149	93.333145
938.76575	93.428474
938.81659	100.01717
938.86743	96.300743
938.91827	104.15885
938.96912	108.08021
939.0199	116.39632
939.07074	121.10946
939.12158	123.1222
939.17242	116.87409
939.22327	112.99276
939.27411	101.43124
939.32495	96.045296
939.37573	97.719841
939.42657	96.462372
939.47742	105.134
939.52826	116.24574
939.5791	115.50108
939.62994	111.21703
939.68079	104.5575
939.73163	115.67919
939.78241	116.73576
939.83325	109.84338
939.88409	106.81568
939.93494	109.64845
939.98578	111.10267
940.03662	113.69357
940.08746	99.195999
940.13824	98.216469
940.18909	109.77238
940.23993	101.14782
940.29077	106.14164
940.34161	112.28753
940.39246	110.87691
940.4433	115.01964
940.49408	108.82213
940.54492	101.45341
940.59576	102.52456
940.64661	114.42099
940.69745	109.31266
940.74829	113.70002
940.79913	110.28471
940.84991	112.7333
940.90076	115.04186
940.9516	106.5597
941.00244	99.504196
941.05328	93.324631
941.10413	95.288498
941.15497	98.08902
941.20575	108.70984
941.25659	111.88102
941.30743	107.35519
941.35828	115.18558
941.40912	113.92392
941.45996	120.11353
941.5108	107.65414
941.56158	92.112091
941.61243	90.625351
941.66327	88.392464
941.71411	85.606972
941.76495	91.591484
941.8158	97.946754
941.86664	99.068611
941.91742	99.662926
941.96826	99.793228
942.0191	107.57068
942.06995	111.66532
942.12079	105.95654
942.17163	101.45719
942.22247	89.777107
942.27325	93.620598
942.3241	94.636406
942.37494	105.36129
942.42578	109.55799
942.47662	95.27021
942.52747	86.853622
942.57831	94.505592
942.62909	101.11163
942.67993	102.3236
942.73077	115.06454
942.78162	111.79598
942.83246	110.55086
942.8833	115.97955
942.93414	110.45603
942.98492	108.02296
943.03577	110.56655
943.08661	100.0032
943.13745	99.029968
943.18829	97.156784
943.23914	111.03771
943.28998	123.62434
943.34076	121.50383
943.3916	119.67053
943.44244	108.24096
943.49329	112.91772
943.54413	107.40724
943.59497	121.12995
943.64581	109.56951
943.69659	103.54415
943.74744	114.69247
943.79828	105.19442
943.84912	116.39816
943.89996	109.87083
943.95081	88.419411
944.00165	100.9463
944.05249	108.21338
944.10327	88.404259
944.15411	103.15929
944.20496	98.06308
944.2558	98.990013
944.30664	95.661491
944.35748	100.92368
944.40833	99.135544
944.45911	109.9565
944.50995	94.53167
944.56079	105.50829
944.61163	94.510056
944.66248	95.468178
944.71332	104.86466
944.76416	91.534271
944.81494	80.046951
944.86578	82.568359
944.91663	80.312279
944.96747	75.711777
945.01831	95.257111
945.06915	91.876198
945.12	92.266197
945.17078	99.005867
945.22162	94.686913
945.27246	93.141953
945.3233	86.577293
945.37415	81.364487
945.42499	75.340454
945.47583	68.626694
945.52661	74.65226
945.57745	79.20034
945.6283	88.429077
945.67914	92.988449
945.72998	87.491005
945.78082	88.171196
945.83167	89.458626
945.88245	87.768387
945.93329	86.837128
945.98413	87.260498
946.03497	80.66362
946.08582	75.17942
946.13666	79.716484
946.1875	81.01709
946.23828	77.981766
946.28912	75.749229
946.33997	77.613373
946.39081	76.904442
946.44165	81.824951
946.49249	89.410477
946.54333	91.19632
946.59412	91.669647
946.64496	83.493202
946.6958	91.060257
946.74664	89.265991
946.79749	98.548775
946.84833	89.276138
946.89917	75.458786
946.94995	77.548462
947.00079	90.043556
947.05164	83.004425
947.10248	85.479477
947.15332	89.069679
947.20416	74.648453
947.255	69.408989
947.30579	85.700607
947.35663	77.774918
947.40747	84.231216
947.45831	85.924187
947.50916	82.775421
947.56	85.430275
947.61084	88.894958
947.66162	81.121071
947.71246	79.001755
947.76331	61.685135
947.81415	69.598434
947.86499	70.659454
947.91583	72.08078
947.96667	65.546967
948.01752	76.972267
948.0683	71.637367
948.11914	77.921089
948.16998	83.19825
948.22083	73.054024
948.27167	65.402901
948.32251	71.835686
948.37335	81.604286
948.42413	79.786667
948.47498	77.299576
948.52582	72.895226
948.57666	74.809807
948.6275	66.916954
948.67834	61.986942
948.72919	65.293289
948.77997	73.931206
948.83081	73.085228
948.88165	80
948.9325	77.055321
948.98334	74.519356
949.03418	77.770287
949.08502	75.324829
949.1358	70.988449
949.18665	64.19696
949.23749	61.843742
949.28833	65.90564
949.33917	66.524345
949.39001	67.029442
949.44086	70.865662
949.49164	77.11274
949.54248	77.669968
949.59332	79.888077
949.64417	80.891502
949.69501	75.391418
949.74585	73.350624
949.79669	70.675888
949.84747	68.070755
949.89832	63.581059
949.94916	70.408691
950	77.654327
