560	85.440559
560.05194	80.424934
560.10388	72.4702
560.15576	88.508224
560.2077	77.317986
560.25964	78.735931
560.31158	67.265747
560.36353	70.404427
560.41541	74.639359
560.46735	70.253479
560.51929	74.109222
560.57123	75.540924
560.62317	66.306091
560.67505	73.439423
560.72699	55.186714
560.77893	64.108017
560.83087	72.973625
560.88281	67.025276
560.93469	72.92128
560.98663	69.082947
561.03857	78.705299
561.09052	73.22937
561.14246	62.516846
561.19434	57.273212
561.24628	57.936668
561.29822	65.423248
561.35016	57.718018
561.4021	69.76178
561.45398	64.68042
561.50592	71.16066
561.55786	77.31868
561.6098	75.363861
561.66174	71.519615
561.71362	71
561.76556	75.267883
561.8175	76
561.86945	76
561.92139	82.62751
561.97327	76.621078
562.02521	81.496552
562.07715	93.445892
562.12909	94.4086
562.18103	79.830757
562.23291	79.892113
562.28485	90.24675
562.33679	84.61721
562.38873	83.508385
562.44067	92.202934
562.49255	95.000008
562.54449	92.082512
562.59644	83.064011
562.64838	83.565102
562.70032	91.345764
562.7522	84.943283
562.80414	81.688713
562.85608	83.360641
562.90802	82.655312
562.95996	87.31176
563.01184	86.720116
563.06378	81.761902
563.11572	72.324715
563.16766	86.960182
563.2196	83.031754
563.27148	72.76873
563.32343	75.036636
563.37537	78.797806
563.42731	82.95488
563.47925	78.005226
563.53113	77.602371
563.58307	76.46373
563.63501	75.79464
563.68695	76.897346
563.73889	76.543091
563.79077	73.79026
563.84271	75.746201
563.89465	75.846809
563.94659	73.021973
563.99854	76.013542
564.05042	80.476028
564.10236	79.590889
564.1543	77.43824
564.20624	86.068947
564.25818	94.926086
564.31006	89.168343
564.362	85.025887
564.41394	89.121849
564.46588	83.685272
564.51782	84.358078
564.56976	92.168427
564.62164	88.554985
564.67358	91.398415
564.72552	101.7846
564.77747	98.004738
564.82941	92.255577
564.88129	97.47332
564.93323	98.917816
564.98517	101.23752
565.03711	108.65488
565.08905	103.2854
565.14093	100.91228
565.19287	113.39223
565.24481	108.11628
565.29675	108.89592
565.34869	118.80966
565.40057	115.71001
565.45251	110.76427
565.50446	103.29736
565.5564	108.52667
565.60834	100.55746
565.66022	105
565.71216	103.29137
565.7641	100.59168
565.81604	108.54399
565.86798	103.25312
565.91986	91.915237
565.9718	96.332367
566.02374	89.359215
566.07568	101.67
566.12762	92.899223
566.1795	79.873985
566.23145	84.668777
566.28339	88.159592
566.33533	87.632057
566.38727	78.844864
566.43915	73.09433
566.49109	79.35405
566.54303	75
566.59497	75.455948
566.64691	78.787231
566.69879	76.110939
566.75073	69.732483
566.80267	85.244774
566.85461	66.531868
566.90656	73.136757
566.95844	75.060776
567.01038	75.308693
567.06232	63.865944
567.11426	82.075951
567.1662	83.87851
567.21808	80.045547
567.27002	82.03038
567.32196	84.052422
567.3739	89.997726
567.42584	88.012863
567.47772	101.80306
567.52966	103.95667
567.5816	100.11708
567.63354	84.589935
567.68549	92.599747
567.73737	93.949036
567.78931	97.765968
567.84125	105.47113
567.89319	95.810814
567.94513	91.325249
567.99701	100.11087
568.04895	116.3772
568.10089	101.85307
568.15283	100
568.20477	101.76369
568.25665	97.623657
568.30859	99.603439
568.36053	109.46234
568.41248	108.44218
568.46442	107.15499
568.5163	93.585815
568.56824	104.29559
568.62018	101.2364
568.67212	91.832756
568.72406	93.23735
568.77594	98.810417
568.82788	93.646927
568.87982	92
568.93176	93.560196
568.9837	94
569.03558	86.342102
569.08752	74.139992
569.13947	76.256027
569.19141	75.023491
569.24335	85.052376
569.29523	76.603195
569.34717	85.004379
569.39911	80.702553
569.45105	67.790627
569.50299	69.609222
569.55487	83.790367
569.60681	80.758987
569.65875	81.077095
569.71069	76.945709
569.76263	76.661919
569.81451	76.024055
569.86646	73.697113
569.9184	74.287689
569.97034	68.63015
570.02228	73.187492
570.07416	78.622932
570.1261	77.152687
570.17804	82.697693
570.22998	79.779167
570.28192	79.758629
570.3338	87.701607
570.38574	81.707573
570.43768	69.263351
570.48962	81.43502
570.54156	94
570.59344	97.868698
570.64539	99.36322
570.69733	99.61586
570.74927	99.935654
570.80121	100.57537
570.85309	106.14501
570.90503	107.44456
570.95697	106.51222
571.00891	111.97642
571.06085	117.47007
571.11273	121.4179
571.16467	118.7576
571.21661	113.93905
571.26855	116.38926
571.3205	122.56113
571.37238	127.55096
571.42432	130.54074
571.47626	127.15845
571.5282	110.14335
571.58014	108.17568
571.63202	115.0938
571.68396	111.00001
571.7359	106.58234
571.78784	98.026489
571.83978	96.550209
571.89166	103.19222
571.9436	104.38652
571.99554	100.13882
572.04749	99.263344
572.09943	86.604279
572.15131	96.041985
572.20325	94.938896
572.25519	84.328461
572.30713	77.94516
572.35907	83.358406
572.41095	82
572.46289	82.613487
572.51483	84
572.56677	81.355247
572.61871	78.736458
572.67059	88.561302
572.72253	84.259285
572.77448	76.206993
572.82642	90.790329
572.87836	74.983833
572.93024	78.9328
572.98218	96.623787
573.03412	86
573.08606	84.410255
573.138	81.206642
573.18994	89.214226
573.24182	90.207779
573.29376	90.597321
573.3457	89.779587
573.39764	94.507637
573.44958	100.45396
573.50146	99.228996
573.55341	103.98523
573.60535	100.95224
573.65729	111.31213
573.70923	112.40546
573.76111	110.56413
573.81305	117.96374
573.86499	107.97411
573.91693	131.19455
573.96887	151.43864
574.02075	133.53976
574.07269	146.41417
574.12463	148.15511
574.17657	132.36145
574.22852	146.93922
574.2804	157
574.33234	157.435
574.38428	164.25511
574.43622	180.1519
574.48816	152.27618
574.54004	173.36436
574.59198	140.72523
574.64392	157.52612
574.69586	144.35629
574.7478	156.79036
574.79968	147
574.85162	147.17574
574.90356	165.90456
574.95551	132.13101
575.00745	131.01007
575.05933	116.24777
575.11127	116.97704
575.16321	132.52956
575.21515	124.31245
575.26709	110.57565
575.31897	130.00125
575.37091	108.29604
575.42285	103.24178
575.47479	103
575.52673	97.432953
575.57861	104.37119
575.63055	95.850433
575.6825	102.26812
575.73444	97.58123
575.78638	108.65839
575.83826	96.644638
575.8902	95
575.94214	109.05827
575.99408	93.556
576.04602	94.463036
576.0979	84.676147
576.14984	83
576.20178	86.390404
576.25372	84.473572
576.30566	97.374161
576.35754	84.240578
576.40948	76.88018
576.46143	89.901367
576.51337	93
576.56531	100.25207
576.61719	92.405159
576.66913	93.965637
576.72107	102.87606
576.77301	116.72118
576.82495	107.58597
576.87683	88.606064
576.92877	104.60789
576.98071	117.06158
577.03265	112.98769
577.08459	110.25403
577.13647	119.61771
577.18842	123.73424
577.24036	129.09676
577.2923	138.94762
577.34424	136.26886
577.39612	146.79405
577.44806	141.42984
577.5	169.15639
577.55194	164.29004
577.60388	147.75214
577.65576	144.68124
577.7077	148.37796
577.75964	157.36484
577.81158	155.02522
577.86353	153.31563
577.91541	157.26067
577.96735	144.13972
578.01929	142.40405
578.07123	135.838
578.12317	127.48356
578.17505	137.22113
578.22699	159.43486
578.27893	150.64999
578.33087	134.14891
578.38281	138.20486
578.43469	140.02672
578.48663	145.06427
578.53857	130.76337
578.59052	120.46589
578.64246	119.5698
578.69434	115.30224
578.74628	114
578.79822	113.4453
578.85016	109.15763
578.9021	109.80541
578.95398	128.07381
579.00592	144.19469
579.05786	132.78123
579.1098	116.87196
579.16174	117.6082
579.21362	118.45194
579.26556	128.10397
579.3175	135.00948
579.36945	121.12248
579.42139	120.28449
579.47327	124.17956
579.52521	114.23236
579.57715	116.07225
579.62909	132.38187
579.68103	139.24147
579.73291	137.8179
579.78485	134.16048
579.83679	138.09787
579.88873	150.24547
579.94067	138.91019
579.99255	144.07622
580.04449	153.92961
580.09644	145.15961
580.14838	157.58893
580.20032	159.43472
580.2522	164.20152
580.30414	161.25728
580.35608	158.67935
580.40802	174.83699
580.45996	188.62178
580.51184	186.8812
580.56378	184.63234
580.61572	182.55049
580.66766	183.21388
580.7196	192.51817
580.77148	201.77232
580.82343	204.61119
580.87537	197.31218
580.92731	194.64558
580.97925	193.81705
581.03113	181.32014
581.08307	182.31487
581.13501	183.92874
581.18695	184.17421
581.23889	177.90686
581.29077	169.18138
581.34271	163.17307
581.39465	167.03548
581.44659	153.9431
581.49854	148.45645
581.55042	151.50937
581.60236	141.47354
581.6543	137.16255
581.70624	129.25267
581.75818	127.77349
581.81006	118.09467
581.862	116.34175
581.91394	133.74812
581.96588	115.71843
582.01782	123.88921
582.06976	113.71046
582.12164	96.078415
582.17358	113.14312
582.22552	108.01041
582.27747	114.43208
582.32941	107.23339
582.38129	105.67734
582.43323	109.74036
582.48517	96.936195
582.53711	109.77743
582.58905	123.00735
582.64093	98
582.69287	98.311722
582.74481	101.35683
582.79675	109
582.84869	108.57642
582.90057	108.17714
582.95251	119.10036
583.00446	102.15087
583.0564	119.06112
583.10834	132.49072
583.16022	122.23037
583.21216	132.85257
583.2641	139.79718
583.31604	138.87463
583.36798	146.72397
583.41986	145.93141
583.4718	166.0825
583.52374	164.68033
583.57568	138.82805
583.62762	161.93216
583.6795	161.75162
583.73145	172.53238
583.78339	165.47911
583.83533	173.90187
583.88727	174.54231
583.93915	228.69084
583.99109	197.55026
584.04303	212.6794
584.09497	202.77505
584.14691	233.05923
584.19879	235.78143
584.25073	222.27928
584.30267	248.99377
584.35461	247.98962
584.40656	237.03346
584.45844	245.92397
584.51038	256.86169
584.56232	240.30324
584.61426	235.10988
584.6662	218.46289
584.71808	228.65486
584.77002	213.56786
584.82196	211.08145
584.8739	203.35913
584.92584	201.10023
584.97772	201.94571
585.02966	206.70245
585.0816	187.33759
585.13354	176.6781
585.18549	178.78098
585.23737	159.62141
585.28931	180.04819
585.34125	160.98973
585.39319	176.2762
585.44513	160.82211
585.49701	156.30038
585.54895	147.04243
585.60089	162.04956
585.65283	149.81618
585.70477	149.76448
585.75665	153.5125
585.80859	140.03218
585.86053	150.16214
585.91248	151.13539
585.96442	151.86049
586.0163	140.0247
586.06824	147.36203
586.12018	135.44835
586.17212	154.91444
586.22406	144.75795
586.27594	160.33617
586.32788	155.70653
586.37982	163.07756
586.43176	155.14659
586.4837	147.28767
586.53558	158.17574
586.58752	165.03801
586.63947	161.17909
586.69141	156.00314
586.74335	172.49562
586.79523	178.58043
586.84717	189.21611
586.89911	201.38087
586.95105	194.6685
587.00299	192
587.05487	202.00212
587.10681	211.88751
587.15875	212.47768
587.21069	221.08459
587.26263	248.09389
587.31451	252.25591
587.36646	247.28084
587.4184	277.79495
587.47034	264.73502
587.52228	279.39801
587.57416	284.36462
587.6261	282.27704
587.67804	299.25223
587.72998	282.414
587.78192	301.42453
587.8338	303.81555
587.88574	304.21429
587.93768	310.88788
587.98962	300.49063
588.04156	285.32309
588.09344	285.80966
588.14539	297.56168
588.19733	291.81705
588.24927	274.17981
588.30121	274.03571
588.35309	261.00357
588.40503	265.58563
588.45697	254.88454
588.50891	260.39178
588.56085	256.28525
588.61273	232.52795
588.66467	217.21301
588.71661	224.22212
588.76855	207.14836
588.8205	210.39697
588.87238	206.20001
588.92432	199.87077
588.97626	190.46887
589.0282	179.07709
589.08014	198.00493
589.13202	190.11758
589.18396	185.66702
589.2359	191.39992
589.28784	168.35356
589.33978	162.48061
589.39166	170.76669
589.4436	167.32172
589.49554	170.96803
589.54749	168.496
589.59943	163.57361
589.65131	175.38991
589.70325	184.56606
589.75519	179.37566
589.80713	181.69984
589.85907	179.23204
589.91095	177.4101
589.96289	188.1129
590.01483	184.75764
590.06677	184.02113
590.11871	185.71222
590.17059	187.85728
590.22253	188.76869
590.27448	186.57625
590.32642	199.48079
590.37836	213.10643
590.43024	218.05692
590.48218	216.93593
590.53412	210.44991
590.58606	220.09413
590.638	243.50191
590.68994	241.58597
590.74182	229.98605
590.79376	240.79004
590.8457	253.42978
590.89764	263.71909
590.94958	278.70444
591.00146	282.19693
591.05341	279.8873
591.10535	277.78506
591.15729	286.94263
591.20923	295.61975
591.26111	306.22281
591.31305	319.91586
591.36499	320.26547
591.41693	333.10468
591.46887	332.44421
591.52075	339.16846
591.57269	344.37714
591.62463	347.06952
591.67657	340.36002
591.72852	344.06558
591.7804	362.7179
591.83234	340.53894
591.88428	333.41644
591.93622	332.34598
591.98816	328.76978
592.04004	317.65192
592.09198	306.01746
592.14392	311.00272
592.19586	318.36844
592.2478	303.35883
592.29968	270.78107
592.35162	271.61288
592.40356	272.15039
592.45551	268.67282
592.50745	264.82129
592.55933	260.87088
592.61127	248.25914
592.66321	257.74219
592.71515	255.76489
592.76709	253.87524
592.81897	243.61504
592.87091	241.42191
592.92285	234.32346
592.97479	236.78142
593.02673	220.2076
593.07861	221.08571
593.13055	226.56215
593.1825	226.38583
593.23444	225.78951
593.28638	234.97783
593.33826	235.48558
593.3902	212.05415
593.44214	210.96837
593.49408	216.74425
593.54602	210.64177
593.5979	221.85008
593.64984	220.40511
593.70178	218.61232
593.75372	228.53621
593.80566	232.95352
593.85754	226.84482
593.90948	247.46317
593.96143	232.0448
594.01337	233.44507
594.06531	250.14116
594.11719	252.04973
594.16913	239.27666
594.22107	259.32861
594.27301	265.5264
594.32495	273.00214
594.37683	290.48251
594.42877	290.97519
594.48071	277.35577
594.53265	280.3038
594.58459	291.61447
594.63647	279.18933
594.68842	297.16019
594.74036	316.02823
594.7923	333.31793
594.84424	322.11371
594.89612	344.50595
594.94806	346.75916
595	381.50031
595.05194	384.05872
595.10388	374.87991
595.15576	356.64545
595.2077	367.81628
595.25964	376.13635
595.31158	367.5347
595.36353	364.617
595.41541	397.28024
595.46735	385.28113
595.51929	379.10852
595.57123	354.70474
595.62317	375.46057
595.67505	369.8541
595.72699	366.88852
595.77893	331.7059
595.83087	325.80655
595.88281	360.70081
595.93469	348.06625
595.98663	323.46603
596.03857	313.33063
596.09052	310.02838
596.14246	308.27014
596.19434	322.69061
596.24628	291.94116
596.29822	305.96799
596.35016	302.97299
596.4021	284.97638
596.45398	287.26767
596.50592	304.05957
596.55786	292.66885
596.6098	261.56113
596.66174	267.80487
596.71362	276.11862
596.76556	278.36499
596.8175	261.57916
596.86945	273.20517
596.92139	262.62738
596.97327	256.022
597.02521	265.7623
597.07715	232.13138
597.12909	262.9274
597.18103	254.94534
597.23291	266.20148
597.28485	264.54919
597.33679	253.27379
597.38873	276.16153
597.44067	270.96994
597.49255	258.02658
597.54449	270.65796
597.59644	272.70026
597.64838	260.72922
597.70032	272.94397
597.7522	279.08081
597.80414	278.47964
597.85608	260.17892
597.90802	279.84982
597.95996	287.22617
598.01184	311.2576
598.06378	305.28824
598.11572	295.58279
598.16766	319.97794
598.2196	311.89795
598.27148	349.99277
598.32343	369.40021
598.37537	363.00204
598.42731	337.77087
598.47925	363.44974
598.53113	355.58392
598.58307	373.37054
598.63501	372.56662
598.68695	391.93726
598.73889	387.63
598.79077	406.62671
598.84271	376.15927
598.89465	410.89798
598.94659	408.30151
598.99854	427.57404
599.05042	401.53522
599.10236	405.08273
599.1543	400.37415
599.20624	424.52322
599.25818	420.39615
599.31006	434.35571
599.362	404.15509
599.41394	400.86172
599.46588	434.53546
599.51782	407.48553
599.56976	396.6499
599.62164	394.16348
599.67358	382.61945
599.72552	374.39771
599.77747	381.91116
599.82941	385.94611
599.88129	351.2366
599.93323	350.31818
599.98517	326.73221
600.03711	331.50446
600.08905	315.52347
600.14093	318.2453
600.19287	323.33282
600.24481	297.7316
600.29675	311.90439
600.34869	295.9455
600.40057	304.02594
600.45251	304.73395
600.50446	273.40979
600.5564	285.97516
600.60834	283.7822
600.66022	309.31998
600.71216	297.26712
600.7641	264.42343
600.81604	275.74185
600.86798	283.539
600.91986	265.86282
600.9718	263.10461
601.02374	270.98819
601.07568	272.7905
601.12762	266.76657
601.1795	254.40608
601.23145	294.27643
601.28339	282.03867
601.33533	270.04193
601.38727	270.40054
601.43915	290.99234
601.49109	285.922
601.54303	273.5166
601.59497	277.90927
601.64691	301.7695
601.69879	284.94937
601.75073	283.46725
601.80267	278.48517
601.85461	294.61038
601.90656	310.63364
601.95844	294.30756
602.01038	315.65918
602.06232	315.05222
602.11426	313.21381
602.1662	313.33939
602.21808	336.61331
602.27002	344.88266
602.32196	336.77451
602.3739	338.7374
602.42584	354.5437
602.47772	377.8775
602.52966	387.77881
602.5816	384.47406
602.63354	374.15659
602.68549	391.4509
602.73737	388.34326
602.78931	382.23032
602.84125	402.78247
602.89319	411.56079
602.94513	406.47052
602.99701	430.58755
603.04895	407.47424
603.10089	419.99887
603.15283	439.16678
603.20477	434.42471
603.25665	409.047
603.30859	417.5274
603.36053	427.87546
603.41248	433.57181
603.46442	423.73157
603.5163	430.52148
603.56824	415.41428
603.62018	394.39648
603.67212	396.75455
603.72406	410.19022
603.77594	378.3894
603.82788	392.60312
603.87982	392.2406
603.93176	372.59985
603.9837	373.10742
604.03558	374.8233
604.08752	357.15018
604.13947	339.00311
604.19141	341.12662
604.24335	350.24658
604.29523	345.83289
604.34717	320.97739
604.39911	326.60178
604.45105	326.25439
604.50299	321.46506
604.55487	286.41547
604.60681	293.04559
604.65875	291.71265
604.71069	291.88339
604.76263	269.66998
604.81451	286.45532
604.86646	271.47952
604.9184	290.80737
604.97034	294.88434
605.02228	275.46698
605.07416	280.24493
605.1261	281.71259
605.17804	268.05627
605.22998	276.51678
605.28192	267.24716
605.3338	269.21259
605.38574	273.37061
605.43768	279.91769
605.48962	262.11731
605.54156	276.13376
605.59344	276.80679
605.64539	270.74149
605.69733	283.90369
605.74927	274.47397
605.80121	281.40356
605.85309	272.51065
605.90503	273.61099
605.95697	288.703
606.00891	294.43347
606.06085	290.36609
606.11273	270.51773
606.16467	290.91809
606.21661	297.97284
606.26855	309.6188
606.3205	319.31219
606.37238	320.73141
606.42432	327.19147
606.47626	320.53387
606.5282	314.9093
606.58014	341.80832
606.63202	363.55066
606.68396	344.02954
606.7359	347.71069
606.78784	371.33231
606.83978	360.67365
606.89166	392.55185
606.9436	395.79684
606.99554	385.58603
607.04749	402.1106
607.09943	397.92941
607.15131	407.35138
607.20325	413.5014
607.25519	416.90054
607.30713	413.70346
607.35907	425.55612
607.41095	409.16782
607.46289	427.61533
607.51483	459.34436
607.56677	457.14462
607.61871	456.50854
607.67059	441.51486
607.72253	430.87091
607.77448	478.96527
607.82642	469.36176
607.87836	453.07407
607.93024	485.29028
607.98218	446.70999
608.03412	438.10641
608.08606	442.7775
608.138	450.82352
608.18994	468.31573
608.24182	442.0835
608.29376	436.19287
608.3457	444.73117
608.39764	404.34558
608.44958	424.5061
608.50146	431.47748
608.55341	406.595
608.60535	412.98184
608.65729	421.58298
608.70923	385.73538
608.76111	391.28864
608.81305	380.67627
608.86499	389.68225
608.91693	360.33954
608.96887	332.86102
609.02075	341.88019
609.07269	358.92865
609.12463	356.79175
609.17657	367.72586
609.22852	342.40268
609.2804	330.74527
609.33234	337.03961
609.38428	349.83017
609.43622	336.17685
609.48816	331.93481
609.54004	324.42862
609.59198	323.4855
609.64392	325.52625
609.69586	347.09213
609.7478	310.43277
609.79968	306.77606
609.85162	321.58411
609.90356	317.45111
609.95551	322.54141
610.00745	338.9938
610.05933	336.37561
610.11127	316.09195
610.16321	301.90396
610.21515	299.01572
610.26709	339.99756
610.31897	307.34714
610.37091	308.08658
610.42285	317.94492
610.47479	301.89722
610.52673	326.6795
610.57861	306.54486
610.63055	355.64377
610.6825	340.19406
610.73444	319.97986
610.78638	325.00479
610.83826	345.09366
610.8902	336.05124
610.94214	374.36786
610.99408	346.2428
611.04602	338.97092
611.0979	327.85074
611.14984	339.73495
611.20178	331.38867
611.25372	378.30774
611.30566	367.59479
611.35754	385.42157
611.40948	359.97891
611.46143	396.26813
611.51337	396.14868
611.56531	378.87527
611.61719	394.44974
611.66913	391.04852
611.72107	424.44791
611.77301	358.76007
611.82495	385.31723
611.87683	408.7753
611.92877	415.21729
611.98071	407.3887
612.03265	370.79868
612.08459	388.05011
612.13647	400.69843
612.18842	399.57687
612.24036	430.66974
612.2923	418.11957
612.34424	408.85956
612.39612	400.41824
612.44806	424.0448
612.5	407.6698
612.55194	423.03769
612.60388	426.07166
612.65576	424.064
612.7077	412.36731
612.75964	408.4064
612.81158	418.11728
612.86353	432.61371
612.91541	390.33359
612.96735	396.90479
613.01929	390.53793
613.07123	399.15253
613.12317	405.49869
613.17505	400.93488
613.22699	384.16266
613.27893	379.27661
613.33087	358.84225
613.38281	358.66663
613.43469	394.44247
613.48663	380.4328
613.53857	369.18661
613.59052	359.20578
613.64246	326.44177
613.69434	347.36612
613.74628	375.41302
613.79822	362.47064
613.85016	360.86716
613.9021	342.83002
613.95398	349.48694
614.00592	355.30255
614.05786	360.28864
614.1098	370.4136
614.16174	383.08902
614.21362	351.80896
614.26556	326.48956
614.3175	335.69485
614.36945	344.74844
614.42139	364.51511
614.47327	358.76199
614.52521	340.25882
614.57715	339.50528
614.62909	348.32336
614.68103	344.18747
614.73291	345.48575
614.78485	369.12347
614.83679	361.64215
614.88873	347.49091
614.94067	356.47076
614.99255	366.35614
615.04449	378.60245
615.09644	366.36884
615.14838	358.13492
615.20032	314.11942
615.2522	348.34891
615.30414	348.54358
615.35608	374.08966
615.40802	360.1796
615.45996	394.90353
615.51184	377.13803
615.56378	358.8801
615.61572	357.58502
615.66766	394.33066
615.7196	402.42444
615.77148	366.63019
615.82343	392.28986
615.87537	357.40085
615.92731	362.93423
615.97925	397.5531
616.03113	412.20749
616.08307	396.19437
616.13501	361.64954
616.18695	358.39423
616.23889	346.17734
616.29077	352.72226
616.34271	389.6203
616.39465	391.61447
616.44659	387.47891
616.49854	400.65781
616.55042	373.20648
616.60236	374.32819
616.6543	416.42511
616.70624	412.46356
616.75818	362.05994
616.81006	388.08105
616.862	400.5097
616.91394	371.7518
616.96588	368.67438
617.01782	375.4389
617.06976	387.33258
617.12164	398.36264
617.17358	405.40692
617.22552	387.94955
617.27747	390.50214
617.32941	381.60437
617.38129	377
617.43323	380.62799
617.48517	372.57925
617.53711	374.78577
617.58905	374.11423
617.64093	405.38492
617.69287	373.49097
617.74481	358.86444
617.79675	364.28601
617.84869	377.40088
617.90057	351.43652
617.95251	376.57706
618.00446	410.40942
618.0564	379.8425
618.10834	361.18063
618.16022	365.62451
618.21216	352.57166
618.2641	360.68973
618.31604	371.19131
618.36798	355.57175
618.41986	367.46985
618.4718	357.96704
618.52374	342.39023
618.57568	361.1066
618.62762	360.65875
618.6795	344.31012
618.73145	339
618.78339	345.164
618.83533	352.78436
618.88727	363.86215
618.93915	351.00183
618.99109	354.54205
619.04303	368.80811
619.09497	347.99655
619.14691	350.17044
619.19879	359.02017
619.25073	348.58261
619.30267	347.02371
619.35461	356.36151
619.40656	367.34198
619.45844	361.00314
619.51038	362.65073
619.56232	383.24564
619.61426	360.2099
619.6662	370.43652
619.71808	356.9437
619.77002	349.58533
619.82196	385.18097
619.8739	384.95056
619.92584	375.34561
619.97772	384.14709
620.02966	396.17194
620.0816	372.65884
620.13354	359.94882
620.18549	381.75507
620.23737	386.52768
620.28931	383.64621
620.34125	390.44849
620.39319	381.76727
620.44513	392.98914
620.49701	394.01978
620.54895	399.24142
620.60089	395.41409
620.65283	387.44916
620.70477	386.63669
620.75665	395.26895
620.80859	429.1972
620.86053	432.05884
620.91248	418.30893
620.96442	437.72699
621.0163	422.02179
621.06824	407.51566
621.12018	412.1416
621.17212	411.4921
621.22406	406.24435
621.27594	397.12137
621.32788	426.07156
621.37982	429.80341
621.43176	446.76068
621.4837	463
621.53558	444.40128
621.58752	436.09677
621.63947	428.71875
621.69141	439.05289
621.74335	433.59088
621.79523	428.31033
621.84717	419.94019
621.89911	430.17456
621.95105	437.32336
622.00299	446.6312
622.05487	438.09933
622.10681	417.01563
622.15875	431.32132
622.21069	429.177
622.26263	405.6246
622.31451	401.25159
622.36646	392.48502
622.4184	406.77939
622.47034	424.62628
622.52228	431.8302
622.57416	447.06342
622.6261	412.82034
622.67804	391.01965
622.72998	409.41565
622.78192	429.19284
622.8338	443.18768
622.88574	424.66357
622.93768	410.7933
622.98962	404.23691
623.04156	409.14148
623.09344	411.23239
623.14539	400.2605
623.19733	409.86862
623.24927	402.76999
623.30121	398.716
623.35309	422.38089
623.40503	419.00717
623.45697	419.83444
623.50891	419.72433
623.56085	390.37946
623.61273	368.10089
623.66467	357.51767
623.71661	378.31415
623.76855	397.76425
623.8205	386.66266
623.87238	375.65244
623.92432	377.5177
623.97626	371.80051
624.0282	373.60602
624.08014	387.76709
624.13202	385.23169
624.18396	384.25995
624.2359	400.84433
624.28784	391.3367
624.33978	379.16525
624.39166	386.98422
624.4436	403.04691
624.49554	388.32172
624.54749	383.62762
624.59943	390.25763
624.65131	376.81638
624.70325	374.95483
624.75519	383.47787
624.80713	368.61389
624.85907	356.57892
624.91095	369.20969
624.96289	373.40842
625.01483	378.74878
625.06677	385.01825
625.11871	401.8439
625.17059	405.17157
625.22253	400.69949
625.27448	385.21909
625.32642	382.94745
625.37836	364.19855
625.43024	384.96527
625.48218	417.17258
625.53412	391.45193
625.58606	371.55997
625.638	378.47128
625.68994	386.24426
625.74182	415.33752
625.79376	415.48892
625.8457	416.98743
625.89764	409.65887
625.94958	398.92191
626.00146	397.42978
626.05341	413.76041
626.10535	404.41711
626.15729	411.10025
626.20923	411.03137
626.26111	419.20468
626.31305	412.90881
626.36499	416.84735
626.41693	422.24686
626.46887	432.99417
626.52075	421.55582
626.57269	399.80298
626.62463	412.33337
626.67657	430.19687
626.72852	433.49347
626.7804	427.99368
626.83234	451.82202
626.88428	450.90616
626.93622	417.04245
626.98816	421.4838
627.04004	451.76437
627.09198	453.01117
627.14392	448.82056
627.19586	441.3844
627.2478	421.33987
627.29968	410.01755
627.35162	437.25464
627.40356	438.88702
627.45551	441.89792
627.50745	446.659
627.55933	438.75018
627.61127	427.22321
627.66321	435.80673
627.71515	453.64069
627.76709	451.81192
627.81897	437.57727
627.87091	429.36835
627.92285	428.3988
627.97479	424.94867
628.02673	453.93298
628.07861	458.98422
628.13055	443.60669
628.1825	429.81284
628.23444	425.68369
628.28638	459.39737
628.33826	452.85916
628.3902	436.73547
628.44214	442.0658
628.49408	438.97562
628.54602	446.94626
628.5979	455.39249
628.64984	452.88727
628.70178	460.94333
628.75372	442.06024
628.80566	428.0379
628.85754	427.29965
628.90948	441.94919
628.96143	464.81628
629.01337	466.78445
629.06531	459.27197
629.11719	463.42038
629.16913	461.50076
629.22107	445.1152
629.27301	425.89798
629.32495	443.09354
629.37683	440.16238
629.42877	424.32748
629.48071	454.80173
629.53265	452.37341
629.58459	448.11258
629.63647	456.70596
629.68842	467.55243
629.74036	459.95517
629.7923	450.55093
629.84424	443.06393
629.89612	434.61935
629.94806	431.39682
630	443.96368
630.05194	440.46777
630.10388	435.20486
630.15576	447.1908
630.2077	447.17914
630.25964	443.45129
630.31158	443.7124
630.36353	454.13245
630.41541	454.00406
630.46735	464.69965
630.51929	457.19315
630.57123	450.90097
630.62317	442.74268
630.67505	456.28232
630.72699	454.22968
630.77893	443.04813
630.83087	463.97601
630.88281	443.22736
630.93469	431.39322
630.98663	447.31824
631.03857	443.08228
631.09052	441.59088
631.14246	470.61072
631.19434	466.95203
631.24628	446.3613
631.29822	451.38806
631.35016	441.02191
631.4021	444.45676
631.45398	454.03168
631.50592	459.47821
631.55786	453.60419
631.6098	451.25421
631.66174	462.11365
631.71362	472.97867
631.76556	451.60007
631.8175	444.59744
631.86945	455.7883
631.92139	441.81427
631.97327	442.74704
632.02521	456.58853
632.07715	467.39761
632.12909	474.81195
632.18103	470.24484
632.23291	448.86575
632.28485	463.74332
632.33679	472.79727
632.38873	469.44412
632.44067	458.79626
632.49255	456.55862
632.54449	459.27725
632.59644	448.59793
632.64838	459.26074
632.70032	469.32584
632.7522	466.89731
632.80414	470.28735
632.85608	482.8045
632.90802	471.55087
632.95996	464.50464
633.01184	477.694
633.06378	479.81317
633.11572	475.1449
633.16766	490.89005
633.2196	459.45682
633.27148	434.38962
633.32343	439.27255
633.37537	464.3002
633.42731	477.72058
633.47925	486.9762
633.53113	479.76993
633.58307	465.41653
633.63501	459.62445
633.68695	464.97229
633.73889	482.77518
633.79077	484.54019
633.84271	474.10751
633.89465	466.9989
633.94659	479.96506
633.99854	488.6087
634.05042	484.04373
634.10236	474.94797
634.1543	477.3172
634.20624	484.70764
634.25818	471.71356
634.31006	485.40204
634.362	470.63867
634.41394	453.68707
634.46588	463.08194
634.51782	465.34167
634.56976	454.32547
634.62164	460.35818
634.67358	459.18146
634.72552	460.62439
634.77747	466.26923
634.82941	469.30112
634.88129	472.74326
634.93323	471.47266
634.98517	449.82062
635.03711	460.87186
635.08905	477.99731
635.14093	496.17606
635.19287	492.2139
635.24481	468.20755
635.29675	480.68246
635.34869	478.92563
635.40057	487.86176
635.45251	504.94882
635.50446	489.68112
635.5564	495.36841
635.60834	480.71454
635.66022	467.57553
635.71216	481.95496
635.7641	479.83823
635.81604	486.09238
635.86798	470.37244
635.91986	479.88565
635.9718	482.00882
636.02374	484.83966
636.07568	496.02371
636.12762	494.90085
636.1795	489.30121
636.23145	476.41144
636.28339	473.28622
636.33533	468.22275
636.38727	471.54498
636.43915	483.90686
636.49109	492.2952
636.54303	482.71396
636.59497	492.9198
636.64691	473.15897
636.69879	467.52469
636.75073	476.75439
636.80267	483.93222
636.85461	502.85345
636.90656	490.2341
636.95844	497.59274
637.01038	475.54187
637.06232	470.32758
637.11426	481.09671
637.1662	488.18045
637.21808	487.11942
637.27002	493.49774
637.32196	500.11435
637.3739	487.26053
637.42584	480.25021
637.47772	491.23877
637.52966	507.09097
637.5816	495.43283
637.63354	508.20059
637.68549	484.95557
637.73737	470.66541
637.78931	507.33884
637.84125	508.88431
637.89319	510.48688
637.94513	493.29773
637.99701	489.73987
638.04895	496.61768
638.10089	495.50711
638.15283	496.36694
638.20477	503.90579
638.25665	495.73267
638.30859	503.54044
638.36053	485.11227
638.41248	481.14325
638.46442	511.78781
638.5163	507.40228
638.56824	486.44305
638.62018	489.75613
638.67212	500.43646
638.72406	513.71631
638.77594	510.28876
638.82788	523.38586
638.87982	514.06274
638.93176	491.1636
638.9837	516.99414
639.03558	503.0043
639.08752	485.73624
639.13947	483.62024
639.19141	501.09216
639.24335	527.34845
639.29523	515.78302
639.34717	513.18604
639.39911	504.79355
639.45105	481.20435
639.50299	497.70081
639.55487	516.4809
639.60681	511.84369
639.65875	504.28946
639.71069	473.60565
639.76263	470.37643
639.81451	495.68137
639.86646	525.40094
639.9184	522.52991
639.97034	516.30853
640.02228	506.84671
640.07416	502.25681
640.1261	532.51758
640.17804	492.34332
640.22998	530.46838
640.28192	526.88055
640.3338	521.88721
640.38574	519.49725
640.43768	490.24213
640.48962	495.44409
640.54156	520.85022
640.59344	520.36688
640.64539	529.35712
640.69733	515.02948
640.74927	523.58185
640.80121	511.6217
640.85309	494.28052
640.90503	509.79086
640.95697	521.07422
641.00891	517.07458
641.06085	539.63116
641.11273	488.70343
641.16467	486.79044
641.21661	494.11108
641.26855	521.49585
641.3205	534.60663
641.37238	536.74451
641.42432	526.46332
641.47626	519.26196
641.5282	544.87372
641.58014	524.56146
641.63202	525.92993
641.68396	513.35162
641.7359	503.0412
641.78784	513.79724
641.83978	506.57446
641.89166	511.50662
641.9436	527.01495
641.99554	538.60095
642.04749	534.1507
642.09943	528.67566
642.15131	529.25543
642.20325	530.24896
642.25519	534.87604
642.30713	533.00189
642.35907	532.29712
642.41095	542.21143
642.46289	518.7879
642.51483	523.46741
642.56677	533.55988
642.61871	519.79919
642.67059	512.73663
642.72253	513.69891
642.77448	506.49808
642.82642	510.81543
642.87836	518.29694
642.93024	532.26398
642.98218	523.08246
643.03412	545.10779
643.08606	545.60718
643.138	541.43738
643.18994	527.64282
643.24182	517.90021
643.29376	526.65442
643.3457	520.75696
643.39764	532.68512
643.44958	552.2124
643.50146	559.8941
643.55341	534.33691
643.60535	555.78955
643.65729	565.02802
643.70923	525.45428
643.76111	529.20325
643.81305	520.56506
643.86499	564.03052
643.91693	547.02716
643.96887	512.19409
644.02075	540.55841
644.07269	546.91931
644.12463	552.17041
644.17657	547.20789
644.22852	531.10962
644.2804	543.11646
644.33234	522.02783
644.38428	526.9259
644.43622	552.01019
644.48816	559.94257
644.54004	563.97723
644.59198	533.65015
644.64392	533.47791
644.69586	556.24609
644.7478	559.42603
644.79968	548.4447
644.85162	546.15344
644.90356	548.43146
644.95551	558.43561
645.00745	562.32886
645.05933	595.37512
645.11127	559.08051
645.16321	534.51062
645.21515	552.59039
645.26709	528.08453
645.31897	551.73273
645.37091	558.03308
645.42285	560.35608
645.47479	565.95789
645.52673	545.36133
645.57861	554.88855
645.63055	573.0152
645.6825	557.95941
645.73444	538.84369
645.78638	562.48529
645.83826	536.20374
645.8902	527.97552
645.94214	569.25812
645.99408	535.46802
646.04602	530.0188
646.0979	564.14825
646.14984	563.09198
646.20178	569.07068
646.25372	563.58624
646.30566	560.6637
646.35754	560.39709
646.40948	537.9397
646.46143	539.68622
646.51337	537.74249
646.56531	540.66901
646.61719	548.26727
646.66913	546.53436
646.72107	552.33362
646.77301	533.24799
646.82495	550.68219
646.87683	553.18372
646.92877	558.0863
646.98071	551.44086
647.03265	544.07239
647.08459	545.47119
647.13647	567.63947
647.18842	573.85107
647.24036	536.11737
647.2923	541.30463
647.34424	560.5274
647.39612	535.16541
647.44806	526.19427
647.5	538.37933
647.55194	541.54211
647.60388	563.61865
647.65576	548.87537
647.7077	505.29678
647.75964	517.328
647.81158	521.00012
647.86353	532.0163
647.91541	544.97644
647.96735	531.63745
648.01929	541.16772
648.07123	551.40643
648.12317	517.45923
648.17505	529.24396
648.22699	528.16699
648.27893	527.96063
648.33087	524.40875
648.38281	575.62567
648.43469	575.41449
648.48663	559.26996
648.53857	537.32397
648.59052	568.26093
648.64246	568.48389
648.69434	573.60248
648.74628	565.73932
648.79822	558.11017
648.85016	562
648.9021	545.36115
648.95398	529.92468
649.00592	547.73517
649.05786	540.29938
649.1098	543.02863
649.16174	533.44708
649.21362	559.55774
649.26556	558.44623
649.3175	565.71741
649.36945	574.72778
649.42139	566.87006
649.47327	550.63379
649.52521	548.89618
649.57715	542.56885
649.62909	547.95953
649.68103	575.20227
649.73291	589.21631
649.78485	584.16553
649.83679	553.12677
649.88873	553.18335
649.94067	570.08636
649.99255	574.50659
650.04449	580.92926
650.09644	543.89148
650.14838	531.34265
650.20032	547.23126
650.2522	543.68768
650.30414	550.45258
650.35608	548.74402
650.40802	541.80945
650.45996	565.82867
650.51184	541.74792
650.56378	543.19263
650.61572	548.00305
650.66766	537.08704
650.7196	556.81354
650.77148	543.61365
650.82343	552.25824
650.87537	579.16583
650.92731	566.34229
650.97925	560.02588
651.03113	553.23389
651.08307	557.3902
651.13501	577.02283
651.18695	557.53125
651.23889	554.31854
651.29077	561.53912
651.34271	568.89844
651.39465	591.07404
651.44659	577.34595
651.49854	582.12421
651.55042	588.39923
651.60236	576.9859
651.6543	582.38196
651.70624	559.29956
651.75818	570.1626
651.81006	585.24536
651.862	575
651.91394	587.16083
651.96588	592.53442
652.01782	570.68152
652.06976	543.73615
652.12164	537.56335
652.17358	560.37823
652.22552	573.94781
652.27747	563.38696
652.32941	541.39691
652.38129	526.42169
652.43323	516.22919
652.48517	547.8692
652.53711	577.48956
652.58905	583.93457
652.64093	566.5979
652.69287	549.63464
652.74481	537.3089
652.79675	543.43152
652.84869	542.13672
652.90057	531.11597
652.95251	564.44891
653.00446	569.86884
653.0564	566.16577
653.10834	557.79449
653.16022	548.58386
653.21216	557.94678
653.2641	557.70471
653.31604	568.28296
653.36798	576.11328
653.41986	567.8598
653.4718	554.63702
653.52374	562.31848
653.57568	577.24408
653.62762	575.41968
653.6795	560.35815
653.73145	551.86047
653.78339	542.39569
653.83533	547.28137
653.88727	567.34418
653.93915	555.26501
653.99109	559.75824
654.04303	568.43439
654.09497	591.45624
654.14691	588.23285
654.19879	541.04669
654.25073	520.74744
654.30267	539.97876
654.35461	573.24115
654.40656	597.22394
654.45844	576.90192
654.51038	554.55719
654.56232	551.71643
654.61426	541.93304
654.6662	565.78632
654.71808	596.71222
654.77002	566.23004
654.82196	535.58875
654.8739	525.83978
654.92584	533.16693
654.97772	545.42969
655.02966	561.22443
655.0816	563.06689
655.13354	552.49609
655.18549	587.08148
655.23737	576.24536
655.28931	547.37781
655.34125	554.06097
655.39319	589.43469
655.44513	598.16461
655.49701	581.88519
655.54895	580.2489
655.60089	581.2771
655.65283	560.19604
655.70477	571.51654
655.75665	553.44373
655.80859	548.25946
655.86053	547.71649
655.91248	546.68341
655.96442	557.54022
656.0163	558.28467
656.06824	577.24756
656.12018	588.6004
656.17212	569.47211
656.22406	582.0921
656.27594	574.77405
656.32788	556.12653
656.37982	540.46021
656.43176	549.11047
656.4837	572.65656
656.53558	576.83716
656.58752	577.01672
656.63947	575.80206
656.69141	578.51398
656.74335	584.58704
656.79523	559.03912
656.84717	539.48309
656.89911	554.43103
656.95105	570.41296
657.00299	552.38501
657.05487	576.00024
657.10681	540.75214
657.15875	528.17108
657.21069	543.95013
657.26263	544.49927
657.31451	549.24591
657.36646	546.36096
657.4184	544.4201
657.47034	535.38721
657.52228	551.82776
657.57416	562.93597
657.6261	549.04187
657.67804	551.73206
657.72998	553.07629
657.78192	551.258
657.8338	547.44739
657.88574	552.4812
657.93768	551.68353
657.98962	559.38849
658.04156	568.11731
658.09344	562.65894
658.14539	534.5379
658.19733	549.07861
658.24927	547.84692
658.30121	560.36591
658.35309	575.72894
658.40503	567.52197
658.45697	576.39148
658.50891	555.27911
658.56085	544.92609
658.61273	562.78937
658.66467	564.34674
658.71661	559.11139
658.76855	545.89496
658.8205	550.19415
658.87238	552.6778
658.92432	551.63257
658.97626	546.08832
659.0282	557.02643
659.08014	547.56171
659.13202	555.93384
659.18396	545.17249
659.2359	533.0368
659.28784	537.84503
659.33978	535.33771
659.39166	532.05811
659.4436	546.99493
659.49554	569.92749
659.54749	568.83087
659.59943	553.79193
659.65131	526.20374
659.70325	528.43268
659.75519	540.89343
659.80713	563.72028
659.85907	572.27209
659.91095	560.81598
659.96289	543.5108
660.01483	520.03784
660.06677	552.52368
660.11871	574.10803
660.17059	544.73499
660.22253	539.10876
660.27448	527.69788
660.32642	529.62885
660.37836	552.29114
660.43024	520.46332
660.48218	528.63257
660.53412	529.12848
660.58606	562.35382
660.638	543.20648
660.68994	537.24677
660.74182	539.56311
660.79376	534.74158
660.8457	526.62683
660.89764	536.79401
660.94958	536.23285
661.00146	549.13757
661.05341	529.60358
661.10535	540.19989
661.15729	538.28381
661.20923	525.30786
661.26111	539.86938
661.31305	560.18042
661.36499	550.24341
661.41693	560.68811
661.46887	504.92865
661.52075	546.75507
661.57269	535.94098
661.62463	497.85791
661.67657	522.82794
661.72852	533.89154
661.7804	558.46582
661.83234	565.82855
661.88428	539.00928
661.93622	523.72626
661.98816	541.00494
662.04004	561.20782
662.09198	518.09674
662.14392	531.69379
662.19586	537.60138
662.2478	525.14661
662.29968	508.53491
662.35162	529.27997
662.40356	531.7132
662.45551	529.26685
662.50745	513.04877
662.55933	488.00031
662.61127	528.09204
662.66321	520.10162
662.71515	488.45401
662.76709	542.2229
662.81897	540.96979
662.87091	506.92627
662.92285	500.02872
662.97479	518.54559
663.02673	538.9729
663.07861	547.85846
663.13055	526.22388
663.1825	521.38556
663.23444	509.32254
663.28638	512.66003
663.33826	521.30334
663.3902	510.47861
663.44214	521.93256
663.49408	552.30713
663.54602	529.62177
663.5979	540.547
663.64984	517.65662
663.70178	513.60504
663.75372	525.42059
663.80566	503.24319
663.85754	522.34015
663.90948	510.14996
663.96143	513.78796
664.01337	531.69946
664.06531	475.62189
664.11719	494.81616
664.16913	508.15689
664.22107	508.43768
664.27301	506.67914
664.32495	500.08414
664.37683	510.68347
664.42877	482.41684
664.48071	498.12085
664.53265	514.01373
664.58459	522.45355
664.63647	517.03278
664.68842	500.4632
664.74036	485.54794
664.7923	499.94138
664.84424	504.54578
664.89612	503.0452
664.94806	492.23236
665	501.81451
665.05194	510.71213
665.10388	483.13431
665.15576	490.52332
665.2077	508.94705
665.25964	486.59503
665.31158	480.45621
665.36353	485.94415
665.41541	496.2858
665.46735	513.01599
665.51929	472.89795
665.57123	462.37814
665.62317	482.44315
665.67505	496.10373
665.72699	481.6524
665.77893	509.59225
665.83087	493.48001
665.88281	485.58411
665.93469	467.61612
665.98663	466.66556
666.03857	466.97235
666.09052	469.37677
666.14246	462.35944
666.19434	465.50912
666.24628	482.25577
666.29822	479.08466
666.35016	467.6796
666.4021	495.26169
666.45398	484.73691
666.50592	469.46951
666.55786	473.62451
666.6098	491.76431
666.66174	489.57339
666.71362	460.18381
666.76556	465.12579
666.8175	477.70139
666.86945	453.09366
666.92139	454.76859
666.97327	464.8804
667.02521	474.84671
667.07715	476.71872
667.12909	450.17853
667.18103	463.43008
667.23291	474.46378
667.28485	469.63593
667.33679	464.63361
667.38873	458.87958
667.44067	466.09695
667.49255	467.11142
667.54449	447.71893
667.59644	456.26385
667.64838	476.41589
667.70032	477.3407
667.7522	475.87698
667.80414	472.47827
667.85608	461.37338
667.90802	458.04868
667.95996	464.98447
668.01184	454.47318
668.06378	452.52524
668.11572	453.02002
668.16766	443.77393
668.2196	452.83987
668.27148	468.8613
668.32343	457.92752
668.37537	449.42047
668.42731	469.86429
668.47925	451.85284
668.53113	450.11395
668.58307	462.6315
668.63501	448.98447
668.68695	445.48779
668.73889	450.73563
668.79077	461.37976
668.84271	442.51105
668.89465	452.10977
668.94659	448.85672
668.99854	439.72818
669.05042	450.30737
669.10236	447.39142
669.1543	442.52533
669.20624	450.78204
669.25818	455.67612
669.31006	448.19635
669.362	453.25253
669.41394	456.77811
669.46588	461.29614
669.51782	460.00949
669.56976	446.89505
669.62164	441.29471
669.67358	442.0188
669.72552	434.19159
669.77747	437.46075
669.82941	460.37128
669.88129	445.42697
669.93323	441.87543
669.98517	446.4938
670.03711	446.69189
670.08905	447.96136
670.14093	449.74802
670.19287	442.20859
670.24481	447.04288
670.29675	443.91962
670.34869	446.04987
670.40057	435.64999
670.45251	431.78409
670.50446	442.50369
670.5564	430.16998
670.60834	431.27271
670.66022	447.29407
670.71216	435.89145
670.7641	427.19406
670.81604	430.58426
670.86798	442.03589
670.91986	429.12408
670.9718	422.91422
671.02374	441.45398
671.07568	446.23431
671.12762	447.17578
671.1795	436.58926
671.23145	440.40039
671.28339	434.7699
671.33533	424.48148
671.38727	431.70621
671.43915	440.21762
671.49109	449.62451
671.54303	431.7663
671.59497	422.77277
671.64691	433.26611
671.69879	431.63104
671.75073	437.75873
671.80267	428.035
671.85461	418.75043
671.90656	434.61078
671.95844	443.1658
672.01038	438.03238
672.06232	422.95947
672.11426	413.06482
672.1662	421.08301
672.21808	428.15546
672.27002	442.7016
672.32196	424.9407
672.3739	412.41321
672.42584	412.67267
672.47772	427.81873
672.52966	421.73831
672.5816	413.76926
672.63354	413.33234
672.68549	400.99594
672.73737	403.12762
672.78931	396.40909
672.84125	396.37216
672.89319	409.36362
672.94513	412.34894
672.99701	424.7699
673.04895	397.5434
673.10089	392.0979
673.15283	401.08371
673.20477	379.74112
673.25665	391.31253
673.30859	400.33621
673.36053	428.44888
673.41248	424.44305
673.46442	402.58832
673.5163	408.44846
673.56824	413.47424
673.62018	409.13614
673.67212	407.91873
673.72406	420.04404
673.77594	409.70789
673.82788	408.7258
673.87982	387.95691
673.93176	385.6882
673.9837	397.24564
674.03558	416.45862
674.08752	420.6066
674.13947	403.02066
674.19141	406.44745
674.24335	426.73871
674.29523	431.84189
674.34717	424.03186
674.39911	413.77222
674.45105	401.00287
674.50299	408.13364
674.55487	420.7334
674.60681	413.68018
674.65875	398.36942
674.71069	390.26184
674.76263	378.21359
674.81451	402.40027
674.86646	398.97638
674.9184	423.49292
674.97034	412.90289
675.02228	405.12668
675.07416	384.67471
675.1261	389.20932
675.17804	394.31799
675.22998	394.48944
675.28192	401.90549
675.3338	409.91165
675.38574	399.96841
675.43768	411.479
675.48962	409.72031
675.54156	424.12537
675.59344	407.79037
675.64539	408.12982
675.69733	396.2981
675.74927	379.79086
675.80121	397.10123
675.85309	393.51904
675.90503	396.14801
675.95697	392.85498
676.00891	380.58398
676.06085	389.66089
676.11273	404.5018
676.16467	399.19177
676.21661	386.79324
676.26855	373.53662
676.3205	366.32599
676.37238	383.49591
676.42432	391.52951
676.47626	390.60669
676.5282	370.6698
676.58014	370.28293
676.63202	410.41788
676.68396	372.76358
676.7359	384.94025
676.78784	399.68829
676.83978	406.86206
676.89166	362.57486
676.9436	363.22211
676.99554	370.80801
677.04749	382.95743
677.09943	398.88773
677.15131	365.9325
677.20325	400.65445
677.25519	370.85538
677.30713	367.11185
677.35907	414.44742
677.41095	409.40027
677.46289	370.95963
677.51483	375.77185
677.56677	391.86829
677.61871	389.05701
677.67059	368.6485
677.72253	413.6041
677.77448	400.06082
677.82642	391.47458
677.87836	378.65305
677.93024	378
677.98218	384.64105
678.03412	350.69788
678.08606	401.63235
678.138	375.16797
678.18994	372.06964
678.24182	391.38596
678.29376	416.33533
678.3457	390.60672
678.39764	387.05505
678.44958	396.8576
678.50146	394.03036
678.55341	365.17429
678.60535	383.96402
678.65729	395.96445
678.70923	380.12674
678.76111	399.66553
678.81305	368.1311
678.86499	376.49557
678.91693	350.86633
678.96887	387.83853
679.02075	381.50296
679.07269	366.79913
679.12463	388
679.17657	387.01978
679.22852	365.85397
679.2804	362.89444
679.33234	361
679.38428	361.3732
679.43622	366.93369
679.48816	366.63388
679.54004	375.6709
679.59198	380.37741
679.64392	341.94589
679.69586	380.68454
679.7478	337.10623
679.79968	348.6749
679.85162	354.89841
679.90356	355.47998
679.95551	365.80344
680.00745	348.91263
680.05933	358.1463
680.11127	369.68259
680.16321	343.59433
680.21515	372.47745
680.26709	361.20151
680.31897	384.2597
680.37091	330.41284
680.42285	362
680.47479	360.91705
680.52673	355
680.57861	358.11478
680.63055	370.29852
680.6825	350.95993
680.73444	347.06604
680.78638	356.93448
680.83826	373.20007
680.8902	355.11023
680.94214	380.68173
680.99408	356.17834
681.04602	339.49051
681.0979	376.84912
681.14984	361.77338
681.20178	353.95068
681.25372	363.06061
681.30566	351.49371
681.35754	364.6196
681.40948	347.95331
681.46143	355.86679
681.51337	366.5405
681.56531	346.42065
681.61719	330.87073
681.66913	343.57486
681.72107	341.58093
681.77301	335.96347
681.82495	361.90161
681.87683	346.28217
681.92877	347
681.98071	357.20529
682.03265	363.34921
682.08459	325.93097
682.13647	337.71194
682.18842	338.25537
682.24036	359.73572
682.2923	357.642
682.34424	361.60394
682.39612	361.70728
682.44806	354.69272
682.5	357.57715
682.55194	350.03659
682.60388	360.77057
682.65576	356.72482
682.7077	325.76395
682.75964	345.1387
682.81158	354.69556
682.86353	338.74011
682.91541	338.74625
682.96735	339.89044
683.01929	338.93475
683.07123	360.88788
683.12317	348.20303
683.17505	362.16809
683.22699	357.40027
683.27893	327.91342
683.33087	342.95923
683.38281	358.85361
683.43469	347.90085
683.48663	329.37863
683.53857	329.97382
683.59052	341.25574
683.64246	344.47861
683.69434	322.07462
683.74628	322.36078
683.79822	345.0639
683.85016	331.6929
683.9021	330.44495
683.95398	329.48138
684.00592	327.69922
684.05786	343.48367
684.1098	330.00418
684.16174	310.95868
684.21362	316.69885
684.26556	335.28381
684.3175	330.97324
684.36945	332.1593
684.42139	345.595
684.47327	324.98395
684.52521	308.16913
684.57715	305.61935
684.62909	311.39902
684.68103	323.46548
684.73291	318.54767
684.78485	316.55573
684.83679	334.38184
684.88873	335.71075
684.94067	329
684.99255	340.23245
685.04449	349.78946
685.09644	346.1857
685.14838	327.80481
685.20032	324.13574
685.2522	346.56625
685.30414	346.14063
685.35608	352.21909
685.40802	338.39188
685.45996	349.08563
685.51184	336.78381
685.56378	322.34811
685.61572	334.50107
685.66766	319.0993
685.7196	323.38608
685.77148	318.86328
685.82343	319.80368
685.87537	332.60468
685.92731	328.01245
685.97925	326.78992
686.03113	310.42157
686.08307	321.41943
686.13501	323.28329
686.18695	306.59546
686.23889	304.62766
686.29077	324.29239
686.34271	328.05075
686.39465	315.84756
686.44659	309.75269
686.49854	307.49118
686.55042	343.50906
686.60236	318.98904
686.6543	302.59317
686.70624	315.78156
686.75818	343.52618
686.81006	312.09134
686.862	321.87665
686.91394	311.77499
686.96588	311.22742
687.01782	310.37378
687.06976	305.08817
687.12164	303.17508
687.17358	319.62817
687.22552	311.28326
687.27747	293.82224
687.32941	302.03305
687.38129	312.55011
687.43323	322.60483
687.48517	304.93018
687.53711	301.12772
687.58905	304.51443
687.64093	297.03409
687.69287	294.21893
687.74481	320.9071
687.79675	330.32376
687.84869	296.46515
687.90057	305.81274
687.95251	295.01807
688.00446	333.86456
688.0564	301.52744
688.10834	330.95932
688.16022	315.98364
688.21216	319.75891
688.2641	320
688.31604	330.59985
688.36798	322.26935
688.41986	299.539
688.4718	277.37274
688.52374	302.69788
688.57568	290.06686
688.62762	283.05533
688.6795	323.91373
688.73145	312.95706
688.78339	310.17679
688.83533	318.50345
688.88727	300.03262
688.93915	301.03912
688.99109	303.73318
689.04303	338.02011
689.09497	301.88297
689.14691	299.04147
689.19879	287.11185
689.25073	310.00238
689.30267	254.58582
689.35461	302.30389
689.40656	278.27634
689.45844	308.48572
689.51038	305.74954
689.56232	317.33572
689.61426	298.46796
689.6662	305.77945
689.71808	286.7063
689.77002	303.14917
689.82196	298.74149
689.8739	302.22604
689.92584	298
689.97772	296.65781
690.02966	292.43973
690.0816	305.62683
690.13354	310.004
690.18549	298.3562
690.23737	298.79391
690.28931	277.58655
690.34125	277.49252
690.39319	284.75769
690.44513	292.81177
690.49701	302.50818
690.54895	304.86597
690.60089	281.67783
690.65283	287.34573
690.70477	266.51196
690.75665	303.6683
690.80859	289.34705
690.86053	261
690.91248	268.46191
690.96442	285.23907
691.0163	285.19974
691.06824	288.55646
691.12018	290.33572
691.17212	308.68542
691.22406	277.23413
691.27594	278.98148
691.32788	281.13669
691.37982	316.86987
691.43176	301.77771
691.4837	286.44785
691.53558	287.15775
691.58752	277.62598
691.63947	272.7283
691.69141	289.3931
691.74335	295.05893
691.79523	283.17706
691.84717	277.36093
691.89911	282.50159
691.95105	284.09732
692.00299	275.87387
692.05487	276.18817
692.10681	286.45007
692.15875	302.48376
692.21069	295.62372
692.26263	287.94452
692.31451	278.16241
692.36646	286.50616
692.4184	290.72964
692.47034	275.08972
692.52228	272.0054
692.57416	259.24399
692.6261	273.37671
692.67804	277.99142
692.72998	275.04556
692.78192	284.48581
692.8338	274.19363
692.88574	273.75455
692.93768	273.76825
692.98962	283.86703
693.04156	282.13004
693.09344	276.31711
693.14539	271.5434
693.19733	277.69104
693.24927	266.36438
693.30121	257.04056
693.35309	270.69135
693.40503	280.49207
693.45697	273.1806
693.50891	262.26517
693.56085	246.74713
693.61273	257.61942
693.66467	274.25421
693.71661	262.66461
693.76855	252.97668
693.8205	243.14288
693.87238	253.46111
693.92432	272.53357
693.97626	291.37585
694.0282	267.85574
694.08014	269.64536
694.13202	261.93448
694.18396	262.13483
694.2359	275.11847
694.28784	252.81897
694.33978	259.10831
694.39166	260.18451
694.4436	276.72803
694.49554	270.32297
694.54749	248.91849
694.59943	265.40823
694.65131	255.79359
694.70325	269.77649
694.75519	283.78848
694.80713	270.35559
694.85907	279.46613
694.91095	257.67596
694.96289	260.61801
695.01483	273.95779
695.06677	251.86923
695.11871	261.04248
695.17059	239.31607
695.22253	266.08548
695.27448	240.54581
695.32642	249.60329
695.37836	253.72375
695.43024	254.9156
695.48218	242.99724
695.53412	261.55045
695.58606	247.0428
695.638	257.35611
695.68994	265.63223
695.74182	263.11487
695.79376	239.73447
695.8457	240.95416
695.89764	241
695.94958	262.83389
696.00146	237.01451
696.05341	247.98198
696.10535	246.18356
696.15729	256.80502
696.20923	249.2244
696.26111	256.23874
696.31305	260.29861
696.36499	228.18221
696.41693	247.74408
696.46887	245.71996
696.52075	265.45782
696.57269	236.44109
696.62463	241.47954
696.67657	247.45024
696.72852	258.32895
696.7804	243.19788
696.83234	231.78957
696.88428	242.6433
696.93622	235.44379
696.98816	245.82477
697.04004	251.8416
697.09198	234.21545
697.14392	253.41328
697.19586	244.89476
697.2478	244.24283
697.29968	262
697.35162	258.2475
697.40356	245.95384
697.45551	250.74953
697.50745	243.70094
697.55933	247.44798
697.61127	252.2493
697.66321	256.09464
697.71515	260.21405
697.76709	248.37221
697.81897	243.5262
697.87091	232.47581
697.92285	256.80386
697.97479	250.61696
698.02673	237.00346
698.07861	226.26872
698.13055	225.6851
698.1825	227.26363
698.23444	239.14236
698.28638	225.21584
698.33826	236.71205
698.3902	243.34885
698.44214	247.16414
698.49408	227.03406
698.54602	242.79025
698.5979	243.48233
698.64984	234.41623
698.70178	229.05545
698.75372	231.38739
698.80566	242.79156
698.85754	237.2998
698.90948	222.08522
698.96143	208.93428
699.01337	223.78824
699.06531	242.86972
699.11719	236.65552
699.16913	227.00293
699.22107	233.0975
699.27301	246.80681
699.32495	237.61139
699.37683	218.78516
699.42877	220.89638
699.48071	231.07619
699.53265	226.45857
699.58459	221.85071
699.63647	212.99861
699.68842	225.55212
699.74036	245.36035
699.7923	242.3508
699.84424	237.38664
699.89612	228.91095
699.94806	225.26221
700	221.52007
