560	51.371311
560.05194	47.767395
560.10388	49.257862
560.15576	47.734386
560.2077	49.345375
560.25964	47.513824
560.31158	43.753376
560.36353	51.019569
560.41541	45.937649
560.46735	50.934551
560.51929	42.75037
560.57123	46.816368
560.62317	43.076523
560.67505	45.05901
560.72699	47.031219
560.77893	48.510826
560.83087	48.97802
560.88281	44.021061
560.93469	48.445778
560.98663	51.927525
561.03857	48.117882
561.09052	47.523811
561.14246	38.446598
561.19434	49.344299
561.24628	46.72625
561.29822	48.820118
561.35016	45.319118
561.4021	47.28334
561.45398	50.213276
561.50592	48.262806
561.55786	49.334
561.6098	51.26231
561.66174	52.374981
561.71362	45.179295
561.76556	48.698837
561.8175	48.659893
561.86945	48.504883
561.92139	46.848007
561.97327	46.090939
562.02521	47.222069
562.07715	45.492134
562.12909	48.9785
562.18103	50
562.23291	51.949852
562.28485	45.180779
562.33679	52.529617
562.38873	54.369911
562.44067	49.902168
562.49255	50.34584
562.54449	52.097618
562.59644	50.697723
562.64838	52.139061
562.70032	53
562.7522	60.663376
562.80414	61.24514
562.85608	52.516479
562.90802	51.017036
562.95996	48.016182
563.01184	46.987167
563.06378	52.358868
563.11572	52.124889
563.16766	54.928925
563.2196	55.942642
563.27148	57.773373
563.32343	56.161621
563.37537	60.295235
563.42731	55.341862
563.47925	53.37458
563.53113	50.461456
563.58307	51.103306
563.63501	49.410725
563.68695	44.175701
563.73889	50.021976
563.79077	58.444534
563.84271	57.047409
563.89465	55.838516
563.94659	57.236019
563.99854	54.237194
564.05042	58.687695
564.10236	65.258995
564.1543	59.247028
564.20624	57.950562
564.25818	57.714561
564.31006	53.277218
564.362	57.120483
564.41394	57.405048
564.46588	58.588833
564.51782	62.637878
564.56976	59.137112
564.62164	56.260017
564.67358	60.200199
564.72552	60.374969
564.77747	60.96788
564.82941	60.194729
564.88129	63.554291
564.93323	60.354752
564.98517	57.062683
565.03711	60.534286
565.08905	59.061626
565.14093	67.37928
565.19287	60.16235
565.24481	60.974281
565.29675	63.378471
565.34869	63.231453
565.40057	57.968323
565.45251	64.989716
565.50446	67.504883
565.5564	63.497196
565.60834	54.450451
565.66022	59.244068
565.71216	56.755909
565.7641	56.942429
565.81604	59.543987
565.86798	57.779594
565.91986	55.617817
565.9718	50.606483
566.02374	51.790405
566.07568	56.995926
566.12762	64.136002
566.1795	57.738659
566.23145	57.423641
566.28339	62.080578
566.33533	60.376972
566.38727	49.009552
566.43915	52.273582
566.49109	53.612431
566.54303	51.912506
566.59497	58.219357
566.64691	55.680843
566.69879	52.457165
566.75073	48.051983
566.80267	53.337719
566.85461	52.302311
566.90656	61.384583
566.95844	53.06078
567.01038	53.81414
567.06232	50.687187
567.11426	54.48571
567.1662	53.833096
567.21808	48.664288
567.27002	55.330139
567.32196	44.026211
567.3739	47.006813
567.42584	52.961399
567.47772	50.539982
567.52966	40.721569
567.5816	47.299995
567.63354	44.129227
567.68549	46.866585
567.73737	65.510796
567.78931	60.380589
567.84125	51.132595
567.89319	51.431171
567.94513	54.260948
567.99701	49.489456
568.04895	44.477295
568.10089	51.629318
568.15283	54.283783
568.20477	49.65041
568.25665	48.124729
568.30859	51.471252
568.36053	48.559151
568.41248	52.263054
568.46442	53
568.5163	47.131294
568.56824	49.323895
568.62018	48.768963
568.67212	47.27581
568.72406	52.665359
568.77594	51.594791
568.82788	51.400944
568.87982	49.929977
568.93176	49.504887
568.9837	46.797371
569.03558	48.683998
569.08752	37.745018
569.13947	52.399754
569.19141	53.29599
569.24335	50.768059
569.29523	49.407486
569.34717	43.585037
569.39911	46.865303
569.45105	52.542068
569.50299	50.848236
569.55487	51.585537
569.60681	49.757877
569.65875	44.084713
569.71069	42.339634
569.76263	40.837933
569.81451	44.284428
569.86646	45.524536
569.9184	43.393539
569.97034	46.005192
570.02228	46.110577
570.07416	46.245869
570.1261	47.615772
570.17804	47.391121
570.22998	47.90554
570.28192	45.825249
570.3338	44.296719
570.38574	46.247215
570.43768	48.652218
570.48962	49.218754
570.54156	48.722916
570.59344	46.567829
570.64539	48.819149
570.69733	50.117458
570.74927	50.101421
570.80121	51.504883
570.85309	48.134529
570.90503	47.302395
570.95697	49.504883
571.00891	48.51078
571.06085	50.687637
571.11273	51.826252
571.16467	47.834515
571.21661	47.878117
571.26855	51.159977
571.3205	50.224319
571.37238	47.727207
571.42432	45.787037
571.47626	44.742569
571.5282	50.856869
571.58014	55.368912
571.63202	51.389065
571.68396	49.24625
571.7359	50.898464
571.78784	47.910904
571.83978	48.550213
571.89166	50.81131
571.9436	52.001812
571.99554	50.467236
572.04749	42.423031
572.09943	47.409569
572.15131	56.874058
572.20325	51
572.25519	51
572.30713	51.819698
572.35907	51.580097
572.41095	46.248928
572.46289	44.425117
572.51483	47.854782
572.56677	49.236832
572.61871	47.299358
572.67059	52.299747
572.72253	51.324986
572.77448	52.035488
572.82642	48.131516
572.87836	50.029133
572.93024	52.894276
572.98218	48.362915
573.03412	48.917633
573.08606	47.454212
573.138	49.111408
573.18994	48.968281
573.24182	47.623341
573.29376	50.402676
573.3457	52.293297
573.39764	53.693336
573.44958	54.322872
573.50146	53.76738
573.55341	54.408875
573.60535	50.528763
573.65729	46.674591
573.70923	52.108192
573.76111	48.279736
573.81305	55.389782
573.86499	51.7635
573.91693	53.074249
573.96887	50.524483
574.02075	53.954967
574.07269	49.711967
574.12463	51.552959
574.17657	51.773533
574.22852	49.163345
574.2804	46.01762
574.33234	51.855
574.38428	50.066059
574.43622	51.089714
574.48816	51.813618
574.54004	39.855148
574.59198	47.120872
574.64392	49.932304
574.69586	47.917778
574.7478	45.251579
574.79968	56.970921
574.85162	54.921429
574.90356	46.495045
574.95551	43.013504
575.00745	51.419182
575.05933	48.057896
575.11127	49.470329
575.16321	50.475479
575.21515	60.635643
575.26709	49.018654
575.31897	55.643536
575.37091	54.585621
575.42285	41.816284
575.47479	47.0769
575.52673	56.314842
575.57861	50.550209
575.63055	53.659828
575.6825	49.916119
575.73444	48.601753
575.78638	48.504883
575.83826	49.395241
575.8902	53.92963
575.94214	47.032135
575.99408	48.6166
576.04602	42.51104
576.0979	48.813412
576.14984	48.723106
576.20178	49.352482
576.25372	50.347027
576.30566	45.067547
576.35754	43.589329
576.40948	47.208698
576.46143	50.048313
576.51337	51.71785
576.56531	50.795258
576.61719	48.502052
576.66913	54.345024
576.72107	48.123936
576.77301	45.61311
576.82495	49.38427
576.87683	55.892761
576.92877	52.162098
576.98071	47.849239
577.03265	53.012314
577.08459	46.794342
577.13647	45.853172
577.18842	43.19722
577.24036	47.824867
577.2923	44.942429
577.34424	47.660049
577.39612	49.146023
577.44806	49.704678
577.5	49.653893
577.55194	52.276733
577.60388	52.470543
577.65576	47.231277
577.7077	46.351185
577.75964	48.677094
577.81158	48.177155
577.86353	47.830578
577.91541	48.32925
577.96735	48.504883
578.01929	54.585606
578.07123	58
578.12317	54.542969
578.17505	54.375072
578.22699	53.035305
578.27893	45.388214
578.33087	39.985954
578.38281	46.507992
578.43469	51.504883
578.48663	52.682259
578.53857	52.339027
578.59052	53.52383
578.64246	57.575443
578.69434	56.389565
578.74628	54.560638
578.79822	56.664127
578.85016	55.804359
578.9021	51.281849
578.95398	51.1534
579.00592	52.467548
579.05786	52.526623
579.1098	53
579.16174	52.744785
579.21362	57.091385
579.26556	60.241589
579.3175	56.504734
579.36945	55.479591
579.42139	59.682655
579.47327	54.310146
579.52521	50.031803
579.57715	53.585548
579.62909	54.09774
579.68103	55.585373
579.73291	55.868305
579.78485	55.258911
579.83679	53.168587
579.88873	54.660099
579.94067	55.504883
579.99255	55.931789
580.04449	56.504887
580.09644	52.963913
580.14838	51.699596
580.20032	55.987518
580.2522	54.905388
580.30414	57.085789
580.35608	57.945099
580.40802	58.384636
580.45996	57.326744
580.51184	50.798855
580.56378	53.298939
580.61572	49.321926
580.66766	53.465466
580.7196	58.864532
580.77148	51.574234
580.82343	47.172295
580.87537	51.200642
580.92731	56.520687
580.97925	55.108231
581.03113	57.303497
581.08307	50.975636
581.13501	51.227566
581.18695	52.698532
581.23889	57.308823
581.29077	53.204479
581.34271	56.628487
581.39465	53.558872
581.44659	58.476177
581.49854	57.997673
581.55042	52.953606
581.60236	59.81675
581.6543	53.925381
581.70624	48.526249
581.75818	54.132587
581.81006	53.122238
581.862	52.911652
581.91394	53.083958
581.96588	59.773464
582.01782	58.555679
582.06976	56.132477
582.12164	55.116013
582.17358	61.866241
582.22552	57.906967
582.27747	58.033997
582.32941	53.916512
582.38129	61.627258
582.43323	59.818909
582.48517	59.264889
582.53711	59.731388
582.58905	56
582.64093	55.355434
582.69287	51.766968
582.74481	51.409431
582.79675	56.430931
582.84869	55.930092
582.90057	55.844395
582.95251	57.671139
583.00446	55.504887
583.0564	55.989849
583.10834	59.330166
583.16022	57.497211
583.21216	53.718025
583.2641	55.352272
583.31604	54.437794
583.36798	58.1824
583.41986	55.175583
583.4718	56.629101
583.52374	52.543167
583.57568	53.548771
583.62762	60.437042
583.6795	59.755424
583.73145	62.7155
583.78339	50.293049
583.83533	55.381989
583.88727	53.043835
583.93915	54.079342
583.99109	55.639053
584.04303	45.621468
584.09497	49.604889
584.14691	53.751598
584.19879	65.773712
584.25073	51.504883
584.30267	51.54221
584.35461	57.50629
584.40656	58.995453
584.45844	63.466824
584.51038	55.605473
584.56232	58.937653
584.61426	59.49379
584.6662	55.122662
584.71808	62.748993
584.77002	59.141964
584.82196	57.081459
584.8739	61.30265
584.92584	60.075424
584.97772	61.891415
585.02966	52.12944
585.0816	63.204132
585.13354	63.538456
585.18549	55.161972
585.23737	54.961773
585.28931	61.894543
585.34125	62.043678
585.39319	56.094162
585.44513	59.121281
585.49701	57.705139
585.54895	59.296398
585.60089	70.20459
585.65283	55.100506
585.70477	62.267838
585.75665	59.992378
585.80859	62.996838
585.86053	57.423809
585.91248	56.504883
585.96442	62.528347
586.0163	56.661858
586.06824	58.479553
586.12018	58.580647
586.17212	56.819157
586.22406	59.43298
586.27594	55.832687
586.32788	55.829346
586.37982	53.940948
586.43176	60.48037
586.4837	59.963867
586.53558	51.789619
586.58752	52.422802
586.63947	50.191723
586.69141	53.897518
586.74335	59.771534
586.79523	63.370647
586.84717	65.182617
586.89911	57.292801
586.95105	62.391228
587.00299	64.504883
587.05487	57.191879
587.10681	60.743332
587.15875	62.120583
587.21069	64.271149
587.26263	61.615475
587.31451	63.870911
587.36646	60.537003
587.4184	65.654762
587.47034	62.488819
587.52228	60.866905
587.57416	59.545856
587.6261	59.722958
587.67804	63.2383
587.72998	62.360703
587.78192	57.95182
587.8338	60.387169
587.88574	53.571415
587.93768	55.586136
587.98962	63.910603
588.04156	67.538322
588.09344	58.727604
588.14539	56.891968
588.19733	59.02161
588.24927	64.902863
588.30121	63.813129
588.35309	56.001343
588.40503	61.283264
588.45697	57.605438
588.50891	60.046604
588.56085	60.901608
588.61273	59.178165
588.66467	56.752647
588.71661	59.977062
588.76855	60.280098
588.8205	62.471668
588.87238	65.132156
588.92432	63.634102
588.97626	61.265926
589.0282	63.271011
589.08014	59.807377
589.13202	59.237217
589.18396	63.416756
589.2359	60.502377
589.28784	60.484676
589.33978	61.319809
589.39166	61.385357
589.4436	59.660862
589.49554	56.838661
589.54749	54.559746
589.59943	58.093765
589.65131	62.356346
589.70325	64.41787
589.75519	62.971176
589.80713	62.398529
589.85907	58.785896
589.91095	59.961357
589.96289	61.811413
590.01483	62.449162
590.06677	61.531765
590.11871	61.414494
590.17059	66.430931
590.22253	69
590.27448	65.061966
590.32642	67.767128
590.37836	70.398453
590.43024	68.019112
590.48218	68.247047
590.53412	70.028633
590.58606	75.021721
590.638	72.999092
590.68994	72.223198
590.74182	70.095573
590.79376	65.952393
590.8457	71.420616
590.89764	72.331535
590.94958	73.115112
591.00146	76.264862
591.05341	73.169075
591.10535	73.046394
591.15729	81.152412
591.20923	77.507957
591.26111	73.638687
591.31305	78.325439
591.36499	75.178612
591.41693	70.853966
591.46887	68.722641
591.52075	74
591.57269	76.406425
591.62463	75.384171
591.67657	68.495041
591.72852	68.424927
591.7804	69.305916
591.83234	67.840164
591.88428	70.249359
591.93622	68.487213
591.98816	64.325035
592.04004	67.331871
592.09198	66.975784
592.14392	65.106461
592.19586	70.985649
592.2478	70.263901
592.29968	66.260353
592.35162	70.161385
592.40356	71.426682
592.45551	68.982826
592.50745	68.150093
592.55933	71.051888
592.61127	71.890144
592.66321	67.97361
592.71515	63.445393
592.76709	70.252708
592.81897	72.467445
592.87091	72.416069
592.92285	66.505974
592.97479	71.266609
593.02673	71.158737
593.07861	66.211823
593.13055	69.907791
593.1825	65.379021
593.23444	65.151634
593.28638	65.38607
593.33826	65.272987
593.3902	68.096245
593.44214	72.267021
593.49408	79.138985
593.54602	75.894958
593.5979	68.694672
593.64984	68.286606
593.70178	72.27063
593.75372	79.597679
593.80566	77.74379
593.85754	75.024223
593.90948	69.283409
593.96143	76.016411
594.01337	77.293556
594.06531	81.534271
594.11719	83.194656
594.16913	81.700218
594.22107	79.655289
594.27301	75.836472
594.32495	81.53772
594.37683	75.375793
594.42877	72.865784
594.48071	85.269234
594.53265	84.856766
594.58459	82.241684
594.63647	76.338524
594.68842	80.93438
594.74036	84.142899
594.7923	82.705772
594.84424	81.051971
594.89612	78.802765
594.94806	80.583565
595	81.798134
595.05194	80.240486
595.10388	68.952446
595.15576	68.977432
595.2077	70.300552
595.25964	70.711632
595.31158	67.415192
595.36353	64.515114
595.41541	75.579475
595.46735	68.85006
595.51929	73.82962
595.57123	66.769943
595.62317	69.135918
595.67505	70.704933
595.72699	68.034737
595.77893	70.938148
595.83087	65.507484
595.88281	69.09491
595.93469	70.626724
595.98663	76.039284
596.03857	78.373985
596.09052	59.732563
596.14246	62.514503
596.19434	69.535988
596.24628	75.613625
596.29822	68.482819
596.35016	68.362732
596.4021	76.92617
596.45398	74.976692
596.50592	72.156929
596.55786	77.071083
596.6098	77.937378
596.66174	77.934296
596.71362	74.111282
596.76556	73.584694
596.8175	74.435242
596.86945	76.092583
596.92139	76.341881
596.97327	79.139366
597.02521	81.06308
597.07715	81.312889
597.12909	77.738289
597.18103	83.828072
597.23291	84.626823
597.28485	79.042618
597.33679	73.733734
597.38873	80.236664
597.44067	88.924995
597.49255	82.735115
597.54449	80.66507
597.59644	72.382973
597.64838	81.427994
597.70032	82.585442
597.7522	81.122223
597.80414	73.617851
597.85608	81.003433
597.90802	78.006592
597.95996	69.794449
598.01184	75.975693
598.06378	76.15049
598.11572	76.295067
598.16766	74.974434
598.2196	75.259476
598.27148	70.516014
598.32343	75.731735
598.37537	70.154709
598.42731	77.141502
598.47925	72.24778
598.53113	66.17617
598.58307	69.828545
598.63501	73.995903
598.68695	65.552811
598.73889	66.921364
598.79077	66.553627
598.84271	62.922752
598.89465	68.637398
598.94659	70.96904
598.99854	65.016502
599.05042	64.31356
599.10236	70.359489
599.1543	73.358223
599.20624	71.89904
599.25818	73.970436
599.31006	69.934441
599.362	64.018951
599.41394	71.313858
599.46588	74.584229
599.51782	74.983307
599.56976	77.594002
599.62164	77.810768
599.67358	73.456825
599.72552	82.919113
599.77747	88.535797
599.82941	86.12075
599.88129	82.941429
599.93323	88.34964
599.98517	79.424278
600.03711	83.329819
600.08905	91.317978
600.14093	86.943451
600.19287	76.947426
600.24481	85.375854
600.29675	85.643997
600.34869	92.888367
600.40057	98.804543
600.45251	97.592567
600.50446	88.522316
600.5564	93.310783
600.60834	92.70784
600.66022	106.57495
600.71216	98.797325
600.7641	104.44904
600.81604	91.55072
600.86798	87.856361
600.91986	88.968933
600.9718	88.209129
601.02374	91.840271
601.07568	94.851791
601.12762	78.342735
601.1795	81.100395
601.23145	90.223099
601.28339	83.924133
601.33533	87.677528
601.38727	93.081032
601.43915	86.789253
601.49109	88.77256
601.54303	89.041138
601.59497	81.135971
601.64691	73.682434
601.69879	80.503967
601.75073	81.799469
601.80267	78.99015
601.85461	80.809433
601.90656	75.880928
601.95844	78.704933
602.01038	73.771164
602.06232	74.843933
602.11426	68.968727
602.1662	78.661674
602.21808	77.148689
602.27002	72.239761
602.32196	71.078743
602.3739	78.975609
602.42584	79.260155
602.47772	77.072006
602.52966	73.059631
602.5816	81.655891
602.63354	78.698769
602.68549	75.502731
602.73737	84.40033
602.78931	86.534019
602.84125	78.431046
602.89319	82.261414
602.94513	94.744606
602.99701	91.406387
603.04895	91.00074
603.10089	83.836967
603.15283	89.612434
603.20477	98.76384
603.25665	95.091255
603.30859	89.526581
603.36053	97.970055
603.41248	100.27824
603.46442	103.99438
603.5163	101.23507
603.56824	105.73936
603.62018	110.88346
603.67212	110.84063
603.72406	112.18382
603.77594	107.97652
603.82788	110.56506
603.87982	114.84466
603.93176	110.32892
603.9837	116.5368
604.03558	124.99286
604.08752	127.20018
604.13947	115.65852
604.19141	121.36615
604.24335	115.50058
604.29523	117.41558
604.34717	123.61771
604.39911	120.94302
604.45105	123.09914
604.50299	115.23267
604.55487	109.38892
604.60681	99.333069
604.65875	100.42673
604.71069	109.14088
604.76263	104.84116
604.81451	109.63625
604.86646	109.95496
604.9184	100.59525
604.97034	97.949951
605.02228	106.9517
605.07416	101.37928
605.1261	94.095207
605.17804	88.948288
605.22998	92.74926
605.28192	96.409981
605.3338	96.805138
605.38574	84.079391
605.43768	96.75486
605.48962	94.889977
605.54156	92.997833
605.59344	84.58287
605.64539	97.827011
605.69733	97.723152
605.74927	90.29747
605.80121	88.919052
605.85309	100.80458
605.90503	99.271759
605.95697	90.450508
606.00891	93.501175
606.06085	93.477509
606.11273	88.478577
606.16467	96.4533
606.21661	103.11211
606.26855	106.64495
606.3205	97.911568
606.37238	92.445503
606.42432	99.490433
606.47626	103.03864
606.5282	103.34845
606.58014	106.78045
606.63202	98.668663
606.68396	105.83685
606.7359	109.98542
606.78784	113.39761
606.83978	118.63068
606.89166	121.89908
606.9436	120.90064
606.99554	121.42112
607.04749	121.37184
607.09943	120.22955
607.15131	122.91566
607.20325	120.38725
607.25519	125.28412
607.30713	122.90354
607.35907	130.82039
607.41095	127.07959
607.46289	127.34599
607.51483	129.2476
607.56677	130.51047
607.61871	128.40289
607.67059	124.88319
607.72253	119.40526
607.77448	131.77638
607.82642	120.14744
607.87836	119.79238
607.93024	121.68275
607.98218	126.99449
608.03412	118.31443
608.08606	123.64623
608.138	116.26575
608.18994	117.69435
608.24182	106.14681
608.29376	105.45419
608.3457	104.56916
608.39764	108.61244
608.44958	96.056221
608.50146	96.623589
608.55341	107.31963
608.60535	94.300621
608.65729	94.844872
608.70923	104.62946
608.76111	100.54726
608.81305	106.99461
608.86499	100.04015
608.91693	85.906738
608.96887	88.9599
609.02075	88.646225
609.07269	90.724464
609.12463	96.554131
609.17657	93.457718
609.22852	101.3712
609.2804	93.054352
609.33234	107.79548
609.38428	87.326317
609.43622	98.05114
609.48816	101.45937
609.54004	107.42014
609.59198	100.35947
609.64392	114.67952
609.69586	103.35481
609.7478	118.62375
609.79968	117.52425
609.85162	124.33468
609.90356	115.51077
609.95551	108.95564
610.00745	103.88748
610.05933	124.32681
610.11127	131.75314
610.16321	137.52109
610.21515	119.0965
610.26709	126.90567
610.31897	128.02669
610.37091	136.54222
610.42285	133.33015
610.47479	147.08084
610.52673	129.17879
610.57861	144.47716
610.63055	158.03816
610.6825	157.36037
610.73444	151.96245
610.78638	143.23776
610.83826	157.62799
610.8902	168.90527
610.94214	158.73033
610.99408	167.05414
611.04602	150.90411
611.0979	147.31189
611.14984	162.16319
611.20178	161.81792
611.25372	160.87906
611.30566	156.03041
611.35754	154.24342
611.40948	161.47639
611.46143	137.02496
611.51337	143.51944
611.56531	142.1297
611.61719	143.96393
611.66913	139.6008
611.72107	118.81928
611.77301	128.21103
611.82495	118.18309
611.87683	137.98653
611.92877	140.33154
611.98071	116.05153
612.03265	104.79273
612.08459	114.02781
612.13647	119.17088
612.18842	115.68491
612.24036	122.24805
612.2923	118.65575
612.34424	121.78259
612.39612	121.42759
612.44806	113.57159
612.5	126.30971
612.55194	124.05618
612.60388	122.76878
612.65576	106.52642
612.7077	117.21153
612.75964	104.28861
612.81158	104.45356
612.86353	117.81103
612.91541	130.83792
612.96735	111.568
613.01929	128.0632
613.07123	133.62149
613.12317	120.57111
613.17505	135.21996
613.22699	138.80687
613.27893	130.17703
613.33087	129.7888
613.38281	124.64036
613.43469	135.51581
613.48663	152.91472
613.53857	140.87534
613.59052	142.49132
613.64246	142.97363
613.69434	153.49303
613.74628	168.0784
613.79822	152.57774
613.85016	156.0667
613.9021	160.43814
613.95398	158.40903
614.00592	158.83781
614.05786	150.39638
614.1098	160.09879
614.16174	179.03368
614.21362	159.84627
614.26556	177.1806
614.3175	166.60843
614.36945	165.66487
614.42139	156.71608
614.47327	163.39397
614.52521	165.81499
614.57715	152.61218
614.62909	157.46468
614.68103	176.41122
614.73291	170.03062
614.78485	163.04037
614.83679	161.17613
614.88873	151.13506
614.94067	140.785
614.99255	146.32979
615.04449	157.76051
615.09644	150.21953
615.14838	147.16278
615.20032	123.51067
615.2522	122.8117
615.30414	136.03873
615.35608	133.3557
615.40802	127.96971
615.45996	118.19485
615.51184	117.56574
615.56378	116.38508
615.61572	115.20203
615.66766	122.87715
615.7196	123.39809
615.77148	115.89967
615.82343	101.42613
615.87537	118.31711
615.92731	124.75338
615.97925	117.97421
616.03113	113.64583
616.08307	117.61858
616.13501	110.47744
616.18695	101.8088
616.23889	126.10333
616.29077	115.5988
616.34271	117.61462
616.39465	129.8838
616.44659	116.24168
616.49854	114.76746
616.55042	127.32847
616.60236	121.91109
616.6543	137.82935
616.70624	133.45699
616.75818	118.73862
616.81006	128.41835
616.862	132.97363
616.91394	130.74352
616.96588	153.70474
617.01782	148.65689
617.06976	149.13992
617.12164	151.7099
617.17358	160.05299
617.22552	160.7755
617.27747	156.31897
617.32941	165.91096
617.38129	196.17842
617.43323	190.74326
617.48517	181.35027
617.53711	183.6088
617.58905	204.45992
617.64093	215.59093
617.69287	217.69896
617.74481	211.52864
617.79675	213.27847
617.84869	214.98122
617.90057	200.75806
617.95251	214.11667
618.00446	242.52589
618.0564	246.03503
618.10834	235.5341
618.16022	222.84161
618.21216	225.98651
618.2641	229.67314
618.31604	232.06929
618.36798	228.09372
618.41986	230.84109
618.4718	228.81218
618.52374	214.52127
618.57568	225.55359
618.62762	224.02939
618.6795	230.9841
618.73145	226.37155
618.78339	200.74207
618.83533	201.90933
618.88727	194.02126
618.93915	200.23024
618.99109	208.01894
619.04303	187.96971
619.09497	200.96759
619.14691	201.86046
619.19879	182.83249
619.25073	200.82321
619.30267	204.25557
619.35461	191.94289
619.40656	173.95714
619.45844	182.30214
619.51038	187.31335
619.56232	179.35818
619.61426	193.20218
619.6662	181.48534
619.71808	182.85202
619.77002	183.06421
619.82196	171.44487
619.8739	172.2196
619.92584	178.89987
619.97772	186.20055
620.02966	177.88976
620.0816	181.73833
620.13354	185.0248
620.18549	196.96265
620.23737	204
620.28931	203.33675
620.34125	197.81483
620.39319	179.52174
620.44513	179.9682
620.49701	201.6512
620.54895	203.93266
620.60089	210.83768
620.65283	208.04573
620.70477	203.61031
620.75665	224.32797
620.80859	236.60835
620.86053	217.96295
620.91248	226.57623
620.96442	239.23624
621.0163	226.11449
621.06824	238.09914
621.12018	259.39841
621.17212	258.0769
621.22406	260.85892
621.27594	269.97626
621.32788	276.11005
621.37982	267.39349
621.43176	249.14914
621.4837	250.04671
621.53558	266.13287
621.58752	282.26395
621.63947	278.70871
621.69141	260.63535
621.74335	264.06821
621.79523	278.97852
621.84717	268.61276
621.89911	253.45323
621.95105	259.1814
622.00299	247.85928
622.05487	235.16531
622.10681	244.96828
622.15875	266.61002
622.21069	262.00275
622.26263	244.47237
622.31451	225.00418
622.36646	203.86859
622.4184	218.36845
622.47034	216.65538
622.52228	199.93588
622.57416	197.78314
622.6261	190.5377
622.67804	193.40112
622.72998	189.96385
622.78192	198.9631
622.8338	196.99414
622.88574	192.56386
622.93768	177.63841
622.98962	176.1254
623.04156	177.02379
623.09344	155.10571
623.14539	158.4527
623.19733	157.07874
623.24927	158.49553
623.30121	149.55243
623.35309	159.72623
623.40503	166.86571
623.45697	167.89085
623.50891	169.60916
623.56085	156.16336
623.61273	159.18193
623.66467	159.91751
623.71661	150.86357
623.76855	151.50221
623.8205	156.32361
623.87238	146.82277
623.92432	144.83647
623.97626	149.55931
624.0282	140.02736
624.08014	156.93692
624.13202	166.959
624.18396	153.79152
624.2359	161.98563
624.28784	167.3078
624.33978	165.13887
624.39166	167.7197
624.4436	172.46214
624.49554	188.94484
624.54749	194.93033
624.59943	174.56136
624.65131	186.92108
624.70325	208.46632
624.75519	198.81215
624.80713	198.08713
624.85907	212.07867
624.91095	220.81313
624.96289	206.21355
625.01483	192.34238
625.06677	197.57584
625.11871	210.20102
625.17059	203.1306
625.22253	220.13959
625.27448	221.59514
625.32642	198.33809
625.37836	207.16069
625.43024	225.33601
625.48218	227.04533
625.53412	230.71593
625.58606	235.79398
625.638	229.25671
625.68994	230.87428
625.74182	237.46202
625.79376	245.23268
625.8457	242.90373
625.89764	239.93806
625.94958	236.67084
626.00146	241.20091
626.05341	242.85818
626.10535	249.59645
626.15729	243.00664
626.20923	223.61055
626.26111	220.03799
626.31305	221.69246
626.36499	201.90817
626.41693	203.65771
626.46887	217.97066
626.52075	225.47711
626.57269	214.10539
626.62463	207.44756
626.67657	199.85362
626.72852	202.23537
626.7804	194.65016
626.83234	199.60056
626.88428	204.73256
626.93622	197.16112
626.98816	188.59454
627.04004	197.18684
627.09198	213.03171
627.14392	202.97209
627.19586	190.7289
627.2478	194.59746
627.29968	190.67838
627.35162	182.35446
627.40356	196.03629
627.45551	188.87611
627.50745	194.92365
627.55933	205.76381
627.61127	200.69125
627.66321	205.21265
627.71515	215.33864
627.76709	211.32693
627.81897	206.34248
627.87091	207.26396
627.92285	206.85329
627.97479	198.49982
628.02673	191.88402
628.07861	210.78816
628.13055	222.64395
628.1825	222.64333
628.23444	221.25166
628.28638	220.16632
628.33826	220.68294
628.3902	227.97905
628.44214	242.23494
628.49408	248.48515
628.54602	254.39366
628.5979	247.38185
628.64984	255.29121
628.70178	271.68903
628.75372	289.40775
628.80566	284.09241
628.85754	282.71506
628.90948	284.44864
628.96143	290.20187
629.01337	300.53244
629.06531	294.16092
629.11719	309.28659
629.16913	313.08585
629.22107	306.51144
629.27301	312.46658
629.32495	315.7175
629.37683	315.57028
629.42877	306.46884
629.48071	306.87643
629.53265	314.02103
629.58459	310.21255
629.63647	308.01291
629.68842	307.01285
629.74036	298.20831
629.7923	300.9696
629.84424	303.53128
629.89612	298.50302
629.94806	286.13727
630	291.63516
630.05194	302.85324
630.10388	286.75952
630.15576	286.3877
630.2077	284.4711
630.25964	267.44507
630.31158	263.66599
630.36353	273.09351
630.41541	264.87543
630.46735	262.81097
630.51929	245.06245
630.57123	246.73372
630.62317	258.59726
630.67505	246.88353
630.72699	238.34602
630.77893	243.68349
630.83087	250.84433
630.88281	250.49673
630.93469	235.54951
630.98663	233.0871
631.03857	228.81294
631.09052	223.7527
631.14246	220.35226
631.19434	222.43427
631.24628	230.30212
631.29822	228.69698
631.35016	218.08974
631.4021	207.2655
631.45398	212.00577
631.50592	225.22563
631.55786	234.39957
631.6098	229.60709
631.66174	224.16183
631.71362	231.11795
631.76556	217.13168
631.8175	220.83286
631.86945	230.17842
631.92139	227.59137
631.97327	228.72386
632.02521	236.59015
632.07715	237.6949
632.12909	237.91249
632.18103	234.1823
632.23291	242.85471
632.28485	256.69232
632.33679	262.50467
632.38873	256.01749
632.44067	266.28622
632.49255	282.16937
632.54449	280.77896
632.59644	275.9921
632.64838	289.97934
632.70032	297.54031
632.7522	294.57361
632.80414	299.38446
632.85608	307.88171
632.90802	297.23352
632.95996	304.04401
633.01184	303.9939
633.06378	324.59366
633.11572	339.6929
633.16766	337.25281
633.2196	324.95856
633.27148	324.60602
633.32343	330.2103
633.37537	337.4603
633.42731	339.93637
633.47925	337.86313
633.53113	340.09262
633.58307	343.59918
633.63501	332.13684
633.68695	323.76266
633.73889	335.18201
633.79077	325.20145
633.84271	332.73801
633.89465	332.17044
633.94659	328.72031
633.99854	325.90839
634.05042	326.24084
634.10236	316.57983
634.1543	319.25
634.20624	326.64389
634.25818	329.46976
634.31006	318.54434
634.362	306.30261
634.41394	307.31763
634.46588	303.31903
634.51782	311.78934
634.56976	309.20212
634.62164	299.28043
634.67358	292.78986
634.72552	290.0726
634.77747	294.70789
634.82941	295.60516
634.88129	289.0387
634.93323	269.23312
634.98517	260.08499
635.03711	272.61215
635.08905	273.87549
635.14093	261.73758
635.19287	268.61209
635.24481	283.55502
635.29675	267.82159
635.34869	249.75795
635.40057	260.23318
635.45251	268.46921
635.50446	264.82855
635.5564	261.2532
635.60834	259.50711
635.66022	259.3204
635.71216	243.45303
635.7641	244.33931
635.81604	247.42686
635.86798	256.36221
635.91986	251.00397
635.9718	244.84377
636.02374	236.95628
636.07568	237.03746
636.12762	243.33916
636.1795	253.31183
636.23145	235.89235
636.28339	235.32625
636.33533	245.74602
636.38727	257.69696
636.43915	261.2023
636.49109	269.83093
636.54303	261.0593
636.59497	256.27017
636.64691	254.08148
636.69879	244.77031
636.75073	258.95267
636.80267	269.01157
636.85461	268.95801
636.90656	280.05237
636.95844	281.22375
637.01038	283.03461
637.06232	284.63864
637.11426	291.86469
637.1662	293.7579
637.21808	301.47409
637.27002	293.45462
637.32196	297.62448
637.3739	298.18576
637.42584	311.85025
637.47772	299.85364
637.52966	305.09018
637.5816	315.88516
637.63354	320.75665
637.68549	306.18884
637.73737	307.89749
637.78931	315.79086
637.84125	315.3815
637.89319	313.86182
637.94513	316.83508
637.99701	322.04932
638.04895	335.11813
638.10089	326.797
638.15283	329.24026
638.20477	336.72305
638.25665	332.25806
638.30859	322.04657
638.36053	331.69647
638.41248	331.76111
638.46442	333.91086
638.5163	329.34177
638.56824	333.36038
638.62018	331.05392
638.67212	322.7399
638.72406	327.01489
638.77594	324.93564
638.82788	312.38928
638.87982	314.07492
638.93176	318.57916
638.9837	324.99115
639.03558	300.117
639.08752	297.44864
639.13947	300.93362
639.19141	305.51541
639.24335	316.68262
639.29523	305.38931
639.34717	288.03391
639.39911	279.89893
639.45105	276.26373
639.50299	285.50763
639.55487	286.1785
639.60681	280.4151
639.65875	281.67795
639.71069	270.22702
639.76263	270.71671
639.81451	268.91949
639.86646	260.16953
639.9184	285.35364
639.97034	277.75711
640.02228	273.98318
640.07416	263.06442
640.1261	262.22955
640.17804	248.7117
640.22998	250.97412
640.28192	260.8605
640.3338	250.06383
640.38574	247.08624
640.43768	244.91347
640.48962	247.00438
640.54156	247.33888
640.59344	242.86479
640.64539	260.31088
640.69733	250.01363
640.74927	251.14815
640.80121	261.82181
640.85309	253.28951
640.90503	266.59457
640.95697	272.61487
641.00891	266.89993
641.06085	262.3876
641.11273	263.16455
641.16467	257.01959
641.21661	265.57266
641.26855	276.64606
641.3205	262.50781
641.37238	274.36926
641.42432	275.7757
641.47626	272.51157
641.5282	279.67139
641.58014	285.05481
641.63202	284.12952
641.68396	284.7832
641.7359	290.95587
641.78784	297.09833
641.83978	290.19016
641.89166	285.052
641.9436	289.70453
641.99554	300.26331
642.04749	296.39975
642.09943	303.15472
642.15131	307.89795
642.20325	305.71198
642.25519	314.64822
642.30713	300.30515
642.35907	306.55972
642.41095	308.9444
642.46289	301.10101
642.51483	283.92072
642.56677	299.33658
642.61871	319.22076
642.67059	311.3251
642.72253	314.78036
642.77448	308.34042
642.82642	297.5466
642.87836	289.84549
642.93024	292.91711
642.98218	292.98642
643.03412	297.36093
643.08606	326.70334
643.138	317.44797
643.18994	284.67056
643.24182	278.98865
643.29376	281.16501
643.3457	285.66882
643.39764	288.65231
643.44958	292.44293
643.50146	291.87607
643.55341	289.44165
643.60535	279.79807
643.65729	282.5116
643.70923	290.3797
643.76111	285.23428
643.81305	264.89926
643.86499	268.11526
643.91693	264.81964
643.96887	256.11374
644.02075	250.68201
644.07269	277.94232
644.12463	277.20551
644.17657	277.34396
644.22852	270.02939
644.2804	253.63173
644.33234	263.95044
644.38428	259.97723
644.43622	252.86427
644.48816	245.75789
644.54004	240.13336
644.59198	234.96069
644.64392	239.96706
644.69586	255.00272
644.7478	241.84081
644.79968	249.89452
644.85162	247.43373
644.90356	244.47362
644.95551	245.74071
645.00745	260.34097
645.05933	260.98865
645.11127	259.19333
645.16321	243.82326
645.21515	245.48453
645.26709	250.31944
645.31897	268.95255
645.37091	280.91025
645.42285	258.83173
645.47479	254.30443
645.52673	256.51443
645.57861	252.311
645.63055	269.05154
645.6825	276.66351
645.73444	252.5587
645.78638	255.54477
645.83826	276.3349
645.8902	258.90143
645.94214	271.22763
645.99408	260.53531
646.04602	243.4563
646.0979	274.99692
646.14984	279.37411
646.20178	280.8295
646.25372	285.55853
646.30566	286.78177
646.35754	276.49582
646.40948	280.38544
646.46143	272.31381
646.51337	281.55411
646.56531	294.8559
646.61719	284.40579
646.66913	285.41956
646.72107	281.36667
646.77301	277.21152
646.82495	289.57578
646.87683	324.86115
646.92877	305.79376
646.98071	289.18546
647.03265	296.28732
647.08459	288.32184
647.13647	287.06555
647.18842	285.9068
647.24036	294.00925
647.2923	295.54581
647.34424	290
647.39612	296.9238
647.44806	304.01569
647.5	290.84787
647.55194	296.76932
647.60388	308.26813
647.65576	314.3905
647.7077	309.93826
647.75964	322.35587
647.81158	306.66626
647.86353	300.33755
647.91541	304.3302
647.96735	304.07935
648.01929	307.22046
648.07123	308.19778
648.12317	301.40176
648.17505	290.30139
648.22699	299.59073
648.27893	322.36533
648.33087	318.79544
648.38281	311.54404
648.43469	298.1752
648.48663	304.84747
648.53857	314.28036
648.59052	304.68817
648.64246	310.51318
648.69434	308.16183
648.74628	302.70285
648.79822	293.32254
648.85016	287.7211
648.9021	287.56396
648.95398	286.07788
649.00592	289.26196
649.05786	299.57141
649.1098	292.62708
649.16174	291.66776
649.21362	297.8494
649.26556	293.15692
649.3175	285.63712
649.36945	280.99734
649.42139	280.57358
649.47327	290.24588
649.52521	286.02887
649.57715	277.06149
649.62909	283.64584
649.68103	309.50424
649.73291	300.58252
649.78485	306.07071
649.83679	305.88309
649.88873	294.71576
649.94067	299.13062
649.99255	302.03192
650.04449	303.95767
650.09644	303.27444
650.14838	315.18976
650.20032	319.36639
650.2522	317.36826
650.30414	322.14563
650.35608	318.43311
650.40802	314.79147
650.45996	311.39124
650.51184	315.53659
650.56378	329.67328
650.61572	327.27191
650.66766	304.71472
650.7196	309.78815
650.77148	321.27213
650.82343	320.89499
650.87537	308.51593
650.92731	315.93335
650.97925	315.86957
651.03113	315.83765
651.08307	330.47009
651.13501	336.30777
651.18695	327.85535
651.23889	334.43155
651.29077	325.70844
651.34271	325.41623
651.39465	334.8656
651.44659	341.66519
651.49854	347.57626
651.55042	362.73926
651.60236	348.34125
651.6543	338.95068
651.70624	355.62723
651.75818	357.90897
651.81006	343.22568
651.862	354.04016
651.91394	346.58725
651.96588	338.20035
652.01782	345.02219
652.06976	341.00125
652.12164	346.91418
652.17358	333.93362
652.22552	326.59134
652.27747	327.0484
652.32941	334.39255
652.38129	335.31671
652.43323	326.36148
652.48517	328.19507
652.53711	346.11627
652.58905	351.42587
652.64093	334.09293
652.69287	342.14651
652.74481	340.25919
652.79675	326.30826
652.84869	334.54248
652.90057	332.66708
652.95251	314.1723
653.00446	317.75961
653.0564	319.5354
653.10834	318.62817
653.16022	316.17963
653.21216	318.18079
653.2641	335.79242
653.31604	324.17542
653.36798	306.66861
653.41986	302.189
653.4718	306.61325
653.52374	301.52209
653.57568	302.69641
653.62762	302.51239
653.6795	294.41025
653.73145	292.7655
653.78339	297.3887
653.83533	306.61716
653.88727	301.26868
653.93915	287.65933
653.99109	281.4505
654.04303	286.41998
654.09497	288.85138
654.14691	279.81177
654.19879	270.88278
654.25073	269.9892
654.30267	273.54572
654.35461	274.23807
654.40656	272.8815
654.45844	272.8913
654.51038	265.33636
654.56232	260.67062
654.61426	264.54535
654.6662	273.34744
654.71808	261.84564
654.77002	255.11067
654.82196	250.03699
654.8739	251.27908
654.92584	269.31479
654.97772	276.33511
655.02966	270.03604
655.0816	260.78534
655.13354	248.65245
655.18549	249.10822
655.23737	252.72411
655.28931	265.07593
655.34125	267.25189
655.39319	257.12164
655.44513	260.31076
655.49701	267.85504
655.54895	266.27237
655.60089	265.62473
655.65283	258.33496
655.70477	256.7785
655.75665	250.35725
655.80859	251.6846
655.86053	263.03854
655.91248	271.30847
655.96442	265.30936
656.0163	258.26382
656.06824	247.75842
656.12018	249.43346
656.17212	257.69128
656.22406	262.14243
656.27594	258.09192
656.32788	255.6199
656.37982	257.88525
656.43176	266.41296
656.4837	269.98114
656.53558	261.29022
656.58752	275.55402
656.63947	277.98456
656.69141	270.55893
656.74335	265.25217
656.79523	256.62585
656.84717	258.92911
656.89911	265.05557
656.95105	267.75037
657.00299	260.05026
657.05487	263.10535
657.10681	266.74722
657.15875	251.414
657.21069	245.40067
657.26263	261.23227
657.31451	254.39607
657.36646	252.76619
657.4184	248.59273
657.47034	245.94867
657.52228	249.59065
657.57416	246.96245
657.6261	244.74625
657.67804	252.7896
657.72998	255.4879
657.78192	251.68011
657.8338	237.31752
657.88574	240.98656
657.93768	231.40022
657.98962	241.56021
658.04156	236.64096
658.09344	234.93645
658.14539	241.13539
658.19733	231.43222
658.24927	224.83817
658.30121	232.22841
658.35309	238.57526
658.40503	241.10048
658.45697	233.76337
658.50891	223.00497
658.56085	215.66312
658.61273	218.50548
658.66467	216.4321
658.71661	198.76761
658.76855	200.57005
658.8205	222.88121
658.87238	213.27782
658.92432	209.88635
658.97626	201.89145
659.0282	211.20953
659.08014	200.28438
659.13202	188.6405
659.18396	204.10274
659.2359	207.83733
659.28784	197.50163
659.33978	204.92493
659.39166	204.40427
659.4436	210.84315
659.49554	202.31493
659.54749	200.84613
659.59943	203.57198
659.65131	197.26949
659.70325	199.84923
659.75519	197.78514
659.80713	207.54274
659.85907	198.46173
659.91095	208.37704
659.96289	199.64322
660.01483	194.6676
660.06677	200.0878
660.11871	200.51288
660.17059	201.0368
660.22253	191.46281
660.27448	190.45038
660.32642	193.74353
660.37836	206.27254
660.43024	205.51991
660.48218	194.75557
660.53412	201.67989
660.58606	197.29305
660.638	206.54424
660.68994	209.09442
660.74182	211.94551
660.79376	203.35901
660.8457	186.10672
660.89764	199.20886
660.94958	217.25447
661.00146	211.10194
661.05341	206.61603
661.10535	200.5475
661.15729	219.49059
661.20923	203.98885
661.26111	223.81836
661.31305	235.05954
661.36499	219.50674
661.41693	220.82133
661.46887	228.90417
661.52075	232.25172
661.57269	229.74095
661.62463	235.92795
661.67657	253.15456
661.72852	240.02792
661.7804	225.37634
661.83234	234.16905
661.88428	252.96965
661.93622	246.68982
661.98816	234.79068
662.04004	234.77652
662.09198	238.78123
662.14392	246.8074
662.19586	249.93022
662.2478	242.37509
662.29968	243.85635
662.35162	258.08148
662.40356	247.948
662.45551	258.4874
662.50745	246.519
662.55933	266.99893
662.61127	256.89816
662.66321	250.75888
662.71515	271.06424
662.76709	270.85983
662.81897	263.24973
662.87091	273.13205
662.92285	257.72418
662.97479	269.05301
663.02673	266.59091
663.07861	276.52661
663.13055	289.08685
663.1825	275.06094
663.23444	282.61203
663.28638	284.76675
663.33826	277.24469
663.3902	284.02362
663.44214	287.84598
663.49408	290.68481
663.54602	292.40887
663.5979	284.00751
663.64984	289.94421
663.70178	293.27188
663.75372	279.82959
663.80566	297.11377
663.85754	275.16785
663.90948	276.16568
663.96143	292.23413
664.01337	299.10342
664.06531	299.46402
664.11719	291.43832
664.16913	296.47681
664.22107	286.60434
664.27301	289.72668
664.32495	301.41364
664.37683	292.67578
664.42877	289.54065
664.48071	270.5321
664.53265	266.10007
664.58459	272.22546
664.63647	273.48862
664.68842	280.43942
664.74036	285.09869
664.7923	288.32837
664.84424	275.84027
664.89612	260.79709
664.94806	287.7843
665	281.78122
665.05194	286.81674
665.10388	281.46054
665.15576	279.06876
665.2077	278.47083
665.25964	269.93689
665.31158	282.13965
665.36353	283.11377
665.41541	271.099
665.46735	267.13205
665.51929	284.97226
665.57123	284.51843
665.62317	274.30991
665.67505	261.49402
665.72699	268.56979
665.77893	257.21716
665.83087	275.18243
665.88281	279.2543
665.93469	269.33408
665.98663	258.54312
666.03857	271.36838
666.09052	273.16641
666.14246	265.82104
666.19434	270.56067
666.24628	259.74255
666.29822	253.82196
666.35016	264.87289
666.4021	257.17725
666.45398	249.29002
666.50592	261.13422
666.55786	268.26566
666.6098	261.18143
666.66174	270.94592
666.71362	271.07831
666.76556	260.20627
666.8175	265.28207
666.86945	270.46286
666.92139	264.05515
666.97327	259.78546
667.02521	259.46643
667.07715	264.60361
667.12909	259.54913
667.18103	258.49033
667.23291	267.9874
667.28485	256.84378
667.33679	265.03329
667.38873	265.5144
667.44067	256.42908
667.49255	262.93567
667.54449	261.57605
667.59644	247.49304
667.64838	243.44743
667.70032	261.35852
667.7522	268.47488
667.80414	250.099
667.85608	249.92879
667.90802	253.07433
667.95996	265.3493
668.01184	273.06155
668.06378	265.05099
668.11572	249.22765
668.16766	249.88254
668.2196	252.20512
668.27148	246.91298
668.32343	255.87888
668.37537	250.58537
668.42731	247.20499
668.47925	248.43004
668.53113	248.81787
668.58307	240.98834
668.63501	244.35861
668.68695	245.31628
668.73889	240.49771
668.79077	243.98254
668.84271	242.12949
668.89465	245.80945
668.94659	249.77217
668.99854	243.97212
669.05042	248.05096
669.10236	252.99275
669.1543	250.01781
669.20624	241.41122
669.25818	238.56178
669.31006	244.26999
669.362	239.37196
669.41394	231.38379
669.46588	235.07788
669.51782	238.61337
669.56976	235.92805
669.62164	242.13385
669.67358	234.63007
669.72552	229.41232
669.77747	236.99455
669.82941	234.98215
669.88129	243.01114
669.93323	235.78903
669.98517	231.4599
670.03711	234.19612
670.08905	228.44055
670.14093	223.96346
670.19287	222.54559
670.24481	222.32285
670.29675	224.54617
670.34869	223.834
670.40057	220.75038
670.45251	222.8371
670.50446	220.38242
670.5564	216.4476
670.60834	222.15234
670.66022	220.48119
670.71216	215.19502
670.7641	212.96819
670.81604	217.89471
670.86798	216.68718
670.91986	196.44672
670.9718	190.58325
671.02374	197.12386
671.07568	198.53537
671.12762	202.59859
671.1795	202.85704
671.23145	202.36369
671.28339	206.9079
671.33533	197.79025
671.38727	193.83176
671.43915	198.03294
671.49109	205.92134
671.54303	201.15683
671.59497	187.00641
671.64691	178.6871
671.69879	182.00009
671.75073	181.08907
671.80267	185.64235
671.85461	193.49414
671.90656	188.58229
671.95844	181.7276
672.01038	186.3532
672.06232	187.35487
672.11426	187.87988
672.1662	185.85478
672.21808	179.16589
672.27002	181.35791
672.32196	184.55463
672.3739	181.99423
672.42584	182.37932
672.47772	181.57927
672.52966	180.69551
672.5816	180.20251
672.63354	179.97833
672.68549	171.28462
672.73737	168.41768
672.78931	169.03371
672.84125	174.62575
672.89319	178.52625
672.94513	177.85371
672.99701	165.89998
673.04895	166.68599
673.10089	173.16478
673.15283	166.97301
673.20477	162.07704
673.25665	167.63847
673.30859	176.73187
673.36053	182.40665
673.41248	175.10951
673.46442	169.07269
673.5163	170.76552
673.56824	168.42799
673.62018	178.86403
673.67212	173.28476
673.72406	160.69934
673.77594	157.48589
673.82788	166.37607
673.87982	160.88121
673.93176	165.60938
673.9837	166.28989
674.03558	175.422
674.08752	165.25186
674.13947	152.2491
674.19141	164.84235
674.24335	156.90109
674.29523	156.21591
674.34717	169.20416
674.39911	165.10542
674.45105	157.55933
674.50299	166.32631
674.55487	169.80263
674.60681	167.10864
674.65875	161.1461
674.71069	163.64055
674.76263	162.82698
674.81451	162.77501
674.86646	166.57782
674.9184	168.22568
674.97034	162.62448
675.02228	163.52951
675.07416	157.03355
675.1261	157.1494
675.17804	160.86252
675.22998	165.51114
675.28192	159.55673
675.3338	158.29048
675.38574	162.84021
675.43768	158.64392
675.48962	155.43288
675.54156	149.51978
675.59344	160.65472
675.64539	170.21657
675.69733	162.51237
675.74927	162.48784
675.80121	156.70239
675.85309	161.01369
675.90503	163.03795
675.95697	150.27638
676.00891	146.98639
676.06085	149.03661
676.11273	160.9157
676.16467	149.76776
676.21661	161.38913
676.26855	150.54729
676.3205	159.57436
676.37238	163.38879
676.42432	167.75946
676.47626	161.17992
676.5282	159.13322
676.58014	147.94214
676.63202	151.25977
676.68396	161.29752
676.7359	159.43614
676.78784	156.06941
676.83978	150.93044
676.89166	153.36864
676.9436	159.66132
676.99554	142.02324
677.04749	154.00793
677.09943	154.7392
677.15131	157.19568
677.20325	163.04643
677.25519	159.13454
677.30713	149.57033
677.35907	164.30835
677.41095	155.26424
677.46289	158.94101
677.51483	151.29144
677.56677	155.94221
677.61871	162.36049
677.67059	160.75038
677.72253	159.64186
677.77448	165.07487
677.82642	153.86586
677.87836	157.67943
677.93024	151.38776
677.98218	155.74361
678.03412	156
678.08606	161.74171
678.138	151.42825
678.18994	159.68665
678.24182	159.0307
678.29376	161.92024
678.3457	154.73344
678.39764	160.88191
678.44958	147.75771
678.50146	138.09686
678.55341	150.49089
678.60535	125.61376
678.65729	145.99681
678.70923	144.70581
678.76111	166.30511
678.81305	141.73296
678.86499	153.06664
678.91693	156.726
678.96887	163.27036
679.02075	152.38002
679.07269	147.27232
679.12463	165.87868
679.17657	162.62424
679.22852	154.12837
679.2804	145.06143
679.33234	137.08241
679.38428	155.28403
679.43622	159.59515
679.48816	159.36615
679.54004	151.19131
679.59198	153.83681
679.64392	157.29942
679.69586	159.19547
679.7478	144.96002
679.79968	146.30188
679.85162	161.14404
679.90356	146.66357
679.95551	132.48111
680.00745	147.72238
680.05933	144.0163
680.11127	137.74731
680.16321	171.50351
680.21515	152.61545
680.26709	165.39313
680.31897	159.22784
680.37091	146.10692
680.42285	151.06232
680.47479	141.85995
680.52673	140.48782
680.57861	154.29323
680.63055	158.16824
680.6825	157.19138
680.73444	149.35411
680.78638	154.82758
680.83826	163.74838
680.8902	163.54095
680.94214	147.34462
680.99408	143.66296
681.04602	157.7621
681.0979	162.34683
681.14984	151.97076
681.20178	145.66382
681.25372	153.38322
681.30566	157.63913
681.35754	135.62148
681.40948	161.65834
681.46143	155.45624
681.51337	137.58441
681.56531	132.83167
681.61719	138.37276
681.66913	146.71609
681.72107	153.81013
681.77301	149.81569
681.82495	153.1088
681.87683	157.00633
681.92877	160.71291
681.98071	155.40218
682.03265	143.26357
682.08459	155.67014
682.13647	142.30629
682.18842	144.55385
682.24036	147.68393
682.2923	147.321
682.34424	142.32547
682.39612	140.4903
682.44806	154.85948
682.5	145.60771
682.55194	152.82591
682.60388	159.35083
682.65576	155.57732
682.7077	147.72261
682.75964	147.47595
682.81158	149.90405
682.86353	154.97789
682.91541	156.28163
682.96735	152.5069
683.01929	146.0387
683.07123	154.96257
683.12317	156.76942
683.17505	153.29358
683.22699	150.08635
683.27893	149.25516
683.33087	147.66893
683.38281	152.31061
683.43469	151.20868
683.48663	152.51772
683.53857	138.68333
683.59052	139.5475
683.64246	139.99539
683.69434	140.31107
683.74628	141.71542
683.79822	140.5025
683.85016	137.51151
683.9021	140.92955
683.95398	140.09717
684.00592	130.97852
684.05786	142.66586
684.1098	153.28328
684.16174	145.70868
684.21362	142.65013
684.26556	140.89296
684.3175	136.31342
684.36945	136.24539
684.42139	139.81981
684.47327	144.87318
684.52521	153.35678
684.57715	152.99542
684.62909	140.37892
684.68103	141.82283
684.73291	154.32826
684.78485	151.27136
684.83679	140.72363
684.88873	143.95276
684.94067	145.05113
684.99255	152.87283
685.04449	153.18004
685.09644	138.33604
685.14838	133.38983
685.20032	130.88496
685.2522	128.83475
685.30414	142.10773
685.35608	153.1474
685.40802	150.91124
685.45996	138.5842
685.51184	141.77161
685.56378	140.69957
685.61572	139.54025
685.66766	139.52686
685.7196	138.33104
685.77148	136.35912
685.82343	140.32898
685.87537	150.11295
685.92731	152.1837
685.97925	142.49919
686.03113	147.00406
686.08307	130.73009
686.13501	148.29152
686.18695	147.76302
686.23889	131.54701
686.29077	125.95105
686.34271	125.8861
686.39465	136.08658
686.44659	142.56282
686.49854	135.59506
686.55042	131.149
686.60236	136.26196
686.6543	129.94102
686.70624	137.68011
686.75818	140.90643
686.81006	145.73859
686.862	152.56546
686.91394	135.22231
686.96588	134.95052
687.01782	144.13116
687.06976	135.82137
687.12164	141.81557
687.17358	132.7581
687.22552	136.78766
687.27747	138
687.32941	139.69739
687.38129	135.35422
687.43323	127.68254
687.48517	137.34398
687.53711	132.8941
687.58905	121.07572
687.64093	139.42244
687.69287	133.98514
687.74481	137.48451
687.79675	130.38113
687.84869	130.47522
687.90057	149.78552
687.95251	134.97603
688.00446	138.60379
688.0564	135.26605
688.10834	119.02033
688.16022	141.63383
688.21216	136.87663
688.2641	125.06714
688.31604	134.62047
688.36798	118.08813
688.41986	128.30862
688.4718	121.12819
688.52374	138.79083
688.57568	125.63548
688.62762	133.5529
688.6795	123.6213
688.73145	130.43756
688.78339	121.77135
688.83533	132.27614
688.88727	142.33803
688.93915	135.3317
688.99109	130.15933
689.04303	141.15965
689.09497	116.73689
689.14691	135.72192
689.19879	136.80328
689.25073	122.23018
689.30267	136.71371
689.35461	133.65628
689.40656	133.83728
689.45844	127.67538
689.51038	133.23837
689.56232	130.33473
689.61426	128.86411
689.6662	132.49002
689.71808	139.51285
689.77002	123.68697
689.82196	143.41463
689.8739	125.6254
689.92584	113.66839
689.97772	134.25615
690.02966	131.0892
690.0816	132.48186
690.13354	127.37915
690.18549	122.69156
690.23737	109.97039
690.28931	123.35968
690.34125	123.41928
690.39319	127.76022
690.44513	130.99593
690.49701	128.36945
690.54895	129.9343
690.60089	128.40147
690.65283	132.98659
690.70477	127.40154
690.75665	120.68353
690.80859	124.75162
690.86053	128.32237
690.91248	121.99241
690.96442	120.56641
691.0163	118.16656
691.06824	117.16895
691.12018	125.18943
691.17212	120.82289
691.22406	116.02376
691.27594	107.91072
691.32788	118.03179
691.37982	117.69558
691.43176	122.74794
691.4837	123.05114
691.53558	110.46105
691.58752	113.22829
691.63947	120.83442
691.69141	121.51334
691.74335	122.82826
691.79523	127.40574
691.84717	129.64917
691.89911	119.23237
691.95105	118.98959
692.00299	126.29129
692.05487	120.81131
692.10681	112.20377
692.15875	114.8065
692.21069	121.84749
692.26263	125.23737
692.31451	122.29853
692.36646	122.27155
692.4184	127.64226
692.47034	123.40776
692.52228	117.57181
692.57416	124.10519
692.6261	116.26922
692.67804	117.52684
692.72998	126.73771
692.78192	124.1571
692.8338	116.27696
692.88574	115.16843
692.93768	120.48213
692.98962	117.7993
693.04156	117.10288
693.09344	118.74883
693.14539	111.52283
693.19733	115.47559
693.24927	118.56066
693.30121	124.73555
693.35309	121.38533
693.40503	113.50793
693.45697	114.87663
693.50891	122.93843
693.56085	117.81761
693.61273	115.32733
693.66467	113.26904
693.71661	107.56587
693.76855	121.37096
693.8205	128.70459
693.87238	124.43466
693.92432	112.81809
693.97626	124.35951
694.0282	123.89165
694.08014	112.78865
694.13202	116.82503
694.18396	116.95028
694.2359	100.85398
694.28784	112.34739
694.33978	119.93871
694.39166	113.26628
694.4436	118.37363
694.49554	117.45253
694.54749	118.92487
694.59943	121.49599
694.65131	132.40439
694.70325	120.91328
694.75519	119.55151
694.80713	109.76229
694.85907	108.39748
694.91095	126.18036
694.96289	109.61876
695.01483	108.19205
695.06677	110.29003
695.11871	114.42142
695.17059	116.37402
695.22253	125.41508
695.27448	127.84596
695.32642	115.9066
695.37836	123.64561
695.43024	98.013863
695.48218	108.89279
695.53412	104.01049
695.58606	117.64629
695.638	102.47858
695.68994	124.87672
695.74182	123.65958
695.79376	120.65822
695.8457	107.86436
695.89764	118.82581
695.94958	115.59233
696.00146	107.59732
696.05341	130.90605
696.10535	120.60702
696.15729	122.69696
696.20923	111.39989
696.26111	135.66852
696.31305	113.73587
696.36499	109.12937
696.41693	118.91405
696.46887	123.18061
696.52075	112.88418
696.57269	116.91928
696.62463	121.04592
696.67657	124.42693
696.72852	116.23746
696.7804	128.60527
696.83234	123.35598
696.88428	133.72583
696.93622	121.85563
696.98816	120.69586
697.04004	119.25052
697.09198	122.49432
697.14392	128.04489
697.19586	111.59267
697.2478	119.8786
697.29968	118.00271
697.35162	117.53168
697.40356	103.69987
697.45551	113.10205
697.50745	108.43559
697.55933	110.32705
697.61127	102.12747
697.66321	115.50332
697.71515	111.5429
697.76709	113.58772
697.81897	109.20824
697.87091	123.90996
697.92285	129.67421
697.97479	125.64376
698.02673	119.77912
698.07861	113.00334
698.13055	113.19852
698.1825	111.99494
698.23444	118.47388
698.28638	116.35246
698.33826	114.61022
698.3902	111.45086
698.44214	123.02811
698.49408	124.48588
698.54602	116.97372
698.5979	121.11218
698.64984	125.24614
698.70178	115.3879
698.75372	120.56641
698.80566	110.40759
698.85754	113.96275
698.90948	118.67869
698.96143	104.97322
699.01337	111.22021
699.06531	108.69669
699.11719	111.46272
699.16913	124.58409
699.22107	117.0242
699.27301	109.99195
699.32495	112.63332
699.37683	113.75065
699.42877	114.58794
699.48071	117.53783
699.53265	119.32137
699.58459	115.28584
699.63647	118.19857
699.68842	120.39199
699.74036	113.01487
699.7923	119.44694
699.84424	121.04622
699.89612	116.32193
699.94806	114.30418
700	118.68636
