560	42.657341
560.05194	57.162426
560.10388	45.741058
560.15576	51.114754
560.2077	51.894005
560.25964	51.583416
560.31158	56.025608
560.36353	46.323544
560.41541	49.855743
560.46735	47.746521
560.51929	44.218449
560.57123	47.862282
560.62317	45.267834
560.67505	52.029507
560.72699	52.730301
560.77893	40.072014
560.83087	46.02198
560.88281	50.978939
560.93469	51
560.98663	37.29031
561.03857	41.85265
561.09052	44.885315
561.14246	42.140957
561.19434	43.890717
561.24628	42.126671
561.29822	44.783718
561.35016	50.52132
561.4021	43.707558
561.45398	55.639164
561.50592	48.049171
561.55786	45.227108
561.6098	44.121288
561.66174	46.610291
561.71362	49.584019
561.76556	44.024967
561.8175	41.310024
561.86945	50.19854
561.92139	43.715614
561.97327	52.658447
562.02521	54.187931
562.07715	51.589405
562.12909	46.2258
562.18103	49.723083
562.23291	54.892105
562.28485	49.835503
562.33679	44.951714
562.38873	46.262577
562.44067	47.74572
562.49255	52.426937
562.54449	56.917484
562.59644	53.671276
562.64838	51.999996
562.70032	48.474575
562.7522	47
562.80414	56.642017
562.85608	58.278717
562.90802	50.276535
562.95996	56.959553
563.01184	56.09621
563.06378	59.476196
563.11572	59.162354
563.16766	55.103981
563.2196	55.871033
563.27148	56.384365
563.32343	59.036633
563.37537	57.404396
563.42731	53.818047
563.47925	52.417103
563.53113	60.629452
563.58307	64.731865
563.63501	59.087509
563.68695	57.102654
563.73889	57.456909
563.79077	57.534954
563.84271	60.636776
563.89465	67.672333
563.94659	65.357178
563.99854	52.959381
564.05042	55.418499
564.10236	61.564922
564.1543	60.43824
564.20624	62.47126
564.25818	58.369549
564.31006	62.564312
564.362	70.868759
564.41394	63.926476
564.46588	59.568527
564.51782	60.695488
564.56976	63.415787
564.62164	61.96249
564.67358	60.199703
564.72552	61.215397
564.77747	61.536999
564.82941	57.985107
564.88129	50.209976
564.93323	55.442917
564.98517	58.353127
565.03711	56.584141
565.08905	57.051361
565.14093	61.404346
565.19287	52.572437
565.24481	58.313953
565.29675	56.246044
565.34869	51.785503
565.40057	56.289982
565.45251	58.69429
565.50446	61.900879
565.5564	59.801537
565.60834	62
565.66022	59.732204
565.71216	55.196812
565.7641	58.465889
565.81604	50.648098
565.86798	61.236763
565.91986	58.192055
565.9718	67.742775
566.02374	60.778408
566.07568	66.669998
566.12762	58.993618
566.1795	49.300812
566.23145	49.845509
566.28339	67.563644
566.33533	60.303986
566.38727	62.288784
566.43915	64.41037
566.49109	66.35405
566.54303	61.392059
566.59497	57.455948
566.64691	61.638317
566.69879	65.715797
566.75073	54
566.80267	53.414925
566.85461	47.075981
566.90656	48.547039
566.95844	56.121555
567.01038	57.521404
567.06232	49.136726
567.11426	52.493671
567.1662	64.605148
567.21808	52.068317
567.27002	54.8633
567.32196	45.991264
567.3739	45.003407
567.42584	47.980701
567.47772	52.929665
567.52966	53.978333
567.5816	53.02927
567.63354	64.557549
567.68549	55.444721
567.73737	53.101933
567.78931	49.234032
567.84125	54.603344
567.89319	50.368553
567.94513	51.837376
567.99701	47.444565
568.04895	47.904541
568.10089	53.382309
568.15283	56.66835
568.20477	51.708908
568.25665	57.126888
568.30859	52.793125
568.36053	53.720421
568.41248	50.589558
568.46442	54.225048
568.5163	57.51516
568.56824	43.042469
568.62018	44.940235
568.67212	50.900345
568.72406	56.856022
568.77594	53.189587
568.82788	56.764805
568.87982	54.06274
568.93176	46.759209
568.9837	55.814964
569.03558	52.873676
569.08752	50.241539
569.13947	55.256023
569.19141	56.255871
569.24335	50.842224
569.29523	46.083103
569.34717	53.669582
569.39911	49.132927
569.45105	55.917789
569.50299	58.597694
569.55487	48.983837
569.60681	42.252995
569.65875	50.513214
569.71069	55.000004
569.76263	53.003559
569.81451	49.36541
569.86646	44.742783
569.9184	52.657642
569.97034	53.541107
570.02228	45.331734
570.07416	41.377068
570.1261	43.463089
570.17804	50.479927
570.22998	55.203472
570.28192	56
570.3338	53.649197
570.38574	51.419224
570.43768	49.852665
570.48962	54.667248
570.54156	61.238514
570.59344	53.604565
570.64539	46
570.69733	47.615868
570.74927	45.27475
570.80121	46.200993
570.85309	46.891239
570.90503	45.022175
570.95697	50.0326
571.00891	50.520634
571.06085	48.960091
571.11273	51.967163
571.16467	47.757595
571.21661	48.573402
571.26855	54.147652
571.3205	51.087776
571.37238	49.550961
571.42432	49.442593
571.47626	49.564358
571.5282	50.285622
571.58014	52.844196
571.63202	58.566891
571.68396	56.431015
571.7359	48.417656
571.78784	57.36821
571.83978	58.674683
571.89166	55.762222
571.9436	53.257683
571.99554	47
572.04749	51.327404
572.09943	55.81242
572.15131	53.125946
572.20325	57.299385
572.25519	52.665276
572.30713	52.290676
572.35907	57.641594
572.41095	56.174103
572.46289	49.693256
572.51483	51.402428
572.56677	58.175446
572.61871	59.562901
572.67059	54.596752
572.72253	50.179897
572.77448	47.199223
572.82642	45
572.87836	45.762127
572.93024	48.742798
572.98218	49.794209
573.03412	45.531116
573.08606	43.772896
573.138	42.779335
573.18994	43.07111
573.24182	48.662243
573.29376	54.79866
573.3457	51.661243
573.39764	42.188454
573.44958	44.820126
573.50146	52.122147
573.55341	48.507385
573.60535	50.349255
573.65729	46.531811
573.70923	44.59454
573.76111	47.857807
573.81305	47.950256
573.86499	52.577602
573.91693	44.228672
573.96887	53.698551
574.02075	57.460232
574.07269	45.414165
574.12463	49.485497
574.17657	53.183128
574.22852	45.512302
574.2804	51.236828
574.33234	53.855
574.38428	52.396351
574.43622	57.70192
574.48816	52.415081
574.54004	42.747719
574.59198	58.322323
574.64392	65.627663
574.69586	54.862965
574.7478	50
574.79968	50.247177
574.85162	67.036995
574.90356	70.949471
574.95551	53.069359
575.00745	50.030231
575.05933	56.884373
575.11127	57.977039
575.16321	58.970596
575.21515	59
575.26709	49.411179
575.31897	51.857319
575.37091	54.837994
575.42285	58.758228
575.47479	59
575.52673	55.288635
575.57861	44.864613
575.63055	51.319656
575.6825	55.634064
575.73444	57.806255
575.78638	52.619202
575.83826	44.87714
575.8902	50.194645
575.94214	51.878643
575.99408	45.8946
576.04602	48.463032
576.0979	44.698395
576.14984	49.978298
576.20178	56.933208
576.25372	58.842144
576.30566	52.31292
576.35754	50.170555
576.40948	49.176037
576.46143	57.177277
576.51337	51.698429
576.56531	45.971073
576.61719	46.59914
576.66913	49.379383
576.72107	50
576.77301	49.218586
576.82495	52.103508
576.87683	53.769695
576.92877	49.420471
576.98071	46.484604
577.03265	51.26078
577.08459	56.729843
577.13647	59.479649
577.18842	52.6576
577.24036	51.456211
577.2923	56.335064
577.34424	52.985252
577.39612	50.999996
577.44806	53.818707
577.5	56.398102
577.55194	59.771847
577.60388	60.312679
577.65576	55.231277
577.7077	53.675594
577.75964	48.643757
577.81158	51.310909
577.86353	56.63126
577.91541	58.652134
577.96735	55.123405
578.01929	52.359596
578.07123	55.175629
578.12317	60.14555
578.17505	60.12981
578.22699	59.617393
578.27893	58.164997
578.33087	60.638325
578.38281	67.803238
578.43469	59.106846
578.48663	51
578.53857	54.49757
578.59052	55.267056
578.64246	54.571701
578.69434	55.565918
578.74628	63.288311
578.79822	58.460495
578.85016	47.804363
578.9021	56.872604
578.95398	67.615051
579.00592	58.351048
579.05786	51.633106
579.1098	54
579.16174	52.453625
579.21362	56.096119
579.26556	61.504333
579.3175	53.516113
579.36945	47.959175
579.42139	47.588741
579.47327	52.676773
579.52521	56.278843
579.57715	52.357418
579.62909	57.328293
579.68103	57.701229
579.73291	56.817898
579.78485	54.508057
579.83679	47.224339
579.88873	48.509075
579.94067	53.43285
579.99255	52.719284
580.04449	50.15675
580.09644	49.832691
580.14838	51.822132
580.20032	58.275219
580.2522	59.191395
580.30414	49.000004
580.35608	50.94973
580.40802	53.231567
580.45996	53.89109
580.51184	55.881184
580.56378	52.161713
580.61572	50.449509
580.66766	48.000633
580.7196	43.925446
580.77148	53.693081
580.82343	53.976227
580.87537	51.328041
580.92731	51.322792
580.97925	54.650837
581.03113	55.039585
581.08307	57.408024
581.13501	59.570103
581.18695	47.260189
581.23889	54.906864
581.29077	50
581.34271	52.307678
581.39465	58.283184
581.44659	59
581.49854	57.635303
581.55042	51.046394
581.60236	45.369068
581.6543	53.031799
581.70624	57.516026
581.75818	59.773487
581.81006	54.452663
581.862	55.447536
581.91394	47.241711
581.96588	55.961174
582.01782	50.777287
582.06976	56.566238
582.12164	55.634804
582.17358	58.618958
582.22552	60.396877
582.27747	56.628067
582.32941	52.341553
582.38129	57.068142
582.43323	53.905453
582.48517	56.239826
582.53711	48.515102
582.58905	50.667156
582.64093	49.805706
582.69287	55.246895
582.74481	61.095451
582.79675	54.24234
582.84869	44.988338
582.90057	52.632851
582.95251	61.681984
583.00446	52.746956
583.0564	50.515034
583.10834	48.04488
583.16022	55.664448
583.21216	52.893433
583.2641	53.41975
583.31604	63.764816
583.36798	43.644066
583.41986	50.175579
583.4718	52.082512
583.52374	52.458748
583.57568	47.023705
583.62762	60.135685
583.6795	61.498917
583.73145	54.116905
583.78339	55.520893
583.83533	46.901878
583.88727	45.613663
583.93915	58.722294
583.99109	52.240742
584.04303	58.970856
584.09497	58.32502
584.14691	70.684082
584.19879	55.078056
584.25073	59.968971
584.30267	57.012444
584.35461	58.997173
584.40656	56.009125
584.45844	56
584.51038	74.761101
584.56232	65.178391
584.61426	54.241722
584.6662	54.972771
584.71808	60.811745
584.77002	60.035492
584.82196	59.040733
584.8739	57.089783
584.92584	45.601433
584.97772	66.751259
585.02966	72.702461
585.0816	62.700638
585.13354	53.610283
585.18549	64.123878
585.23737	54.849316
585.28931	55.837349
585.34125	59.653957
585.39319	60.909275
585.44513	50.150803
585.49701	57.998722
585.54895	67.061813
585.60089	54.62537
585.65283	57.432446
585.70477	55.353275
585.75665	56.756252
585.80859	46.524136
585.86053	50.212349
585.91248	55.323048
585.96442	56
586.0163	57.710754
586.06824	52.89344
586.12018	57.928848
586.17212	58.157135
586.22406	54.64893
586.27594	61.50116
586.32788	59.68261
586.37982	64.776627
586.43176	65.178886
586.4837	59.287674
586.53558	62.870296
586.58752	55.923992
586.63947	49.982571
586.69141	62.589302
586.74335	65.204742
586.79523	55.517418
586.84717	56.143417
586.89911	64.817398
586.95105	63.889503
587.00299	65.320526
587.05487	67.538788
587.10681	63.408325
587.15875	62
587.21069	69.570488
587.26263	68.235329
587.31451	66.251183
587.36646	61.537003
587.4184	73.309517
587.47034	68.441063
587.52228	67.924751
587.57416	70.454147
587.6261	63.04747
587.67804	66.469582
587.72998	69
587.78192	68.289391
587.8338	58.815536
587.88574	62.023815
587.93768	72.680939
587.98962	73.220139
588.04156	69.926376
588.09344	65.564537
588.14539	58.536179
588.19733	64.146347
588.24927	71.373734
588.30121	66.96431
588.35309	64
588.40503	58.700783
588.45697	63.899445
588.50891	58.841591
588.56085	55.30164
588.61273	62.47113
588.66467	58.927025
588.71661	46.694523
588.76855	51.521515
588.8205	64.567833
588.87238	63.354553
588.92432	64.988747
588.97626	61.805218
589.0282	62.922905
589.08014	63.555008
589.13202	57.745087
589.18396	53.187431
589.2359	59.800961
589.28784	63.212124
589.33978	57.852238
589.39166	57.355598
589.4436	58.415215
589.49554	59.742008
589.54749	69.081223
589.59943	63.527794
589.65131	56.138988
589.70325	57
589.75519	58.124874
589.80713	62.349926
589.85907	64.445145
589.91095	59.589905
589.96289	58.188587
590.01483	66.524017
590.06677	61.19825
590.11871	60.575558
590.17059	64.272636
590.22253	62.586739
590.27448	62.949173
590.32642	62
590.37836	60.964523
590.43024	70.798744
590.48218	71.807762
590.53412	65.535789
590.58606	70.518105
590.638	68.999275
590.68994	60.530949
590.74182	68.325592
590.79376	78.062988
590.8457	78.401688
590.89764	73.79847
590.94958	71.225555
591.00146	64.689255
591.05341	56.605495
591.10535	69.151573
591.15729	74.070496
591.20923	73.922531
591.26111	73.169258
591.31305	75.087852
591.36499	81.35186
591.41693	84.790688
591.46887	79.448547
591.52075	81.015091
591.57269	91.940002
591.62463	79.762817
591.67657	72.014122
591.72852	82.407104
591.7804	83.376625
591.83234	78.881134
591.88428	84.084824
591.93622	75.864937
591.98816	73.690704
592.04004	79.406441
592.09198	79.193016
592.14392	82.405991
592.19586	87.014351
592.2478	77.704384
592.29968	69.171585
592.35162	75.2584
592.40356	77.015007
592.45551	74.327187
592.50745	75.430885
592.55933	63.400658
592.61127	70.626022
592.66321	80.04493
592.71515	73.708267
592.76709	71.282349
592.81897	75.215973
592.87091	73.211395
592.92285	73.309929
592.97479	71.151062
593.02673	75.5187
593.07861	71.311638
593.13055	66.80085
593.1825	75.111572
593.23444	70.436798
593.28638	71.107605
593.33826	70.249489
593.3902	69.213127
593.44214	67.259239
593.49408	70.168808
593.54602	71.212151
593.5979	73.70401
593.64984	74.092995
593.70178	74.265411
593.75372	75.968155
593.80566	74.355705
593.85754	71.774544
593.90948	74.133926
593.96143	70.49234
594.01337	71.258247
594.06531	77.403625
594.11719	68.498711
594.16913	69.779945
594.22107	75.457504
594.27301	80.046829
594.32495	86.537323
594.37683	76.619469
594.42877	85.330627
594.48071	91.047073
594.53265	88.405289
594.58459	86.782272
594.63647	83.333702
594.68842	84.471138
594.74036	86.759758
594.7923	83.806084
594.84424	81.232849
594.89612	86.679512
594.94806	88.559563
595	84.921036
595.05194	82.845795
595.10388	82.438095
595.15576	72.576965
595.2077	85.396675
595.25964	88.416252
595.31158	84.195747
595.36353	86.801994
595.41541	80.288246
595.46735	76.985023
595.51929	72.680145
595.57123	80.093445
595.62317	80.798416
595.67505	85.058266
595.72699	82.781357
595.77893	72.546448
595.83087	76.239662
595.88281	83.105049
595.93469	85.700294
595.98663	85.207077
596.03857	85.768936
596.09052	80.383263
596.14246	89.735153
596.19434	80.190979
596.24628	74.778885
596.29822	81.361191
596.35016	88.24234
596.4021	77.007965
596.45398	84.439072
596.50592	70.715408
596.55786	80.94912
596.6098	72.897621
596.66174	67.781418
596.71362	81.611908
596.76556	87.029839
596.8175	80.314819
596.86945	83.163834
596.92139	88.944046
596.97327	80.80632
597.02521	81.981987
597.07715	84.682503
597.12909	85.633972
597.18103	87.893646
597.23291	96.22554
597.28485	93.397003
597.33679	88.809212
597.38873	87.25341
597.44067	90.528297
597.49255	83.244087
597.54449	80.727554
597.59644	86.312454
597.64838	85.52346
597.70032	84.788399
597.7522	91.395012
597.80414	92.630302
597.85608	93.279716
597.90802	88.378792
597.95996	84.82933
598.01184	98.688019
598.06378	101.07829
598.11572	97.691307
598.16766	96.708427
598.2196	92.725113
598.27148	98.562004
598.32343	103.11091
598.37537	106.28185
598.42731	89.261711
598.47925	94.377754
598.53113	93.581841
598.58307	93.689323
598.63501	97.142601
598.68695	90.87249
598.73889	92.344696
598.79077	92.074562
598.84271	92.679504
598.89465	89.359703
598.94659	86.85363
598.99854	85.608025
599.05042	84.22905
599.10236	72.610222
599.1543	91.068626
599.20624	80.901573
599.25818	84.797295
599.31006	80.629471
599.362	95.28978
599.41394	92.47506
599.46588	73.869232
599.51782	84.522972
599.56976	92.83419
599.62164	82.005157
599.67358	88.626129
599.72552	99.626747
599.77747	87.455742
599.82941	88.81073
599.88129	79.199837
599.93323	88.976997
599.98517	93.392838
600.03711	80.658897
600.08905	88.871284
600.14093	87.870522
600.19287	80.290161
600.24481	96.269196
600.29675	89.299576
600.34869	94.496223
600.40057	91.374245
600.45251	104.5953
600.50446	100.23835
600.5564	92.077515
600.60834	91.205154
600.66022	90.639687
600.71216	94.66848
600.7641	94.112007
600.81604	95.273338
600.86798	103.46583
600.91986	108.61036
600.9718	106.42451
601.02374	103.73514
601.07568	106.37375
601.12762	104.60883
601.1795	95.612
601.23145	111.28835
601.28339	104.59309
601.33533	113.72286
601.38727	109.7578
601.43915	107.68701
601.49109	113.74235
601.54303	111.76107
601.59497	114.11153
601.64691	118.0668
601.69879	123.47021
601.75073	129.93225
601.80267	114.3608
601.85461	123.26531
601.90656	126.56173
601.95844	120.48613
602.01038	127.04271
602.06232	124.90273
602.11426	116.39992
602.1662	116.13567
602.21808	124.78765
602.27002	126.33211
602.32196	117.16173
602.3739	122.60892
602.42584	128.33051
602.47772	134.42722
602.52966	126.02077
602.5816	128.11154
602.63354	125.83447
602.68549	117.46304
602.73737	126.12012
602.78931	115.38798
602.84125	114.96609
602.89319	121.7036
602.94513	128.5851
602.99701	104.42984
603.04895	103.20726
603.10089	113.08447
603.15283	119.63705
603.20477	118.90701
603.25665	111.71561
603.30859	113.45923
603.36053	116.00869
603.41248	105.83173
603.46442	107.26295
603.5163	114.13702
603.56824	109.53286
603.62018	115.57774
603.67212	119.37322
603.72406	112.61138
603.77594	112.43167
603.82788	118.26488
603.87982	102.74569
603.93176	103.10934
603.9837	103.66957
604.03558	100.54018
604.08752	102.3968
604.13947	107.37878
604.19141	111.4053
604.24335	109.34833
604.29523	109.9588
604.34717	102.89382
604.39911	114.2216
604.45105	120.06079
604.50299	110.74852
604.55487	108.58041
604.60681	105.82171
604.65875	106.00663
604.71069	115.94292
604.76263	124.16878
604.81451	115.91943
604.86646	118.35692
604.9184	119.556
604.97034	118.81397
605.02228	119.06258
605.07416	116.41544
605.1261	127.9967
605.17804	136.3356
605.22998	131.54491
605.28192	129.93896
605.3338	139.45268
605.38574	140.97388
605.43768	142.48578
605.48962	140.14183
605.54156	144.27069
605.59344	142.14146
605.64539	149.94595
605.69733	156.97165
605.74927	144.86494
605.80121	145.38771
605.85309	144.78543
605.90503	151.20052
605.95697	152.88077
606.00891	149.02301
606.06085	150.59392
606.11273	144.24104
606.16467	153.16193
606.21661	159.02466
606.26855	161.86534
606.3205	160.87714
606.37238	152.25404
606.42432	153.2487
606.47626	149.43663
606.5282	155.32935
606.58014	146.30243
606.63202	156.22484
606.68396	160.91805
606.7359	140.16133
606.78784	153.70236
606.83978	155.9164
606.89166	142.17545
606.9436	152.12285
606.99554	158.65372
607.04749	143.27095
607.09943	138.79465
607.15131	151.49802
607.20325	155.92706
607.25519	146.60583
607.30713	142.0152
607.35907	138.32124
607.41095	149.51091
607.46289	142.7563
607.51483	139.48647
607.56677	139.40082
607.61871	140.43948
607.67059	136.40251
607.72253	137.31871
607.77448	141.49803
607.82642	144.03131
607.87836	141.39201
607.93024	143.0287
607.98218	142.10428
608.03412	141.17743
608.08606	139.02873
608.138	138.86371
608.18994	142.49872
608.24182	139.63387
608.29376	129.93491
608.3457	142.09996
608.39764	141.89235
608.44958	142.74571
608.50146	141.53583
608.55341	128.93727
608.60535	129.23729
608.65729	142.66661
608.70923	148.65665
608.76111	152.63559
608.81305	146.38106
608.86499	151.0419
608.91693	143.36723
608.96887	119.87777
609.02075	156.83116
609.07269	149.8972
609.12463	153.26781
609.17657	146.06116
609.22852	145.59821
609.2804	143.53857
609.33234	145.76195
609.38428	132.8576
609.43622	157.23088
609.48816	148.89374
609.54004	144.44009
609.59198	156.28123
609.64392	141.35167
609.69586	150.64734
609.7478	151.93964
609.79968	161.11639
609.85162	171.09697
609.90356	155.03812
609.95551	138.57193
610.00745	153.13196
610.05933	151.3015
610.11127	148.61273
610.16321	152.31731
610.21515	154.37317
610.26709	166.88538
610.31897	153.33971
610.37091	152.23045
610.42285	139.6492
610.47479	160.77827
610.52673	141.75243
610.57861	139.82001
610.63055	142.88751
610.6825	149.7188
610.73444	143.02557
610.78638	150.20576
610.83826	145.61966
610.8902	139.49051
610.94214	157.96719
610.99408	147.77135
611.04602	160.3275
611.0979	152.51353
611.14984	158.63271
611.20178	161.3309
611.25372	137.45004
611.30566	163.76056
611.35754	184.47237
611.40948	157.98679
611.46143	144.5932
611.51337	168.3214
611.56531	141.25665
611.61719	163.41394
611.66913	156.94641
611.72107	161.11072
611.77301	160.30296
611.82495	153.78252
611.87683	164.91649
611.92877	155.61047
611.98071	144.77943
612.03265	158.3412
612.08459	155.49658
612.13647	162.45201
612.18842	160.94786
612.24036	168.47336
612.2923	170.46056
612.34424	155.80235
612.39612	158.31146
612.44806	143.55238
612.5	164.92987
612.55194	181.62016
612.60388	197.94386
612.65576	169.53223
612.7077	174.10663
612.75964	170.65416
612.81158	198.53525
612.86353	178.40266
612.91541	198.01305
612.96735	170.65729
613.01929	180.894
613.07123	186.34946
613.12317	179.76985
613.17505	174.89005
613.22699	207.24146
613.27893	189.54745
613.33087	180.03799
613.38281	197.66647
613.43469	193.79758
613.48663	200.07321
613.53857	189.54257
613.59052	211.74443
613.64246	206.23386
613.69434	218.12039
613.74628	179.021
613.79822	199.09898
613.85016	192.59395
613.9021	200.51761
613.95398	208.03714
614.00592	215.02356
614.05786	205.70729
614.1098	215.12517
614.16174	210.17598
614.21362	184.31947
614.26556	198.66216
614.3175	186.76616
614.36945	185.68712
614.42139	199.46553
614.47327	205.35927
614.52521	180.05118
614.57715	184.18597
614.62909	176.8443
614.68103	184.13399
614.73291	182.68567
614.78485	184.47751
614.83679	186.64771
614.88873	199.33118
614.94067	180.69716
614.99255	171.91325
615.04449	179.9713
615.09644	185.25137
615.14838	173.83733
615.20032	158.05492
615.2522	147.7429
615.30414	163.69547
615.35608	176.8282
615.40802	172.59372
615.45996	176.58649
615.51184	173.22366
615.56378	189.47414
615.61572	185.28249
615.66766	172.73264
615.7196	174.72665
615.77148	189.36192
615.82343	170.25766
615.87537	176.51906
615.92731	178.44051
615.97925	179.55542
616.03113	156.72194
616.08307	180.96634
616.13501	179.95905
616.18695	187.78845
616.23889	176.40942
616.29077	185.78575
616.34271	178.53853
616.39465	191.77106
616.44659	208.40816
616.49854	177.85555
616.55042	185.16772
616.60236	192.51042
616.6543	177.17789
616.70624	196.05301
616.75818	194.263
616.81006	180.543
616.862	186.68697
616.91394	198.92049
616.96588	210.15756
617.01782	208.56108
617.06976	212.90433
617.12164	225.30771
617.17358	215.04474
617.22552	210.73271
617.27747	201.49788
617.32941	225.7079
617.38129	217.08818
617.43323	211.4512
617.48517	211.27533
617.53711	203.76781
617.58905	205.32866
617.64093	222.11296
617.69287	227.28212
617.74481	224.85167
617.79675	221.85699
617.84869	230.26323
617.90057	235.42155
617.95251	233.873
618.00446	224.50334
618.0564	239.37213
618.10834	229.37892
618.16022	219.18774
618.21216	232.72705
618.2641	233.40392
618.31604	261.73636
618.36798	241.53777
618.41986	253.4234
618.4718	248.35419
618.52374	233.39023
618.57568	245.88913
618.62762	261.27301
618.6795	266.37527
618.73145	251.22516
618.78339	248.79422
618.83533	238.69733
618.88727	222.09273
618.93915	222.43942
618.99109	237.89998
619.04303	218.9308
619.09497	227.94882
619.14691	229.9026
619.19879	210.51208
619.25073	218.44704
619.30267	228.01186
619.35461	217.62309
619.40656	203.99057
619.45844	211.99623
619.51038	212.67943
619.56232	221.276
619.61426	217.72789
619.6662	216.96548
619.71808	221.63965
619.77002	217.07321
619.82196	215.31351
619.8739	214.68851
619.92584	215.30875
619.97772	210.77309
620.02966	206.04402
620.0816	208.90588
620.13354	219.44496
620.18549	227.24298
620.23737	235.47231
620.28931	236.41513
620.34125	224.6824
620.39319	209.9864
620.44513	210.78223
620.49701	230.03612
620.54895	217.237
620.60089	208.83437
620.65283	239.69682
620.70477	242.62978
620.75665	220.37032
620.80859	215.80833
620.86053	224.97058
620.91248	225.83829
620.96442	227.78783
621.0163	233.77977
621.06824	225.93726
621.12018	219.37169
621.17212	233.42046
621.22406	240.12221
621.27594	242.12665
621.32788	243.37601
621.37982	251.0983
621.43176	250.39893
621.4837	247.62102
621.53558	245.52017
621.58752	242.14194
621.63947	257.70624
621.69141	276.64386
621.74335	282.61636
621.79523	266.37445
621.84717	259.07217
621.89911	266.52039
621.95105	268.77444
622.00299	277.79471
622.05487	264.42993
622.10681	272.74826
622.15875	264.67868
622.21069	263.17154
622.26263	271
622.31451	272.21472
622.36646	268.75763
622.4184	278.70465
622.47034	285.79123
622.52228	275.94336
622.57416	259.74609
622.6261	252.39743
622.67804	262.23337
622.72998	262.99347
622.78192	277.58694
622.8338	291.19794
622.88574	275.24564
622.93768	266.98883
622.98962	279.15173
623.04156	271.08609
623.09344	263.97977
623.14539	268.97675
623.19733	273.97372
623.24927	271.24689
623.30121	274.5289
623.35309	276.03534
623.40503	255.63786
623.45697	261.34338
623.50891	253.90198
623.56085	250.62924
623.61273	249.15135
623.66467	236.51764
623.71661	252.01582
623.76855	264.82382
623.8205	261.06253
623.87238	244.91469
623.92432	233.24115
623.97626	241.37086
624.0282	241.56418
624.08014	246.93599
624.13202	249.90813
624.18396	235.89569
624.2359	243.76349
624.28784	270.16394
624.33978	249.5383
624.39166	242.71454
624.4436	250.51151
624.49554	239.85907
624.54749	256.0925
624.59943	250.51123
624.65131	230.3586
624.70325	257.71716
624.75519	261.45132
624.80713	247.42047
624.85907	249.89465
624.91095	242.08553
624.96289	238.90514
625.01483	248.03419
625.06677	248.50116
625.11871	240.54353
625.17059	248.87944
625.22253	243.05492
625.27448	250.25154
625.32642	262.35526
625.37836	259.96115
625.43024	263.19791
625.48218	267.6275
625.53412	268.99011
625.58606	248.69672
625.638	245.79442
625.68994	267.9874
625.74182	261.02478
625.79376	257.98022
625.8457	281.30667
625.89764	280.16217
625.94958	262.30173
626.00146	260.40417
626.05341	266.30304
626.10535	283.85956
626.15729	278.84164
626.20923	275.65152
626.26111	279.97266
626.31305	285.03177
626.36499	290.80634
626.41693	292.57928
626.46887	287.02161
626.52075	293.84372
626.57269	280.53903
626.62463	273.14258
626.67657	287.04428
626.72852	292.03442
626.7804	294.07196
626.83234	291.30444
626.88428	282.08121
626.93622	276.95804
626.98816	281.04022
627.04004	289.69382
627.09198	289.83447
627.14392	294.34909
627.19586	292.28192
627.2478	281.48843
627.29968	279.87085
627.35162	283.87482
627.40356	299.39624
627.45551	288.72568
627.50745	265.64471
627.55933	256.15262
627.61127	275.45712
627.66321	294.3942
627.71515	289.06516
627.76709	288.75656
627.81897	281.66101
627.87091	276.90671
627.92285	286.86649
627.97479	274.73773
628.02673	273.6246
628.07861	288.11392
628.13055	286.65634
628.1825	281.14178
628.23444	280.2283
628.28638	270.5705
628.33826	275.59128
628.3902	292.96063
628.44214	283.36588
628.49408	281.42484
628.54602	283.27805
628.5979	266.72015
628.64984	276.89044
628.70178	291.34042
628.75372	301.69656
628.80566	286.90033
628.85754	277.61029
628.90948	269.6268
628.96143	288.28308
629.01337	292.4982
629.06531	274.29349
629.11719	270.71588
629.16913	289.25775
629.22107	263.70895
629.27301	267.98132
629.32495	295.70285
629.37683	292.01941
629.42877	288.94003
629.48071	280.55167
629.53265	285.04907
629.58459	300.7486
629.63647	300.44269
629.68842	299.73508
629.74036	313.15247
629.7923	304.55823
629.84424	292.08615
629.89612	288.95291
629.94806	295.43964
630	285.18073
630.05194	287.4783
630.10388	315.56091
630.15576	333.63681
630.2077	323.3316
630.25964	312.09457
630.31158	300.65198
630.36353	310.03949
630.41541	322.29196
630.46735	324.38089
630.51929	323.04755
630.57123	334.63895
630.62317	331.15735
630.67505	312.70761
630.72699	330.36639
630.77893	332.20328
630.83087	330.20633
630.88281	321.80475
630.93469	306.60446
630.98663	327.6936
631.03857	339.83957
631.09052	330.83954
631.14246	334.2002
631.19434	326.22406
631.24628	328.31033
631.29822	320.2377
631.35016	317.3364
631.4021	324.42773
631.45398	328.90457
631.50592	328.29056
631.55786	318.69473
631.6098	313.97186
631.66174	318.70541
631.71362	327.13348
631.76556	332.94327
631.8175	326.73358
631.86945	311.73999
631.92139	305.88226
631.97327	317.47824
632.02521	315.07779
632.07715	330.6171
632.12909	321.03561
632.18103	319.98178
632.23291	314.83704
632.28485	309.88892
632.33679	299.86203
632.38873	308.60553
632.44067	309.73602
632.49255	326.16312
632.54449	317.25674
632.59644	305.38724
632.64838	290.2363
632.70032	293.97018
632.7522	297.90497
632.80414	298.03128
632.85608	315.33551
632.90802	313.53201
632.95996	294.41998
633.01184	288.92157
633.06378	279.39655
633.11572	296.53806
633.16766	302.05475
633.2196	292.59488
633.27148	286.04047
633.32343	282.9592
633.37537	288.84573
633.42731	311.7088
633.47925	305.92963
633.53113	293.91251
633.58307	295.47281
633.63501	293.24854
633.68695	295.66446
633.73889	290.21997
633.79077	297.16199
633.84271	304.7327
633.89465	298.25629
633.94659	293.79294
633.99854	290.37219
634.05042	295.32697
634.10236	290.88547
634.1543	292.18359
634.20624	291.93002
634.25818	289.60397
634.31006	292.98187
634.362	298.99518
634.41394	291.65018
634.46588	305.69073
634.51782	302.237
634.56976	307.42889
634.62164	297.82999
634.67358	295.50101
634.72552	293.67709
634.77747	306.22403
634.82941	314.59598
634.88129	318.2858
634.93323	298.46295
634.98517	296.92471
635.03711	316.68362
635.08905	327.82617
635.14093	331.60553
635.19287	318.53012
635.24481	305.29205
635.29675	316.09
635.34869	322.1344
635.40057	321.8934
635.45251	327.55533
635.50446	340.73026
635.5564	337.8804
635.60834	330.61118
635.66022	346.8981
635.71216	344.14688
635.7641	326.86206
635.81604	335.23355
635.86798	336.30664
635.91986	343.53238
635.9718	342.30981
636.02374	339.52213
636.07568	353.22134
636.12762	345.86823
636.1795	353.50754
636.23145	355.14569
636.28339	338.77899
636.33533	337.49197
636.38727	342.52142
636.43915	351.30627
636.49109	351.73624
636.54303	342.43134
636.59497	362.14771
636.64691	348.25839
636.69879	347.13568
636.75073	370.10501
636.80267	364.08441
636.85461	367.42996
636.90656	363.67438
636.95844	359.65192
637.01038	365.05685
637.06232	358.30756
637.11426	353.54871
637.1662	348.96643
637.21808	355.78162
637.27002	370.02118
637.32196	374.82742
637.3739	364.33636
637.42584	378.69376
637.47772	357.18994
637.52966	363.29074
637.5816	374.55624
637.63354	373.52304
637.68549	365.44528
637.73737	360.19778
637.78931	364.89801
637.84125	358.49478
637.89319	355.46167
637.94513	359.88324
637.99701	343.15137
638.04895	364.12836
638.10089	351.58698
638.15283	356.48575
638.20477	356.09546
638.25665	349.51813
638.30859	347.61609
638.36053	338.27768
638.41248	355.3739
638.46442	338.88336
638.5163	359.45184
638.56824	359.81277
638.62018	359.754
638.67212	365.0257
638.72406	347.82062
638.77594	355.40909
638.82788	358.30432
638.87982	351.59921
638.93176	354.24728
638.9837	362.92776
639.03558	364.24585
639.08752	350.04056
639.13947	332.28564
639.19141	328.42245
639.24335	343.95633
639.29523	367.09094
639.34717	334.06549
639.39911	347.0567
639.45105	349.95233
639.50299	340.68195
639.55487	353.51407
639.60681	359.00049
639.65875	349.92038
639.71069	360.3486
639.76263	351.15622
639.81451	347.12003
639.86646	341.724
639.9184	345.40402
639.97034	342.06696
640.02228	351.01865
640.07416	353.92392
640.1261	348.81204
640.17804	350.98981
640.22998	353.16458
640.28192	361.0528
640.3338	370.99316
640.38574	365.24579
640.43768	350.13348
640.48962	351.88193
640.54156	345.78625
640.59344	364.08322
640.64539	367.10605
640.69733	357.64536
640.74927	345.62167
640.80121	345.04828
640.85309	350.80124
640.90503	345.64627
640.95697	363.02155
641.00891	364.05103
641.06085	365.96494
641.11273	359.75659
641.16467	352.61807
641.21661	353.80118
641.26855	353.0531
641.3205	375.64233
641.37238	372.17239
641.42432	356.45819
641.47626	352.34137
641.5282	341.7196
641.58014	368.55148
641.63202	378.47714
641.68396	380.32147
641.7359	363.71942
641.78784	356.09906
641.83978	349.64401
641.89166	370.70441
641.9436	374.48251
641.99554	362.85913
642.04749	364.42859
642.09943	378.93747
642.15131	374.85562
642.20325	366.64713
642.25519	370.08383
642.30713	373.65747
642.35907	367.19199
642.41095	354.50232
642.46289	351.77396
642.51483	341.47638
642.56677	361.89191
642.61871	362.19275
642.67059	371.52292
642.72253	378.82703
642.77448	380.83093
642.82642	347.77203
642.87836	334.08276
642.93024	363.15073
642.98218	354.04395
643.03412	347.39249
643.08606	361.63757
643.138	361.12778
643.18994	382.94449
643.24182	359.45923
643.29376	380.05692
643.3457	397.13629
643.39764	371.78589
643.44958	367.53333
643.50146	372.26053
643.55341	374.14008
643.60535	362.74457
643.65729	382.87146
643.70923	377.05768
643.76111	379.05017
643.81305	395.88898
643.86499	408.36639
643.91693	383.88354
643.96887	371.09042
644.02075	358.66052
644.07269	365.24445
644.12463	386.36902
644.17657	389.98132
644.22852	386.95721
644.2804	378.0423
644.33234	359.8963
644.38428	372.49744
644.43622	388.15396
644.48816	400.47064
644.54004	387.9855
644.59198	346.62592
644.64392	356.76556
644.69586	377.1947
644.7478	386.82004
644.79968	401.34131
644.85162	401.22086
644.90356	413.72321
644.95551	410.76874
645.00745	402.81882
645.05933	396.75314
645.11127	403.1272
645.16321	412.67139
645.21515	403.25916
645.26709	408.11017
645.31897	403.26917
645.37091	402.01895
645.42285	428.76706
645.47479	428.70282
645.52673	414.30884
645.57861	411.90857
645.63055	418.40936
645.6825	390.75876
645.73444	389.43073
645.78638	414.60043
645.83826	392.42386
645.8902	421.20779
645.94214	419.8028
645.99408	392.76736
646.04602	387.60199
646.0979	379.28305
646.14984	414.59885
646.20178	413.50513
646.25372	423.96558
646.30566	411.57999
646.35754	408.98962
646.40948	422.81909
646.46143	428.68619
646.51337	433.65875
646.56531	441.9057
646.61719	434.8931
646.66913	434.89087
646.72107	418.71686
646.77301	408.71011
646.82495	430.53406
646.87683	446.54276
646.92877	432.21582
646.98071	425.83871
647.03265	415.36667
647.08459	385.33325
647.13647	406.28964
647.18842	409.9689
647.24036	418.79456
647.2923	421.96689
647.34424	400.30344
647.39612	404.63217
647.44806	409.63507
647.5	420.862
647.55194	424.51538
647.60388	412.19614
647.65576	430.40765
647.7077	410.02057
647.75964	415.6203
647.81158	426.66547
647.86353	404.67151
647.91541	412.00943
647.96735	404.56729
648.01929	383.68414
648.07123	402.52039
648.12317	429.95468
648.17505	417.88507
648.22699	420.97278
648.27893	442.15094
648.33087	427.68521
648.38281	429.3436
648.43469	430.34494
648.48663	416.48898
648.53857	397.66199
648.59052	411.91309
648.64246	409.39355
648.69434	414.79498
648.74628	420
648.79822	417.53812
648.85016	411.94092
648.9021	412.12411
648.95398	413.86792
649.00592	403.94223
649.05786	401.22638
649.1098	411.3429
649.16174	411.62161
649.21362	407.89035
649.26556	387.73914
649.3175	416.71741
649.36945	418.0863
649.42139	411.84317
649.47327	418.33801
649.52521	411.2641
649.57715	413.32339
649.62909	420.85135
649.68103	431.4317
649.73291	437.66589
649.78485	429.24341
649.83679	437.12408
649.88873	442.11667
649.94067	417.45566
649.99255	397.91751
650.04449	430.46494
650.09644	439.85608
650.14838	444.51202
650.20032	441.54749
650.2522	412.67773
650.30414	410.67831
650.35608	429.49579
650.40802	449.79929
650.45996	466.74072
650.51184	442.85364
650.56378	434.00992
650.61572	434.23618
650.66766	407.97028
650.7196	418.77969
650.77148	433.18826
650.82343	438.38461
650.87537	430
650.92731	431.61649
650.97925	439.67239
651.03113	439.04773
651.08307	431.31271
651.13501	435.30621
651.18695	429.58832
651.23889	419.09418
651.29077	430.28406
651.34271	443.52289
651.39465	427.46573
651.44659	449
651.49854	455.7439
651.55042	469.22745
651.60236	463.55701
651.6543	433.95636
651.70624	428.67407
651.75818	450.43253
651.81006	459.73895
651.862	459.07898
651.91394	461.7265
651.96588	477
652.01782	471.30841
652.06976	465.75827
652.12164	456.0845
652.17358	466.23224
652.22552	479.70926
652.27747	463.63882
652.32941	458.84134
652.38129	447.83401
652.43323	467.76563
652.48517	485.89258
652.53711	478.09659
652.58905	467.95447
652.64093	461.69455
652.69287	482.99786
652.74481	493.69818
652.79675	461.93768
652.84869	484.66272
652.90057	506.88956
652.95251	482.77032
653.00446	477.73425
653.0564	495.48996
653.10834	494.60373
653.16022	494.3877
653.21216	489.96408
653.2641	497.53574
653.31604	502.67065
653.36798	485.88522
653.41986	494.17896
653.4718	474.25034
653.52374	476.49051
653.57568	490.95468
653.62762	485.35004
653.6795	468.97418
653.73145	461.15366
653.78339	481.36774
653.83533	491.19391
653.88727	498.58304
653.93915	495.4393
653.99109	496.2991
654.04303	505.19888
654.09497	496.08414
654.14691	492.47473
654.19879	488.95135
654.25073	479.54993
654.30267	478.06232
654.35461	495.51984
654.40656	489.0802
654.45844	480.65442
654.51038	492.21796
654.56232	483.78311
654.61426	451.7742
654.6662	486.63672
654.71808	505.2243
654.77002	476.14951
654.82196	493.80011
654.8739	495.2554
654.92584	495.71143
654.97772	495.85822
655.02966	499.73248
655.0816	488.07852
655.13354	484.72104
655.18549	490.07336
655.23737	499.79053
655.28931	484.29742
655.34125	474.01855
655.39319	495.25601
655.44513	484.61603
655.49701	478.98077
655.54895	479.37415
655.60089	493.28531
655.65283	498.37665
655.70477	473.10608
655.75665	480.22009
655.80859	505.02631
655.86053	498.82599
655.91248	508.48474
655.96442	503.0397
656.0163	482.9325
656.06824	481.39761
656.12018	510.2485
656.17212	496.61737
656.22406	489.15848
656.27594	515.65369
656.32788	506.42639
656.37982	501.50793
656.43176	515.10541
656.4837	491.20581
656.53558	500.99075
656.58752	515.63165
656.63947	510.71664
656.69141	519.58093
656.74335	505.29456
656.79523	508.87585
656.84717	488.14877
656.89911	482.87039
656.95105	518.51617
657.00299	509.77579
657.05487	497.84225
657.10681	501.69345
657.15875	500.63434
657.21069	502.97711
657.26263	524.54108
657.31451	512.05853
657.36646	501.64398
657.4184	491.01071
657.47034	486.37198
657.52228	487.58969
657.57416	494.63785
657.6261	511.59238
657.67804	513.69971
657.72998	498.38696
657.78192	504.55185
657.8338	484.04529
657.88574	497.98395
657.93768	511.5191
657.98962	524.27264
658.04156	518.27423
658.09344	504.17548
658.14539	513.3905
658.19733	511.8063
658.24927	495.10666
658.30121	490.82285
658.35309	508.03204
658.40503	559.07166
658.45697	534.38806
658.50891	533.74451
658.56085	545.23718
658.61273	542.25385
658.66467	540.31287
658.71661	521.78625
658.76855	506.72339
658.8205	512.72791
658.87238	499.69351
658.92432	510.91043
658.97626	493.34464
659.0282	491.71991
659.08014	507.88431
659.13202	515.45624
659.18396	522.28479
659.2359	525.36084
659.28784	521.62219
659.33978	498.54089
659.39166	503.40079
659.4436	527.80713
659.49554	541.21649
659.54749	502.91141
659.59943	488.9682
659.65131	488.54224
659.70325	508.05029
659.75519	517.34766
659.80713	496.06738
659.85907	527.08112
659.91095	517.27399
659.96289	522.3725
660.01483	513.51984
660.06677	506.12415
660.11871	490.35846
660.17059	489.30176
660.22253	513.16895
660.27448	512.00977
660.32642	519.98322
660.37836	508.75146
660.43024	506.07492
660.48218	488.8074
660.53412	510.44962
660.58606	518.87537
660.638	496.43378
660.68994	523.93994
660.74182	499.48358
660.79376	489.12793
660.8457	485.75122
660.89764	510.65451
660.94958	514.1026
661.00146	548.30231
661.05341	513.32349
661.10535	508.74402
661.15729	507.19162
661.20923	530.6626
661.26111	523.8595
661.31305	507.35254
661.36499	515.09924
661.41693	512.57922
661.46887	519.25854
661.52075	531.70532
661.57269	527.16241
661.62463	505.64734
661.67657	526.60718
661.72852	549.57953
661.7804	512.67261
661.83234	499.19473
661.88428	526.85162
661.93622	528.12372
661.98816	519.26172
662.04004	522.58124
662.09198	525.82349
662.14392	537.04419
662.19586	554.41681
662.2478	502.76819
662.29968	535.62421
662.35162	537.36273
662.40356	532.62231
662.45551	539.11578
662.50745	516.95416
662.55933	525.50702
662.61127	530.88855
662.66321	521.85913
662.71515	533.95636
662.76709	560.91724
662.81897	550.8288
662.87091	543.12042
662.92285	532.66968
662.97479	512.33008
663.02673	533.48853
663.07861	526.32831
663.13055	536.9057
663.1825	538.94135
663.23444	519.32831
663.28638	528.01074
663.33826	527.42236
663.3902	543.91992
663.44214	556.73737
663.49408	550.16626
663.54602	570.32294
663.5979	562.47009
663.64984	533.45294
663.70178	523.16895
663.75372	546.25342
663.80566	554.1048
663.85754	542.84106
663.90948	554.25775
663.96143	564.3045
664.01337	562.85156
664.06531	543.40527
664.11719	539.21814
664.16913	539.89673
664.22107	559.83716
664.27301	531.33685
664.32495	541.67102
664.37683	545.1698
664.42877	553.71112
664.48071	571.34161
664.53265	535.33466
664.58459	544.81555
664.63647	567.46118
664.68842	541.81854
664.74036	560.35754
664.7923	571.28137
664.84424	530.96716
664.89612	540.00903
664.94806	546.19684
665	571.77246
665.05194	572.70099
665.10388	524.0058
665.15576	535.38409
665.2077	559.0556
665.25964	527.70404
665.31158	529.37982
665.36353	544.03815
665.41541	558.4043
665.46735	542.90405
665.51929	539.99963
665.57123	548.56158
665.62317	530.22723
665.67505	534.54041
665.72699	524.24976
665.77893	534.63129
665.83087	537.20081
665.88281	550.49963
665.93469	545.23712
665.98663	520.54382
666.03857	518.7406
666.09052	514.29456
666.14246	540.53949
666.19434	559.85541
666.24628	535.97418
666.29822	528.3078
666.35016	541.10345
666.4021	527.31366
666.45398	519.51642
666.50592	539.52222
666.55786	536.49432
666.6098	519.68011
666.66174	536.21729
666.71362	527.32227
666.76556	544.40259
666.8175	558.13123
666.86945	559.7951
666.92139	544.19464
666.97327	526.87946
667.02521	524.75671
667.07715	541.7597
667.12909	556.48871
667.18103	540.72693
667.23291	537.43176
667.28485	537.19495
667.33679	526.49634
667.38873	539.57605
667.44067	555.02356
667.49255	555.72888
667.54449	534.50854
667.59644	559.13574
667.64838	563.86755
667.70032	548.36768
667.7522	552.63409
667.80414	543.89532
667.85608	537.81042
667.90802	526.75244
667.95996	543.86554
668.01184	533.20087
668.06378	539.88794
668.11572	538.00232
668.16766	530.1076
668.2196	537.49677
668.27148	532.84033
668.32343	561.52612
668.37537	561.18402
668.42731	553.59619
668.47925	541.87677
668.53113	534.62329
668.58307	543.29022
668.63501	552.81763
668.68695	560.97253
668.73889	549.28497
668.79077	565.1665
668.84271	556.99457
668.89465	541.40997
668.94659	553.00677
668.99854	537.11676
669.05042	540.99469
669.10236	549.17084
669.1543	542.16412
669.20624	552.58252
669.25818	540.21008
669.31006	537.047
669.362	535.87488
669.41394	556.78906
669.46588	552.95837
669.51782	531.53522
669.56976	545.58899
669.62164	552.60504
669.67358	544.1759
669.72552	543.58728
669.77747	547.67242
669.82941	551.70477
669.88129	560.09503
669.93323	553.93408
669.98517	545.21033
670.03711	546.68842
670.08905	558.16553
670.14093	563.12061
670.19287	562.38806
670.24481	554.60822
670.29675	549.49939
670.34869	557.36151
670.40057	538.83258
670.45251	550.35895
670.50446	557.4201
670.5564	566.86536
670.60834	572.94098
670.66022	565.39752
670.71216	556.31891
670.7641	540.56396
670.81604	541.77173
670.86798	555.06647
670.91986	540.60217
670.9718	533.29919
671.02374	559.1629
671.07568	555.02936
671.12762	561.06769
671.1795	559.90717
671.23145	536.49243
671.28339	532.43341
671.33533	534.93243
671.38727	548.33148
671.43915	568.87354
671.49109	547.06445
671.54303	541.36078
671.59497	563.89264
671.64691	559.83453
671.69879	548.42133
671.75073	553.50061
671.80267	584.10291
671.85461	567.92657
671.90656	541.74268
671.95844	539.40216
672.01038	543.30328
672.06232	548.9126
672.11426	548.04932
672.1662	550.66425
672.21808	563.45941
672.27002	572.0907
672.32196	560.68054
672.3739	568.80377
672.42584	564.46173
672.47772	540.39001
672.52966	551.39093
672.5816	583.8515
672.63354	586.70508
672.68549	579.91907
672.73737	552.54541
672.78931	533.13037
672.84125	543.89532
672.89319	557.19208
672.94513	565.03009
672.99701	565.93195
673.04895	568.21948
673.10089	535.50763
673.15283	529.17249
673.20477	567.5686
673.25665	533.0116
673.30859	529.64606
673.36053	554.33313
673.41248	561.91193
673.46442	551.67126
673.5163	567.28192
673.56824	567.4726
673.62018	563.29144
673.67212	564.28149
673.72406	543.63074
673.77594	533.54553
673.82788	565.51373
673.87982	566.45343
673.93176	581.52582
673.9837	582.04218
674.03558	572.76971
674.08752	561.1084
674.13947	548.74255
674.19141	551.45856
674.24335	560.63269
674.29523	566.28943
674.34717	570.80804
674.39911	548.52179
674.45105	551.03406
674.50299	572.40552
674.55487	585.58618
674.60681	562.10095
674.65875	543.86566
674.71069	533.41125
674.76263	572.51031
674.81451	564.21167
674.86646	576.84686
674.9184	593.55634
674.97034	574.00403
675.02228	563.51318
675.07416	534.92584
675.1261	559.48663
675.17804	567.67383
675.22998	574.99329
675.28192	551.58527
675.3338	551.07605
675.38574	551.3457
675.43768	542.97394
675.48962	578.49274
675.54156	591.3645
675.59344	605.22186
675.64539	587.61847
675.69733	592.40704
675.74927	580.59961
675.80121	576.49329
675.85309	580.07245
675.90503	561.03467
675.95697	585.13599
676.00891	602.74249
676.06085	584.59167
676.11273	560.97168
676.16467	580.8678
676.21661	584.52985
676.26855	555.28955
676.3205	547.69464
676.37238	556.06683
676.42432	593.18695
676.47626	566.42041
676.5282	534.10944
676.58014	557.33209
676.63202	541.75354
676.68396	547.64948
676.7359	559.54498
676.78784	589.18292
676.83978	589.23938
676.89166	571.43622
676.9436	536.21875
676.99554	561.36328
677.04749	594.69525
677.09943	563.40088
677.15131	566.42291
677.20325	570.01965
677.25519	551.80115
677.30713	569.27032
677.35907	584.8761
677.41095	571.97455
677.46289	624.03699
677.51483	621.90216
677.56677	600.70514
677.61871	567.13782
677.67059	559.67578
677.72253	545.41864
677.77448	564.71149
677.82642	545.47882
677.87836	568.28735
677.93024	590.78131
677.98218	572.07684
678.03412	575.76416
678.08606	564.5166
678.138	565.92212
678.18994	565.03479
678.24182	550.46051
678.29376	561.68097
678.3457	563.95508
678.39764	571.85315
678.44958	601.57281
678.50146	539.63788
678.55341	532.04205
678.60535	571.92426
678.65729	585.9267
678.70923	553.15839
678.76111	578.39716
678.81305	614.65979
678.86499	525.06494
678.91693	579.79169
678.96887	528.37677
679.02075	542.1864
679.07269	548.29059
679.12463	557.69849
679.17657	595.50488
679.22852	544.48224
679.2804	592.89441
679.33234	587.18317
679.38428	525.99036
679.43622	554.93896
679.48816	538.521
679.54004	521.75812
679.59198	555.05499
679.64392	546.26678
679.69586	568.26984
679.7478	536.31256
679.79968	503.27811
679.85162	536.03192
679.90356	553.1543
679.95551	548.4162
680.00745	571.30829
680.05933	586.86462
680.11127	514.34375
680.16321	532.27618
680.21515	540.7345
680.26709	528.87073
680.31897	476.15195
680.37091	544.1463
680.42285	548.15857
680.47479	561.04938
680.52673	536.23749
680.57861	548.32788
680.63055	545.45728
680.6825	524.9068
680.73444	535.95441
680.78638	546.2793
680.83826	553.49677
680.8902	553.65839
680.94214	537.0105
680.99408	574.38855
681.04602	544.98419
681.0979	493.93198
681.14984	520.64532
681.20178	524.09741
681.25372	532.26587
681.30566	543.56641
681.35754	527.78925
681.40948	523.29474
681.46143	552.26996
681.51337	542.31976
681.56531	525.07324
681.61719	543.77417
681.66913	539.17566
681.72107	515.45319
681.77301	519.04193
681.82495	545.64526
681.87683	514.56891
681.92877	555.17822
681.98071	567.2547
682.03265	521.30286
682.08459	520.17676
682.13647	554.18054
682.18842	550.32306
682.24036	557.09283
682.2923	537.91382
682.34424	536.91345
682.39612	492.95435
682.44806	513.05682
682.5	514.0304
682.55194	490.1828
682.60388	497.89505
682.65576	508.22821
682.7077	513.10577
682.75964	496.10516
682.81158	523.95386
682.86353	521.3927
682.91541	532.43671
682.96735	531.94037
683.01929	538.70038
683.07123	527.64203
683.12317	527.81714
683.17505	531.10474
683.22699	533.32715
683.27893	556.8269
683.33087	551.51172
683.38281	550.07245
683.43469	547.50531
683.48663	514.43689
683.53857	524.27228
683.59052	526.16956
683.64246	525.30353
683.69434	527.5639
683.74628	522.79218
683.79822	518.95856
683.85016	512.94037
683.9021	526.39325
683.95398	522.70862
684.00592	517.46777
684.05786	521.47278
684.1098	524.49988
684.16174	547.73236
684.21362	534.77789
684.26556	519.05188
684.3175	518.80469
684.36945	482.4715
684.42139	487.39368
684.47327	513.36975
684.52521	528.84558
684.57715	533.61932
684.62909	513.96637
684.68103	516.62921
684.73291	519.42072
684.78485	529.08392
684.83679	527.6181
684.88873	544.86774
684.94067	514.61438
684.99255	520.97388
685.04449	536.87738
685.09644	504.53036
685.14838	517.56696
685.20032	524.3421
685.2522	513.28674
685.30414	504.13403
685.35608	496.22311
685.40802	518.78577
685.45996	543.26025
685.51184	532.83582
685.56378	543.55615
685.61572	521.76044
685.66766	522.91876
685.7196	521.29663
685.77148	492.40082
685.82343	512.29694
685.87537	513.96509
685.92731	487.95084
685.97925	530.61334
686.03113	518.54626
686.08307	501.87466
686.13501	511.00421
686.18695	503.47641
686.23889	521.49139
686.29077	491.95181
686.34271	506.01797
686.39465	516.74347
686.44659	516.25092
686.49854	476.771
686.55042	499.74844
686.60236	511.7662
686.6543	488.05542
686.70624	516.78693
686.75818	511.31583
686.81006	527.53387
686.862	509.14801
686.91394	510.21182
686.96588	482.14648
687.01782	486.38364
687.06976	510.28461
687.12164	514.17511
687.17358	487.39493
687.22552	525.51935
687.27747	501.11484
687.32941	520.46088
687.38129	508.75482
687.43323	489.65082
687.48517	509.53708
687.53711	481.5983
687.58905	505.11557
687.64093	501.91919
687.69287	508.12433
687.74481	513.4845
687.79675	486.89813
687.84869	463.09732
687.90057	495.77744
687.95251	464.89755
688.00446	463.85419
688.0564	511.60791
688.10834	478.34079
688.16022	493.96173
688.21216	494.04819
688.2641	520.83167
688.31604	469.0007
688.36798	479.61099
688.41986	514.17981
688.4718	504.18637
688.52374	510.91867
688.57568	504.03598
688.62762	481.98782
688.6795	473.73712
688.73145	566.44165
688.78339	526.74292
688.83533	465.38507
688.88727	516.18433
688.93915	492.70416
688.99109	508.03876
689.04303	469.1362
689.09497	505.83459
689.14691	472.40582
689.19879	492.85922
689.25073	491.76886
689.30267	503.25122
689.35461	525.39374
689.40656	494.47095
689.45844	456.73129
689.51038	495.26633
689.56232	473.69504
689.61426	484.87183
689.6662	525.06769
689.71808	502.25735
689.77002	443.54517
689.82196	467.52109
689.8739	481.22604
689.92584	478.12897
689.97772	487.52325
690.02966	502.21173
690.0816	480.14285
690.13354	450.48602
690.18549	495.80621
690.23737	489.59366
690.28931	475.85559
690.34125	503.86783
690.39319	494.46207
690.44513	484.01764
690.49701	472.84698
690.54895	489.8367
690.60089	482.01254
690.65283	468.61252
690.70477	443.71661
690.75665	462.39703
690.80859	465.99533
690.86053	457.15848
690.91248	461.02695
690.96442	477.17395
691.0163	483.2998
691.06824	477.19238
691.12018	465.4772
691.17212	498.06015
691.22406	462.93332
691.27594	438.34225
691.32788	467.13669
691.37982	489.306
691.43176	464.38467
691.4837	470.20865
691.53558	451.89407
691.58752	463.87106
691.63947	486.75998
691.69141	459.44754
691.74335	476.71356
691.79523	469.83612
691.84717	445.327
691.89911	443.41464
691.95105	456.70804
692.00299	476.21326
692.05487	445.25122
692.10681	460.2312
692.15875	493.90326
692.21069	480.77832
692.26263	460.27353
692.31451	465.45862
692.36646	461.13788
692.4184	438.18912
692.47034	462.58981
692.52228	457.44937
692.57416	439.80258
692.6261	467.23776
692.67804	452.55719
692.72998	445.75513
692.78192	460.14691
692.8338	455.47482
692.88574	437.87994
692.93768	446.96982
692.98962	442.78671
693.04156	438.29785
693.09344	432.09726
693.14539	443.13074
693.19733	458
693.24927	430.34714
693.30121	436.93265
693.35309	429.61734
693.40503	434.31357
693.45697	450.4097
693.50891	449.17679
693.56085	431.52271
693.61273	431.48343
693.66467	413.57788
693.71661	430.00372
693.76855	431.18564
693.8205	436.5824
693.87238	435.11377
693.92432	417.37753
693.97626	444.08768
694.0282	453.73499
694.08014	441.9455
694.13202	427.11206
694.18396	445.00638
694.2359	444.10522
694.28784	458.95267
694.33978	445.35922
694.39166	435.18451
694.4436	407.79337
694.49554	428.02487
694.54749	429.71078
694.59943	440.68637
694.65131	444.80032
694.70325	451.46417
694.75519	430.97592
694.80713	429.29358
694.85907	413.37848
694.91095	415.87134
694.96289	436.46823
695.01483	435.72937
695.06677	421.211
695.11871	418.13046
695.17059	441.68393
695.22253	421.10858
695.27448	406.39679
695.32642	397.79813
695.37836	426.96136
695.43024	450.14331
695.48218	444.61368
695.53412	423.51859
695.58606	443.58917
695.638	394.84381
695.68994	411.08057
695.74182	430.27255
695.79376	419.36725
695.8457	422.90833
695.89764	415.12189
695.94958	401.10571
696.00146	412.04489
696.05341	445.49579
696.10535	390.51733
696.15729	420.0007
696.20923	381.89139
696.26111	438.16443
696.31305	417.95139
696.36499	416.88742
696.41693	413.91232
696.46887	397.78497
696.52075	393.80835
696.57269	385.646
696.62463	443.90405
696.67657	438.33856
696.72852	397.33157
696.7804	394.6431
696.83234	412.33829
696.88428	401.81403
696.93622	402.09109
696.98816	381.9718
697.04004	425.12268
697.09198	393.88992
697.14392	416.41327
697.19586	414.52615
697.2478	433.02145
697.29968	413.61514
697.35162	430.78818
697.40356	402.53329
697.45551	379.65155
697.50745	402.49527
697.55933	390.276
697.61127	385.00824
697.66321	377.54733
697.71515	389.97659
697.76709	410.35336
697.81897	409.38953
697.87091	406.65121
697.92285	388.56906
697.97479	408.53961
698.02673	405.84045
698.07861	406.49026
698.13055	388.68857
698.1825	382.81314
698.23444	396.34875
698.28638	401.28653
698.33826	409.36533
698.3902	404.76111
698.44214	400.59161
698.49408	400.18439
698.54602	393.98779
698.5979	414.40591
698.64984	408.52335
698.70178	383.79376
698.75372	387.3735
698.80566	367.63275
698.85754	375.85178
698.90948	404.54175
698.96143	387.18292
699.01337	364.67181
699.06531	371.15799
699.11719	371.16293
699.16913	373.03833
699.22107	388.039
699.27301	382.74731
699.32495	394.96939
699.37683	412.5358
699.42877	387.43002
699.48071	383.67615
699.53265	389.01984
699.58459	383.14029
699.63647	385.15805
699.68842	381.30237
699.74036	379.19119
699.7923	381.81342
699.84424	403.854
699.89612	375.93259
699.94806	370.56451
700	373.68008
