560	1732.049
560.0517	1733.8953
560.10333	2085.2065
560.15503	1764.4135
560.20667	1805.4745
560.25836	1828.0232
560.31	1907.0378
560.36169	1753.0193
560.41333	1812.9247
560.46503	1777.9343
560.51666	1579.8521
560.56836	1710.0413
560.62	1783.5533
560.67169	2142.7529
560.72339	1564.891
560.77502	1634.6741
560.82672	1881.1603
560.87836	1671.5573
560.93005	1697.7104
560.98169	1811.2943
561.03339	1765.5533
561.08502	1614.9941
561.13672	1721.6014
561.18835	1703.2766
561.24005	1728.6647
561.29169	1696.4319
561.34338	1940.5623
561.39502	1965.3604
561.44672	1676.7671
561.49841	1688.1633
561.55005	1684.1271
561.60175	1662.5198
561.65338	2000.5294
561.70508	1762.3121
561.75671	1590.207
561.80841	1530.5613
561.86005	1557.3663
561.91174	1607.4017
561.96338	1630.1902
562.01508	1645.9846
562.06671	1571.9718
562.11841	1529.9703
562.1701	1596.2468
562.22174	1587.0074
562.27344	1644.0488
562.32507	1581.4773
562.37677	1532.0192
562.42841	1510.5343
562.4801	1472.9545
562.53174	1570.1686
562.58344	1569.1475
562.63507	1546.2095
562.68677	1530.4805
562.7384	1527.3418
562.7901	1581.0232
562.84174	1545.2511
562.89343	1525.8542
562.94513	1713.3589
562.99677	1909.4111
563.04846	1811.6122
563.1001	2034.9792
563.15179	1511.5026
563.20343	1491.1357
563.25513	1449.1505
563.30676	1524.6097
563.35846	1585.6583
563.4101	1842.0079
563.46179	1532.1019
563.51343	1515.8036
563.56512	1468.5435
563.61682	1537.1692
563.66846	2000.4248
563.72015	1438.6915
563.77179	1321.1361
563.82349	1492.4991
563.87512	1543.7275
563.92682	1430.4467
563.97845	1367.8678
564.03015	1381.2301
564.08179	1476.0237
564.13348	1392.2811
564.18512	1405.8796
564.23682	1520.8087
564.28845	1408.3317
564.34015	1414.8561
564.39185	1433.9415
564.44348	1432.3199
564.49518	1452.8639
564.54681	1869.5001
564.59851	1510.9808
564.65015	1416.0616
564.70184	1399.6501
564.75348	1474.291
564.80518	1422.4144
564.85681	2048.5212
564.90851	1524.757
564.96014	1362.2887
565.01184	1582.6322
565.06354	1506.0823
565.11517	1444.7041
565.16687	1424.4086
565.21851	1368.245
565.2702	1409.9476
565.32184	1508.5317
565.37354	1427.4865
565.42517	1377.4918
565.47687	1429.8065
565.5285	1381.8857
565.5802	1548.4132
565.63184	1505.3057
565.68353	1530.4048
565.73523	1435.7632
565.78687	1366.7994
565.83856	1443.4495
565.8902	1334.7861
565.94189	1369.6276
565.99353	1949.8755
566.04523	1771.8157
566.09686	1445.4427
566.14856	1450.4573
566.2002	1485.5387
566.25189	1405.6866
566.30353	1285.312
566.35522	1325.7054
566.40686	1297.6063
566.45856	1602.9956
566.51025	1620.9465
566.56189	1425.8914
566.61359	1472.5255
566.66522	1386.6487
566.71692	1285.155
566.76855	1250.5385
566.82025	1364.2863
566.87189	1690.3422
566.92358	1843.8063
566.97522	1422.2069
567.02692	1317.1244
567.07855	1387.9607
567.13025	1394.0614
567.18195	1393.4387
567.23358	1351.2056
567.28528	1387.0792
567.33691	1454.8158
567.38861	1481.9546
567.44025	1397.3746
567.49194	1456.2076
567.54358	1409.7778
567.59528	1255.1914
567.64691	1211.4012
567.69861	1463.0924
567.75024	1321.6342
567.80194	1327.8224
567.85358	1375.2448
567.90527	1254.2227
567.95697	1392.4128
568.00861	1343.2727
568.0603	1291.1593
568.11194	1340.8347
568.16364	1234.1594
568.21527	1245.8921
568.26697	1403.4474
568.3186	1477.0516
568.3703	1324.0895
568.42194	1450.6832
568.47363	1387.4717
568.52527	1486.5549
568.57697	1151.478
568.62866	1305.9156
568.6803	1949.6553
568.73199	1470.3508
568.78363	1839.1863
568.83533	1311.1932
568.88696	1283.3446
568.93866	1678.0702
568.9903	1253.0446
569.04199	1288.3412
569.09363	1693.8202
569.14532	1291.1674
569.19696	1374.8011
569.24866	1401.7959
569.30029	1405.5614
569.35199	1392.5225
569.40369	1614.1288
569.45532	1395.5796
569.50702	1323.2908
569.55865	1419.2507
569.61035	1319.0182
569.66199	1389.5348
569.71368	1310.2167
569.76532	1259.3203
569.81702	1310.6014
569.86865	1276.7772
569.92035	1216.2094
569.97198	1186.7201
570.02368	1290.2123
570.07538	1290.7079
570.12701	1268.3264
570.17871	1288.5459
570.23035	1447.3672
570.28204	1427.4092
570.33368	1372.1584
570.38538	1487.1576
570.43701	1508.4824
570.48871	1355.1765
570.54034	1292.1707
570.59204	1306.7733
570.64368	1263.0504
570.69537	1339.3969
570.74707	1423.9568
570.79871	1335.0103
570.8504	1329.2292
570.90204	1356.6741
570.95374	1390.314
571.00537	1470.4498
571.05707	1354.9517
571.1087	1239.5737
571.1604	1276.5376
571.21204	1441.0576
571.26373	1647.4264
571.31537	1505.7225
571.36707	1252.4503
571.4187	1231.4882
571.4704	1270.3499
571.52209	1232.2708
571.57373	1177.3376
571.62543	1159.6653
571.67706	1188.4641
571.72876	1295.4955
571.7804	1212.1313
571.83209	1419.2588
571.88373	1640.2788
571.93542	1384.1688
571.98706	1279.0166
572.03876	1242.6215
572.09039	1345.9664
572.14209	1390.4187
572.19379	1332.4302
572.24542	1191.4453
572.29712	1218.566
572.34875	1163.8927
572.40045	1334.3098
572.45209	1172.7983
572.50378	1356.0338
572.55542	1513.8944
572.60712	1272.3311
572.65875	1201.4994
572.71045	1249.4978
572.76208	1294.2982
572.81378	1345.8804
572.86542	1238.2799
572.91711	1450.453
572.96881	1378.3981
573.02045	1355.8958
573.07214	1596.882
573.12378	1601.9409
573.17548	1243.4751
573.22711	1175.1304
573.27881	1335.2428
573.33044	1353.3741
573.38214	1329.7723
573.43378	1344.5702
573.48547	1238.7034
573.53711	1386.9504
573.58881	1358.8887
573.6405	1271.5797
573.69214	1187.4904
573.74384	1571.2266
573.79547	1288.6658
573.84717	1950.0759
573.8988	1440.7123
573.9505	1277.0592
574.00214	1300.0448
574.05383	1357.1868
574.10547	1268.2043
574.15717	1550.2684
574.2088	1513.5282
574.2605	1464.5585
574.31213	1393.7457
574.36383	1280.4377
574.41553	1237.5226
574.46716	1266.6737
574.51886	1358.9666
574.5705	1267.8696
574.62219	1268.1696
574.67383	1266.8444
574.72552	1300.1073
574.77716	1423.1359
574.82886	1347.5739
574.88049	1495.7509
574.93219	1407.0264
574.98383	1177.8785
575.03552	1192.9636
575.08722	1203.5267
575.13885	1181.0485
575.19055	1225.363
575.24219	1336.1594
575.29388	1319.1415
575.34552	1229.387
575.39722	1228.9043
575.44885	1203.6375
575.50055	1481.2798
575.55219	1543.1466
575.60388	1214.7616
575.65552	1231.7902
575.70721	1303.0233
575.75885	1299.7908
575.81055	1202.7159
575.86224	1263.2692
575.91388	1331.3474
575.96558	1357.8773
576.01721	1281.9561
576.06891	1237.9132
576.12054	1361.1577
576.17224	1293.6697
576.22388	1284.056
576.27557	1256.0404
576.32721	1328.282
576.37891	1484.6355
576.43054	1318.7369
576.48224	1261.7362
576.53394	1304.1702
576.58557	1687.7327
576.63727	1746.5603
576.6889	1183.63
576.7406	1305.0618
576.79224	1355.2014
576.84393	1742.4426
576.89557	1370.6296
576.94727	1261.494
576.9989	1229.1893
577.0506	1185.0182
577.10223	1643.325
577.15393	1231.2972
577.20563	1145.543
577.25726	1190.1217
577.30896	1326.9202
577.3606	1210.3898
577.41229	1231.2948
577.46393	1298.974
577.51563	1279.8385
577.56726	1220
577.61896	1219.5967
577.67059	1207.0714
577.72229	1266.7023
577.77393	1227.1548
577.82562	1819.6206
577.87726	1296.7313
577.92896	1131.5479
577.98065	1241.3657
578.03229	1255.4894
578.08398	1175.7485
578.13562	1346.0953
578.18732	1216.0299
578.23895	1257.8369
578.29065	1146.4716
578.34229	1379.3516
578.39398	1326.9565
578.44562	1265.9038
578.49731	1464.0048
578.54895	1447.4022
578.60065	1198.7223
578.65234	1531.0219
578.70398	1267.2139
578.75568	1422.5497
578.80731	1305.8468
578.85901	1251.5789
578.91064	1225.5411
578.96234	1211.2119
579.01398	1195.6216
579.06567	1505.3851
579.11731	1393.7887
579.16901	1266.4288
579.22064	1379.0438
579.27234	1396.6746
579.32397	1205.6383
579.37567	1209.116
579.42737	1337.4215
579.479	1382.6495
579.5307	1269.8119
579.58234	1284.0417
579.63403	1443.8101
579.68567	1340.7274
579.73737	1189.5411
579.789	1212.371
579.8407	1298.4097
579.89233	1463.693
579.94403	1332.7281
579.99567	1193.5981
580.04736	1218.8157
580.09906	1246.2875
580.1507	1235.6735
580.20239	1498.4082
580.25403	1523.9246
580.30573	1268.3892
580.35736	1336.5836
580.40906	1367.0891
580.46069	1247.6709
580.51239	1147.2028
580.56403	1174.9756
580.61572	1281.618
580.66736	1342.4269
580.71906	1212.5021
580.77069	1238.6547
580.82239	1373.7938
580.87408	1356.0839
580.92572	1364.4907
580.97742	1385.1549
581.02905	1245.8005
581.08075	1318.7841
581.13239	1286.1719
581.18408	1357.3466
581.23572	1172.2091
581.28741	1172.6628
581.33905	1184.7683
581.39075	1215.588
581.44238	1279.1066
581.49408	1520.3811
581.54578	1324.4668
581.59741	1151.2814
581.64911	1209.8303
581.70074	1321.8202
581.75244	1255.6992
581.80408	1282.5044
581.85577	1249.3612
581.90741	1233.0576
581.95911	1242.5029
582.01074	1465.0676
582.06244	1216.4198
582.11407	1340.9156
582.16577	1274.0194
582.21747	1264.5258
582.2691	1236.4948
582.3208	1179.0004
582.37244	1325.175
582.42413	1126.9285
582.47577	1255.1548
582.52747	1495.6431
582.5791	1740.3896
582.6308	1120.2544
582.68243	1156.6661
582.73413	1184.7806
582.78577	1240.839
582.83746	1207.178
582.8891	1198.1394
582.9408	1266.2877
582.99249	1204.2799
583.04413	1459.9427
583.09583	1281.0634
583.14746	1339.2798
583.19916	1199.5166
583.25079	1154.1057
583.30249	1382.2878
583.35413	1279.522
583.40582	1232.1465
583.45746	1217.4646
583.50916	1293.2378
583.56079	1233.7252
583.61249	1214.361
583.66418	1317.834
583.71582	1216.0591
583.76752	1168.8704
583.81915	1270.1692
583.87085	1546.3762
583.92249	1345.4723
583.97418	1261.1514
584.02582	1349.5673
584.07751	1325.9344
584.12915	1209.939
584.18085	1310.014
584.23248	1655.9127
584.28418	1393.5792
584.33582	1222.0024
584.38751	1193.0814
584.43921	1147.7656
584.49084	1215.3611
584.54254	1365.5593
584.59418	1196.2939
584.64587	1202.614
584.69751	1528.2644
584.74921	1420.3312
584.80084	1201.2543
584.85254	1298.5254
584.90417	1365.8698
584.95587	1225.6732
585.00751	1190.0491
585.0592	1328.0922
585.1109	1358.9124
585.16254	1274.7711
585.21423	1276.5117
585.26587	1275.6941
585.31757	1257.1642
585.3692	1365.8372
585.4209	1417.8234
585.47253	1290.8514
585.52423	1232.8406
585.57587	1243.4841
585.62756	1325.4554
585.6792	1324.406
585.7309	1249.4114
585.78253	1314.7058
585.83423	1267.6843
585.88593	1160.7588
585.93756	1162.8608
585.98926	1312.1415
586.04089	1402.7212
586.09259	1325.5681
586.14423	1244.8696
586.19592	1268.573
586.24756	1288.6376
586.29926	1305.9114
586.35089	1226.301
586.40259	1277.7833
586.45422	1375.0321
586.50592	1332.5326
586.55762	1288.3755
586.60925	1363.2487
586.66095	1393.1456
586.71259	1354.8555
586.76428	1313.686
586.81592	1213.7806
586.86761	1354.6205
586.91925	1322.3557
586.97095	1271.3898
587.02258	1296.1539
587.07428	1343.2324
587.12592	1482.5348
587.17761	1315.3597
587.22931	1331.4299
587.28094	1249.6088
587.33264	1196.1281
587.38428	1224.6735
587.43597	1262.848
587.48761	1312.9442
587.53931	1170.1084
587.59094	1318.2927
587.64264	1358.0457
587.69427	1408.2925
587.74597	1855.6074
587.79761	1371.9529
587.8493	1369.5179
587.90094	1244.8275
587.95264	1212.6173
588.00433	1293.6088
588.05597	1369.6003
588.10767	1457.1196
588.1593	1520.3788
588.211	1327.6232
588.26263	1196.0477
588.31433	1260.5293
588.36597	1193.123
588.41766	1200.9121
588.4693	1227.4617
588.521	1238.6823
588.57263	1245.743
588.62433	1230.73
588.67603	1214.8733
588.72766	1218.6824
588.77936	1567.7449
588.83099	1358.9302
588.88269	1383.5336
588.93433	1389.8036
588.98602	1300.7129
589.03766	1368.6686
589.08936	1365.8755
589.14099	1260.824
589.19269	1206.3798
589.24432	1222.9304
589.29602	1210.1936
589.34766	1234.4673
589.39935	1258.9425
589.45105	1224.7123
589.50269	1243.3931
589.55438	1270.7393
589.60602	1240.4976
589.65771	1197.4604
589.70935	1536.9171
589.76105	1533.9076
589.81268	1282.2527
589.86438	1347.5585
589.91602	1339.42
589.96771	1299.5989
590.01935	1277.59
590.07104	1346.7469
590.12274	1330.6071
590.17438	1265.1443
590.22607	1400.0784
590.27771	1346.2429
590.32941	1191.9379
590.38104	1242.7538
590.43274	1210.1569
590.48438	1246.4703
590.53607	1261.7645
590.58771	1337.1731
590.6394	1408.0887
590.69104	1311.199
590.74274	1359.1942
590.79437	1722.6873
590.84607	1505.7871
590.89777	1190.504
590.9494	1311.5847
591.0011	1291.6614
591.05273	1259.6614
591.10443	1310.2832
591.15607	1264.6633
591.20776	1247.5378
591.2594	1312.6439
591.3111	1310.1111
591.36273	1279.0393
591.41443	1272.2512
591.46606	1284.519
591.51776	1266.0571
591.56946	1240.335
591.62109	1255.3702
591.67279	1339.0325
591.72443	1414.5986
591.77612	1323.0883
591.82776	1282.7516
591.87946	1395.2799
591.93109	1425.532
591.98279	1241.0195
592.03442	1366.6606
592.08612	1492.4791
592.13776	1419.9722
592.18945	1304.2281
592.24115	1300.3826
592.29279	1266.21
592.34448	1318.9875
592.39612	1345.4906
592.44781	1298.6167
592.49945	1304.1366
592.55115	1215.9657
592.60278	1399.8347
592.65448	1531.9012
592.70612	1378.0165
592.75781	1245.9739
592.80945	1239.6306
592.86115	1221.2007
592.91278	1182.7568
592.96448	1282.4333
593.01617	1280.9393
593.06781	1353.4608
593.11951	1389.7931
593.17114	1596.9642
593.22284	1261.5156
593.27448	1444.8036
593.32617	1532.3872
593.37781	1272.2762
593.4295	1329.2819
593.48114	1302.9736
593.53284	1218.9414
593.58447	1244.7528
593.63617	1231.6034
593.68787	1219.1586
593.7395	1275.476
593.7912	1384.8663
593.84283	1346.692
593.89453	1506.6807
593.94617	1341.1354
593.99786	1301.8672
594.0495	1425.4968
594.1012	1877.0056
594.15283	1395.0372
594.20453	1225.1603
594.25616	1185.9708
594.30786	1376.0105
594.3595	1216.986
594.41119	1230.6024
594.46289	1299.5677
594.51453	1330.2466
594.56622	1171.349
594.61786	1327.5942
594.66956	1577.3488
594.72119	1276.5626
594.77289	1264.6462
594.82452	1503.1835
594.87622	1389.8907
594.92786	1564.6044
594.97955	1312.8688
595.03119	2098.0835
595.08289	1875.9115
595.13458	1616.8153
595.18622	1378.7592
595.23792	1277.255
595.28955	1288.8646
595.34125	1324.5281
595.39288	1347.5044
595.44458	1357.577
595.49622	1279.2506
595.54791	1569.7325
595.59955	1423.9235
595.65125	1348.3947
595.70288	1511.7452
595.75458	1773.6526
595.80621	1305.0454
595.85791	1375.7175
595.90961	1310.3673
595.96124	1249.5117
596.01294	1236.631
596.06458	1348.6487
596.11627	1424.543
596.16791	1385.4657
596.2196	1345.9186
596.27124	1355.1346
596.32294	1255.7531
596.37457	1252.5575
596.42627	1293.6235
596.47791	1300.4619
596.5296	1296.8997
596.5813	1340.2288
596.63293	1469.7175
596.68463	1352.0487
596.73627	1262.197
596.78796	1603.3715
596.8396	1496.3578
596.8913	1408.7396
596.94293	1319.6718
596.99463	1477.459
597.04626	1361.11
597.09796	1275.5127
597.1496	1422.475
597.20129	2090.0562
597.25293	1710.1111
597.30463	1319.585
597.35632	1438.2087
597.40796	1390.7421
597.45966	1336.8921
597.51129	1363.4813
597.56299	1408.0356
597.61462	1299.6301
597.66632	1286.9232
597.71796	1308.0409
597.76965	1340.6075
597.82129	1397.8099
597.87299	1369.5848
597.92462	1395.1697
597.97632	1367.6057
598.02802	1286.7747
598.07965	1304.1862
598.13135	1357.3784
598.18298	1399.496
598.23468	1275.3174
598.28632	1247.2791
598.33801	1392.7151
598.38965	1420.817
598.44135	1460.0079
598.49298	1489.8777
598.54468	1313.8309
598.59631	1348.8131
598.64801	1373.099
598.69971	1321.4761
598.75134	1246.099
598.80304	1249.2406
598.85468	1399.2207
598.90637	1506.4172
598.95801	1567.4546
599.0097	1277.1309
599.06134	1356.2109
599.11304	1361.0708
599.16467	1466.0789
599.21637	1528.8236
599.26801	1363.9567
599.3197	1428.0948
599.37134	1609.8438
599.42303	1619.799
599.47473	1255.728
599.52637	1356.8024
599.57806	1324.4681
599.6297	1278.522
599.6814	1300.9176
599.73303	1682.5864
599.78473	2181.6472
599.83636	1366.684
599.88806	1245.3556
599.9397	1393.601
599.99139	1356.4647
600.04303	1318.1072
600.09473	1261.043
600.14642	1375.1008
600.19806	1293.6316
600.24976	1347.3552
600.30139	1458.5818
600.35309	1356.752
600.40472	1355.1223
600.45642	1357.1359
600.50806	1319.1744
600.55975	1312.9047
600.61139	1236.7491
600.66309	1307.6345
600.71472	1413.1285
600.76642	1350.5406
600.81805	1254.0497
600.86975	1350.9486
600.92145	1312.4507
600.97308	1303.1084
601.02478	1291.7535
601.07642	1319.8262
601.12811	1409.0314
601.17975	1497.0786
601.23145	1636.0845
601.28308	1325.2668
601.33478	1247.3535
601.38641	1395.5249
601.43811	1317.3424
601.48975	1278.536
601.54144	1513.3583
601.59314	1380.1034
601.64478	1298.3019
601.69647	1285.0409
601.74811	1421.8505
601.7998	1370.6763
601.85144	1480.6826
601.90314	1323.0061
601.95477	1274.9089
602.00647	1358.1393
602.05811	1289.9937
602.1098	1284.3978
602.16144	1370.1655
602.21313	1284.3303
602.26477	1282.412
602.31647	1227.658
602.36816	1267.0864
602.4198	1243.6238
602.4715	1240.5128
602.52313	1253.9489
602.57483	1277.6681
602.62646	1459.1582
602.67816	1541.8214
602.7298	1392.9447
602.78149	1403.4983
602.83313	1442.5066
602.88483	1421.9219
602.93646	1544.3282
602.98816	1345.4896
603.03986	1339.9224
603.09149	1272.9615
603.14319	1203.3625
603.19482	1375.7666
603.24652	1322.7177
603.29816	1320.1564
603.34985	1361.4491
603.40149	1402.8478
603.45319	1366.9232
603.50482	1441.7462
603.55652	1261.6691
603.60815	1320.6798
603.65985	1367.3138
603.71155	1507.8601
603.76318	1391.9795
603.81488	1351.8367
603.86652	1327.1685
603.91821	1322.2421
603.96985	1428.6235
604.02155	1269.2499
604.07318	1249.7845
604.12488	1288.2008
604.17651	1332.9705
604.22821	1318.4175
604.27985	1375.2177
604.33154	1585.2441
604.38318	1557.5455
604.43488	1373.3258
604.48657	1269.6832
604.53821	1325.7522
604.5899	1322.5713
604.64154	1295.1547
604.69324	1231.6237
604.74487	1262.4626
604.79657	1302.7612
604.84821	1315.2036
604.8999	1239.416
604.95154	1289.7894
605.00323	1414.8151
605.05487	1375.0226
605.10657	1293.6415
605.15826	1223.8475
605.2099	1285.8041
605.2616	1360.636
605.31323	1312.5176
605.36493	1383.8138
605.41656	1313.848
605.46826	1305.1844
605.5199	1457.3071
605.57159	1517.9832
605.62323	1367.6949
605.67493	1308.9712
605.72656	1327.4874
605.77826	1308.4224
605.8299	1277.7787
605.88159	1333.809
605.93329	1308.2584
605.98492	1383.724
606.03662	1357.3842
606.08826	1295.749
606.13995	1228.6057
606.19159	1512.4918
606.24329	1207.34
606.29492	1913.834
606.34662	1398.6169
606.39825	1318.1315
606.44995	1302.9822
606.50159	1334.9176
606.55328	1257.6765
606.60498	1421.222
606.65662	1482.1996
606.70831	1488.9393
606.75995	1345.4867
606.81165	1286.1503
606.86328	1308.6775
606.91498	1260.208
606.96661	1315.6078
607.01831	1309.0126
607.06995	1343.9373
607.12164	1277.0538
607.17328	1345.6976
607.22498	1416.5721
607.27661	1298.8983
607.32831	1464.7335
607.38	1296.3864
607.43164	1251.0585
607.48334	1244.119
607.53497	1222.0585
607.58667	1249.4359
607.63831	1271.1587
607.69	1290.0812
607.74164	1310.8533
607.79333	1296.0309
607.84497	1305.436
607.89667	1258.2635
607.9483	1488.0934
608	1354.9749
608.0517	1230.478
608.10333	1263.7474
608.15503	1354.1854
608.20667	1293.2941
608.25836	1234.7552
608.31	1263.7714
608.36169	1332.9703
608.41333	1374.4758
608.46503	1267.8923
608.51666	1287.797
608.56836	1313.6366
608.62	1242.55
608.67169	1270.9873
608.72339	1271.6351
608.77502	1338.1816
608.82672	1381.6689
608.87836	1293.2252
608.93005	1283.3472
608.98169	1343.0542
609.03339	1631.6453
609.08502	1489.6099
609.13672	1251.0096
609.18835	1273.1511
609.24005	1444.076
609.29169	1576.1005
609.34338	1390.839
609.39502	1303.521
609.44672	1247.4834
609.49841	1365.0983
609.55005	1475.7714
609.60175	1213.7239
609.65338	1229.78
609.70508	1312.7777
609.75671	1300.5842
609.80841	1252.7089
609.86005	1278.6902
609.91174	1284.4445
609.96338	1272.8008
610.01508	1258.1848
610.06671	1204.1864
610.11841	1282.8425
610.1701	1283.9287
610.22174	1396.7463
610.27344	1580.3765
610.32507	1260.0914
610.37677	1211.2111
610.42841	1274.3997
610.4801	1277.0786
610.53174	1321.9395
610.58344	1351.2247
610.63507	1264.2175
610.68677	1276.8849
610.7384	1302.1074
610.7901	1453.3842
610.84174	1396.2126
610.89343	1260.3813
610.94513	1467.2648
610.99677	1370.1086
611.04846	1331.9353
611.1001	1506.8905
611.15179	1279.8597
611.20343	1347.7261
611.25513	1318.6785
611.30676	1237.4857
611.35846	1269.3779
611.4101	1150.582
611.46179	1214.7257
611.51343	1461.1639
611.56512	1241.2875
611.61682	1258.6681
611.66846	1359.8829
611.72015	1316.2452
611.77179	1248.9225
611.82349	1206.5
611.87512	1297.6705
611.92682	1408.7584
611.97845	1242.2906
612.03015	1424.1996
612.08179	1491.1052
612.13348	1213.8812
612.18512	1179.0679
612.23682	1296.9019
612.28845	1410.1188
612.34015	1525.2517
612.39185	1193.142
612.44348	1261.9547
612.49518	1262.4503
612.54681	1313.5569
612.59851	1124.3507
612.65015	1776.1466
612.70184	1255.3115
612.75348	1298.677
612.80518	1343.441
612.85681	1423.4817
612.90851	1124.7847
612.96014	1216.4529
613.01184	1186.5084
613.06354	1313.2825
613.11517	1168.3103
613.16687	1157.0226
613.21851	1345.219
613.2702	1438.7327
613.32184	1277.9928
613.37354	1482.8995
613.42517	1264.2286
613.47687	1375.4966
613.5285	1277.9979
613.5802	1447.0171
613.63184	1329.5662
613.68353	1230.3542
613.73523	1146.3451
613.78687	1215.5135
613.83856	1210.0432
613.8902	1516.8954
613.94189	1385.6877
613.99353	1291.5952
614.04523	1254.6079
614.09686	1347.7847
614.14856	1248.4895
614.2002	1294.0608
614.25189	1257.7223
614.30353	1258.2147
614.35522	1243.2769
614.40686	1503.6439
614.45856	1367.5856
614.51025	1267.8804
614.56189	1184.6289
614.61359	1238.1956
614.66522	1220.0629
614.71692	1269.5511
614.76855	1350.0044
614.82025	1199.9313
614.87189	1212.4464
614.92358	1393.7565
614.97522	1650.4088
615.02692	1309.126
615.07855	1161.6125
615.13025	1242.8419
615.18195	1270.6575
615.23358	1279
615.28528	1214.1189
615.33691	1207.9843
615.38861	1250.9795
615.44025	1379.4019
615.49194	1381.7205
615.54358	1277.6635
615.59528	1231.126
615.64691	1217.5348
615.69861	1315.3843
615.75024	1290.7583
615.80194	1207.453
615.85358	1171.0415
615.90527	1255.5399
615.95697	1336.0317
616.00861	1286.5773
616.0603	1304.7648
616.11194	1275.9303
616.16364	1229.5681
616.21527	1295.9524
616.26697	1474.785
616.3186	1447.3599
616.3703	1275.1252
616.42194	1304.2794
616.47363	1304.7538
616.52527	1270.1311
616.57697	1278.8315
616.62866	1536.075
616.6803	1557.687
616.73199	1220.453
616.78363	1223.6823
616.83533	1222.6515
616.88696	1232.4197
616.93866	1353.2482
616.9903	1312.8206
617.04199	1231.7734
617.09363	1451.2074
617.14532	1533.8195
617.19696	1247.0774
617.24866	1288.6885
617.30029	1384.5057
617.35199	1304.2228
617.40369	1255.1908
617.45532	1292.4763
617.50702	1409.097
617.55865	1350.9764
617.61035	1296.2061
617.66199	1217.7061
617.71368	1195.5065
617.76532	1325.5957
617.81702	1445.8555
617.86865	1268.8354
617.92035	1219.1234
617.97198	1221.6726
618.02368	1362.9871
618.07538	1321.4766
618.12701	1245.3708
618.17871	1335.5469
618.23035	1260.7402
618.28204	1204.5618
618.33368	1256.1954
618.38538	1316.7106
618.43701	1485.421
618.48871	1369.2803
618.54034	1201.3491
618.59204	1235.3374
618.64368	1275.5131
618.69537	1315.2324
618.74707	1249.1006
618.79871	1292.5408
618.8504	1327.2545
618.90204	1314.8787
618.95374	1288.1699
619.00537	1448.6902
619.05707	1556.1121
619.1087	1387.9382
619.1604	1372.6616
619.21204	1213.1763
619.26373	1359.1301
619.31537	1279.1158
619.36707	1296.2178
619.4187	1355.4543
619.4704	1305.3286
619.52209	1606.2522
619.57373	1398.9066
619.62543	1331.1097
619.67706	1248.5879
619.72876	1260.3479
619.7804	1266.3412
619.83209	1227.45
619.88373	1367.6952
619.93542	1277.1818
619.98706	1287.6732
620.03876	1339.9817
620.09039	1337.3744
620.14209	1934.3075
620.19379	1423.9647
620.24542	1374.7957
620.29712	1255.8513
620.34875	1229.724
620.40045	1205.8558
620.45209	1297.9023
620.50378	1433.41
620.55542	1559.1552
620.60712	1299.937
620.65875	1268.9961
620.71045	1247.5828
620.76208	1300.4332
620.81378	1253.7006
620.86542	1220.7744
620.91711	1334.6136
620.96881	1180.7943
621.02045	1228.8926
621.07214	1216.6147
621.12378	1131.1996
621.17548	1560.6815
621.22711	1395.5157
621.27881	1314.3816
621.33044	1365.2648
621.38214	1303.4987
621.43378	1302.8405
621.48547	1298.2856
621.53711	1246.1472
621.58881	1230.2026
621.6405	1293.996
621.69214	1154.5328
621.74384	1169.449
621.79547	1222.8694
621.84717	1200.25
621.8988	1284.791
621.9505	1291.6722
622.00214	1215.8229
622.05383	1246.4858
622.10547	1612.2758
622.15717	1507.4963
622.2088	1316.2217
622.2605	1392.8224
622.31213	1297.8145
622.36383	1299.7397
622.41553	1260.0535
622.46716	1354.7167
622.51886	1371.6173
622.5705	1304.4193
622.62219	1382.7163
622.67383	1321.6356
622.72552	1243.4672
622.77716	1252.3861
622.82886	1164.146
622.88049	1201.6134
622.93219	1291.3883
622.98383	1375.3918
623.03552	1459.5642
623.08722	1360.8422
623.13885	1333.8776
623.19055	1720.0249
623.24219	1508.3011
623.29388	1280.5785
623.34552	1383.3273
623.39722	1317.1228
623.44885	1283.6752
623.50055	1296.2141
623.55219	1243.501
623.60388	1280.205
623.65552	1409.5702
623.70721	1396.3802
623.75885	1331.2097
623.81055	1260.8322
623.86224	1196.1342
623.91388	1271.2615
623.96558	1321.2935
624.01721	1256.5199
624.06891	1376.6729
624.12054	1387.5776
624.17224	1283.3383
624.22388	1284.446
624.27557	1406.7748
624.32721	1355.0452
624.37891	1231.2867
624.43054	1389.3015
624.48224	1500.49
624.53394	1379.0081
624.58557	1350.4691
624.63727	1332.6073
624.6889	1261.9651
624.7406	1363.4885
624.79224	1341.1382
624.84393	1285.801
624.89557	1296.093
624.94727	1305.7776
624.9989	1512.1691
625.0506	1545.2838
625.10223	1352.5343
625.15393	1257.7528
625.20563	1277.7799
625.25726	1249.4708
625.30896	1199.0757
625.3606	1232.8553
625.41229	1313.2504
625.46393	1349.1672
625.51563	1452.2498
625.56726	1500.1017
625.61896	1279.3113
625.67059	1435.5247
625.72229	1410.3241
625.77393	1236.9634
625.82562	1273.2078
625.87726	1252.9491
625.92896	1263.6571
625.98065	1302.9838
626.03229	1265.8521
626.08398	1251.1106
626.13562	1346.1332
626.18732	1361.7094
626.23895	1378.0966
626.29065	1473.1205
626.34229	1337.1462
626.39398	1323.3652
626.44562	1548.3469
626.49731	1795.5861
626.54895	1401.1255
626.60065	1225.0477
626.65234	1230.5188
626.70398	1295.377
626.75568	1268.6816
626.80731	1283.885
626.85901	1335.3394
626.91064	1329.7922
626.96234	1271.9921
627.01398	1410.5165
627.06567	1530.5182
627.11731	1315.1779
627.16901	1357.8243
627.22064	1536.7975
627.27234	1425.1971
627.32397	1538.6111
627.37567	1514.3866
627.42737	2086.8621
627.479	1777.572
627.5307	1537.698
627.58234	1368.6389
627.63403	1296.1047
627.68567	1327.7336
627.73737	1335.7976
627.789	1331.1519
627.8407	1334.6423
627.89233	1331.584
627.94403	1466.7529
627.99567	1303.5847
628.04736	1379.6406
628.09906	1652.4225
628.1507	1744.0021
628.20239	1296.3818
628.25403	1358.7397
628.30573	1272.0468
628.35736	1266.9177
628.40906	1278.1083
628.46069	1449.741
628.51239	1460.942
628.56403	1251.8988
628.61572	1293.4775
628.66736	1388.2014
628.71906	1308.0244
628.77069	1317.351
628.82239	1263.5675
628.87408	1323.7069
628.92572	1349.9403
628.97742	1376.1226
629.02905	1508.9739
629.08075	1329.4452
629.13239	1341.3558
629.18408	1772.1757
629.23572	1387.4606
629.28741	1392.5697
629.33905	1305.2528
629.39075	1584.9152
629.44238	1220.2844
629.49408	1314.1848
629.54578	1571.2794
629.59741	2488.1465
629.64911	1380.7661
629.70074	1406.5387
629.75244	1466.7413
629.80408	1316.9349
629.85577	1367.8521
629.90741	1379.9781
629.95911	1375.5065
630.01074	1195.1204
630.06244	1305.9769
630.11407	1323.1621
630.16577	1411.4045
630.21747	1403.5074
630.2691	1379.5056
630.3208	1417.5187
630.37244	1289.0715
630.42413	1353.8666
630.47577	1318.5829
630.52747	1371.5967
630.5791	1363.4757
630.6308	1233.3848
630.68243	1351.899
630.73413	1456.6152
630.78577	1373.5781
630.83746	1573.4884
630.8891	1305.0597
630.9408	1341.6364
630.99249	1423.926
631.04413	1411.5118
631.09583	1272.1019
631.14746	1211.0277
631.19916	1348.5695
631.25079	1417.455
631.30249	1655.1644
631.35413	1414.4233
631.40582	1362.9425
631.45746	1345.3859
631.50916	1375.1224
631.56079	1644.4889
631.61249	1462.5461
631.66418	1415.142
631.71582	1451.2181
631.76752	1787.7012
631.81915	1283.5133
631.87085	1308.2156
631.92249	1289.4735
631.97418	1252.0458
632.02582	1362.776
632.07751	1350.0917
632.12915	2335.5366
632.18085	1610.4894
632.23248	1276.0597
632.28418	1395.0997
632.33582	1342.9387
632.38751	1374.0975
632.43921	1296.3198
632.49084	1366.4313
632.54254	1366.6394
632.59418	1343.3058
632.64587	1435.839
632.69751	1392.0653
632.74921	1384.0807
632.80084	1430.0432
632.85254	1343.4453
632.90417	1336.4409
632.95587	1269.7341
633.00751	1240.6688
633.0592	1312.8511
633.1109	1391.7018
633.16254	1302.0524
633.21423	1322.8297
633.26587	1410.8339
633.31757	1361.9564
633.3692	1284.7921
633.4209	1343.5184
633.47253	1412.1844
633.52423	1546.2251
633.57587	1616.8799
633.62756	1421.2321
633.6792	1303.693
633.7309	1395.9594
633.78253	1372.4529
633.83423	1300.9155
633.88593	1473.5724
633.93756	1459.9962
633.98926	1330.9631
634.04089	1298.9498
634.09259	1414.6222
634.14423	1395.8776
634.19592	1434.5594
634.24756	1424.7816
634.29926	1327.9995
634.35089	1354.1138
634.40259	1348.0369
634.45422	1329.4613
634.50592	1386.8673
634.55762	1322.2782
634.60925	1322.871
634.66095	1322.0253
634.71259	1300.1754
634.76428	1246.5822
634.81592	1242.3619
634.86761	1273.4069
634.91925	1248.8903
634.97095	1357.7518
635.02258	1465.6322
635.07428	1474.787
635.12592	1412.2986
635.17761	1402.2941
635.22931	1426.3748
635.28094	1523.7593
635.33264	1396.8231
635.38428	1359.2687
635.43597	1309.3568
635.48761	1237.5544
635.53931	1379.6483
635.59094	1366.8777
635.64264	1331.7545
635.69427	1352.9766
635.74597	1396.2466
635.79761	1389.5143
635.8493	1405.5483
635.90094	1314.1874
635.95264	1279.105
636.00433	1408.0526
636.05597	1552.8259
636.10767	1474.324
636.1593	1305.1066
636.211	1320.9583
636.26263	1377.999
636.31433	1453.3019
636.36597	1409.2279
636.41766	1276.2584
636.4693	1281.0854
636.521	1345.0209
636.57263	1319.4371
636.62433	1352.1423
636.67603	1548.1569
636.72766	1458.3016
636.77936	1423.0831
636.83099	1314.7133
636.88269	1287.4966
636.93433	1340.5735
636.98602	1278.9274
637.03766	1216.6727
637.08936	1293.4197
637.14099	1281.0946
637.19269	1376.3542
637.24432	1277.3274
637.29602	1262.0656
637.34766	1433.5458
637.39935	1348.2444
637.45105	1341.0022
637.50269	1328.1475
637.55438	1314.3392
637.60602	1356.2469
637.65771	1333.4873
637.70935	1392.5698
637.76105	1394.2214
637.81268	1360.077
637.86438	1507.7939
637.91602	1492.7053
637.96771	1338.6036
638.01935	1306.1661
638.07104	1233.4668
638.12274	1301.1824
638.17438	1292.0427
638.22607	1379.948
638.27771	1324.1761
638.32941	1398.699
638.38104	1377.225
638.43274	1246.521
638.48438	1212.174
638.53607	1471.2809
638.58771	1244.9823
638.6394	1905.2661
638.69104	1457.0366
638.74274	1344.3877
638.79437	1334.5781
638.84607	1381.5095
638.89777	1281.9169
638.9494	1466.6649
639.0011	1446.4258
639.05273	1430.0035
639.10443	1351.7031
639.15607	1298.3217
639.20776	1309.6072
639.2594	1246.0746
639.3111	1329.2717
639.36273	1320.3857
639.41443	1343.3934
639.46606	1336.0868
639.51776	1348.3158
639.56946	1471.0292
639.62109	1314.8304
639.67279	1544.4164
639.72443	1308.7797
639.77612	1263.4928
639.82776	1246.1714
639.87946	1268.8307
639.93109	1281.176
639.98279	1296.5107
640.03442	1343.2905
640.08612	1292.2761
640.13776	1263.954
640.18945	1308.824
640.24115	1269.8817
640.29279	1510.6389
640.34448	1355.3073
640.39612	1265.1907
640.44781	1326.8083
640.49945	1354.6077
640.55115	1295.4463
640.60278	1197.9178
640.65448	1310.0621
640.70612	1385.9816
640.75781	1426.3938
640.80945	1292.1588
640.86115	1332.7617
640.91278	1336.0216
640.96448	1284.9001
641.01617	1307.5681
641.06781	1284.7302
641.11951	1436.3203
641.17114	1402.9141
641.22284	1338.2676
641.27448	1346.7677
641.32617	1444.1482
641.37781	1644.4895
641.4295	1407.6234
641.48114	1277.9944
641.53284	1249.959
641.58447	1487.803
641.63617	1571.0704
641.68787	1383.8094
641.7395	1347.0625
641.7912	1252.0554
641.84283	1474.0438
641.89453	1456.1007
641.94617	1227.1173
641.99786	1271.3035
642.0495	1390.4081
642.1012	1320.9532
642.15283	1261.2422
642.20453	1276.5615
642.25616	1336.9423
642.30786	1322.1173
642.3595	1243.7244
642.41119	1246.0603
642.46289	1338.3969
642.51453	1309.6399
642.56622	1521.3849
642.61786	1475.811
642.66956	1275.5555
642.72119	1307.0398
642.77289	1287.2917
642.82452	1252.098
642.87622	1305.7078
642.92786	1279.8181
642.97955	1233.7433
643.03119	1239.1816
643.08289	1307.7633
643.13458	1400.7798
643.18622	1341.3151
643.23792	1338.5474
643.28955	1461.7441
643.34125	1337.6398
643.39288	1363.6185
643.44458	1430.0411
643.49622	1386.9574
643.54791	1406.4662
643.59955	1277.4099
643.65125	1249.8905
643.70288	1245.978
643.75458	1245.0093
643.80621	1401.6204
643.85791	1483.6855
643.90961	1248.5596
643.96124	1294.9584
644.01294	1372.7086
644.06458	1354.5518
644.11627	1301.8524
644.16791	1343.3832
644.2196	1447.278
644.27124	1399.7659
644.32294	1293.0055
644.37457	1424.3009
644.42627	1468.493
644.47791	1262.8308
644.5296	1303.2058
644.5813	1361.7112
644.63293	1417.012
644.68463	1408.8977
644.73627	1249.0443
644.78796	1292.1979
644.8396	1272.9626
644.8913	1285.8313
644.94293	1478.1353
644.99463	1684.4882
645.04626	1265.6461
645.09796	1312.272
645.1496	1432.0786
645.20129	1351.0123
645.25293	1173.981
645.30463	1187.0154
645.35632	1225.8572
645.40796	1286.3499
645.45966	1217.7947
645.51129	1265.1489
645.56299	1320.9088
645.61462	1383.2065
645.66632	1321.2688
645.71796	1362.8662
645.76965	1308.532
645.82129	1345.5472
645.87299	1354.8988
645.92462	1430.1166
645.97632	1341.2416
646.02802	1201.0374
646.07965	1227.8038
646.13135	1245.9006
646.18298	1266.1829
646.23468	1519.1342
646.28632	1353.8295
646.33801	1151.4182
646.38965	1214.8859
646.44135	1362.0477
646.49298	1255.4401
646.54468	1299.0216
646.59631	1265.9792
646.64801	1272.3461
646.69971	1254.3959
646.75134	1447.1714
646.80304	1277.4937
646.85468	1277.208
646.90637	1216.6416
646.95801	1307.8466
647.0097	1269.0275
647.06134	1234.2357
647.11304	1303.5999
647.16467	1185.1139
647.21637	1361.3021
647.26801	1528.63
647.3197	1773.438
647.37134	1174.2128
647.42303	1257.703
647.47473	1216.7803
647.52637	1310.7632
647.57806	1228.851
647.6297	1253.8223
647.6814	1238.3978
647.73303	1318.8331
647.78473	1451.5648
647.83636	1330.8224
647.88806	1335.708
647.9397	1261.6888
647.99139	1217.3265
648.04303	1435.536
648.09473	1280.5083
648.14642	1217.5338
648.19806	1180.2408
648.24976	1345.4146
648.30139	1311.2303
648.35309	1340.0786
648.40472	1312.8369
648.45642	1248.2798
648.50806	1261.4889
648.55975	1410.2511
648.61139	1654.8483
648.66309	1343.6632
648.71472	1316.0712
648.76642	1324.0184
648.81805	1327.9176
648.86975	1273.1528
648.92145	1336.6216
648.97308	1806.1677
649.02478	1244.6477
649.07642	1310.6802
649.12811	1290.4816
649.17975	1224.677
649.23145	1356.958
649.28308	1412.2806
649.33478	1223.2651
649.38641	1231.3623
649.43811	1652.5981
649.48975	1301.3856
649.54144	1213.6777
649.59314	1488.8898
649.64478	1461.6584
649.69647	1223.5654
649.74811	1312.6973
649.7998	1434.4618
649.85144	1393.8486
649.90314	1264.2996
649.95477	1323.9253
650.00647	1232.8131
650.05811	1295.1879
650.1098	1462.9718
650.16144	1308.6102
650.21313	1242.2839
650.26477	1234.3031
650.31647	1252.8118
650.36816	1423.5188
650.4198	1276.9828
650.4715	1338.3303
650.52313	1295.1885
650.57483	1267.8059
650.62646	1285.1191
650.67816	1201.7089
650.7298	1432.7644
650.78149	1474.321
650.83313	1292.447
650.88483	1293.0294
650.93646	1230.545
650.98816	1367.85
651.03986	1297.3903
651.09149	1280
651.14319	1326.2671
651.19482	1352.5795
651.24652	1274.2867
651.29816	1375.1277
651.34985	1478.4473
651.40149	1330.1083
651.45319	1391.9183
651.50482	1237.0815
651.55652	1309.5385
651.60815	1352.8379
651.65985	1340.0383
651.71155	1356.1145
651.76318	1319.3239
651.81488	1488.6281
651.86652	1406.7632
651.91821	1286.8676
651.96985	1282.147
652.02155	1197.4097
652.07318	1316.2456
652.12488	1256.2053
652.17651	1346.0325
652.22821	1204.4354
652.27985	1301.6671
652.33154	1321.4503
652.38318	1374.361
652.43488	1839.6749
652.48657	1604.1171
652.53821	1434.1888
652.5899	1334.573
652.64154	1246.3733
652.69324	1253.5784
652.74487	1280.8138
652.79657	1449.6082
652.84821	1525.4003
652.8999	1346.5778
652.95154	1275.3511
653.00323	1247.8402
653.05487	1236.5527
653.10657	1294.4235
653.15826	1252.3361
653.2099	1259.9071
653.2616	1213.1707
653.31323	1261.332
653.36493	1211.9257
653.41656	1209.2605
653.46826	1498.1804
653.5199	1445.0271
653.57159	1380.0316
653.62323	1427.5719
653.67493	1321.5455
653.72656	1335.0291
653.77826	1328.7272
653.8299	1275.6232
653.88159	1252.2198
653.93329	1286.8152
653.98492	1220.9808
654.03662	1172.6406
654.08826	1235.0038
654.13995	1222.8492
654.19159	1212.5564
654.24329	1281.5597
654.29492	1266.126
654.34662	1267.1077
654.39825	1551.5416
654.44995	1600.5022
654.50159	1348.8436
654.55328	1294.2257
654.60498	1298.782
654.65662	1313.9083
654.70831	1280.9159
654.75995	1299.3468
654.81165	1371.024
654.86328	1333.124
654.91498	1409.165
654.96661	1390.4137
655.01831	1248.6171
655.06995	1235.8656
655.12164	1208.6683
655.17328	1246.4413
655.22498	1281.6648
655.27661	1332.5271
655.32831	1482.1385
655.38	1363.2438
655.43164	1333.6436
655.48334	1743.5599
655.53497	1576.8707
655.58667	1329.7471
655.63831	1423.6415
655.69	1368.8899
655.74164	1283.0829
655.79333	1325.3624
655.84497	1350.0123
655.89667	1331.0621
655.9483	1328.1592
656	1293.7234
656.0517	1301.3958
656.10333	1330.6987
656.15503	1311.1458
656.20667	1239.444
656.25836	1237.3831
656.31	1259.424
656.36169	1391.7589
656.41333	1441.4937
656.46503	1384.5037
656.51666	1373.9812
656.56836	1490.0399
656.62	1381.8357
656.67169	1260.0706
656.72339	1476.0782
656.77502	1582.3152
656.82672	1424.0332
656.87836	1343.6521
656.93005	1317.1895
656.98169	1229.8131
657.03339	1324.925
657.08502	1349.8436
657.13672	1327.0011
657.18835	1282.3446
657.24005	1283.7212
657.29169	1520.7971
657.34338	1577.467
657.39502	1389.063
657.44672	1287.7258
657.49841	1285.0132
657.55005	1231.9625
657.60175	1282.4335
657.65338	1339.7435
657.70508	1332.371
657.75671	1325.7135
657.80841	1474.8872
657.86005	1450.8107
657.91174	1326.3411
657.96338	1519.4198
658.01508	1444.6486
658.06671	1271.3469
658.11841	1260.3809
658.1701	1254.8865
658.22174	1282.9255
658.27344	1269.2886
658.32507	1257.8225
658.37677	1293.715
658.42841	1316.95
658.4801	1338.2692
658.53174	1441.6876
658.58344	1486.1039
658.63507	1333.4231
658.68677	1267.7977
658.7384	1579.734
658.7901	1745.2557
658.84174	1399.8555
658.89343	1250.8324
658.94513	1276.74
658.99677	1313.0532
659.04846	1298.7517
659.1001	1340.2861
659.15179	1362.5582
659.20343	1321.1683
659.25513	1319.6738
659.30676	1465.1627
659.35846	1477.6761
659.4101	1349.2866
659.46179	1413.9432
659.51343	1483.1521
659.56512	1463.1964
659.61682	1440.8342
659.66846	1673.3771
659.72015	2085.9143
659.77179	1791.9501
659.82349	1505.4471
659.87512	1360.817
659.92682	1283.1935
659.97845	1338.3177
660.03015	1340.4452
660.08179	1337.3838
660.13348	1305.2866
660.18512	1389.3658
660.23682	1444.2428
660.28845	1363.8865
660.34015	1430.3395
660.39185	1642.902
660.44348	1614.8164
660.49518	1351.6672
660.54681	1360.7601
660.59851	1279.9083
660.65015	1302.1138
660.70184	1322.8671
660.75348	1433.1436
660.80518	1412.4395
660.85681	1332.2
660.90851	1373.2288
660.96014	1312.3647
661.01184	1288.2797
661.06354	1354.6655
661.11517	1322.1663
661.16687	1388.161
661.21851	1391.1254
661.2702	1435.2626
661.32184	1458.2095
661.37354	1308.1317
661.42517	1482.8479
661.47687	1656.6362
661.5285	1390.4006
661.5802	1318.6572
661.63184	1425.1532
661.68353	1489.3585
661.73523	1256.9006
661.78687	1381.5229
661.83856	1871.7545
661.8902	2099.0339
661.94189	1368.8834
661.99353	1445.0371
662.04523	1430.264
662.09686	1354.4091
662.14856	1379.9729
662.2002	1375.6469
662.25189	1353.5171
662.30353	1291.6403
662.35522	1316.5636
662.40686	1363.0822
662.45856	1429.9708
662.51025	1367.0916
662.56189	1352.895
662.61359	1372.3148
662.66522	1278.485
662.71692	1316.334
662.76855	1316.9969
662.82025	1354.6937
662.87189	1283.3806
662.92358	1247.6337
662.97522	1351.1285
663.02692	1400.1604
663.07855	1431.7889
663.13025	1507.0432
663.18195	1264.0712
663.23358	1327.1355
663.28528	1346.7946
663.33691	1312.4098
663.38861	1270.7942
663.44025	1267.4807
663.49194	1440.5603
663.54358	1496.1449
663.59528	1553.0931
663.64691	1285.6604
663.69861	1371.3219
663.75024	1372.0565
663.80194	1529.8818
663.85358	1610.2377
663.90527	1440.1196
663.95697	1433.0455
664.00861	1613.2334
664.0603	1684.0148
664.11194	1267.4203
664.16364	1323.9951
664.21527	1316.179
664.26697	1318.7582
664.3186	1399.3295
664.3703	1696.9119
664.42194	2129.1316
664.47363	1403.1393
664.52527	1302.526
664.57697	1366.1461
664.62866	1377.3466
664.6803	1331.532
664.73199	1306.1219
664.78363	1376.5541
664.83533	1332.4969
664.88696	1385.2717
664.93866	1448.403
664.9903	1325.1196
665.04199	1357.3601
665.09363	1377.8353
665.14532	1358.9154
665.19696	1344.8971
665.24866	1281.1315
665.30029	1269.3416
665.35199	1385.9094
665.40369	1385.292
665.45532	1271.8872
665.50702	1402.2704
665.55865	1378.2897
665.61035	1308.1543
665.66199	1270.1691
665.71368	1380.4438
665.76532	1531.7482
665.81702	1441.9539
665.86865	1618.1599
665.92035	1289.7839
665.97198	1267.8066
666.02368	1466.1113
666.07538	1289.4008
666.12701	1340.7838
666.17871	1526.6686
666.23035	1308.1749
666.28204	1342.4888
666.33368	1344.7118
666.38538	1440.1272
666.43701	1369.4037
666.48871	1474.5607
666.54034	1331.1815
666.59204	1321.9552
666.64368	1337.7274
666.69537	1258.578
666.74707	1377.5039
666.79871	1390.8052
666.8504	1296.3988
666.90204	1287.6224
666.95374	1280.5044
667.00537	1267.1707
667.05707	1238.5521
667.1087	1273.6886
667.1604	1281.3607
667.21204	1312.9865
667.26373	1457.5813
667.31537	1600.2362
667.36707	1364.3857
667.4187	1389.0996
667.4704	1453.7819
667.52209	1448.2729
667.57373	1458.272
667.62543	1322.3138
667.67706	1349.1259
667.72876	1229.1553
667.7804	1365.5708
667.83209	1363.7141
667.88373	1233.0247
667.93542	1306.075
667.98706	1345.2318
668.03876	1373.4158
668.09039	1379.6923
668.14209	1345.7999
668.19379	1299.1527
668.24542	1390.6287
668.29712	1498.4275
668.34875	1550.8026
668.40045	1339.5237
668.45209	1387.1487
668.50378	1354.9508
668.55542	1362.5941
668.60712	1398.7533
668.65875	1259.4318
668.71045	1265.6163
668.76208	1346.3982
668.81378	1325.97
668.86542	1314.3662
668.91711	1504.4423
668.96881	1459.1835
669.02045	1405.7963
669.07214	1267.9934
669.12378	1324.3962
669.17548	1366.7004
669.22711	1304.2883
669.27881	1275.9614
669.33044	1240.8214
669.38214	1298.5156
669.43378	1338.6339
669.48547	1243.681
669.53711	1255.4979
669.58881	1397.1129
669.6405	1341.207
669.69214	1364.3695
669.74384	1231.8783
669.79547	1238.0378
669.84717	1344.2908
669.8988	1325.1814
669.9505	1368.6476
670.00214	1339.3322
670.05383	1321.6495
670.10547	1430.5146
670.15717	1466.0042
670.2088	1357.6614
670.2605	1353.9495
670.31213	1250.8517
670.36383	1323.4266
670.41553	1308.8801
670.46716	1332.6915
670.51886	1324.6315
670.5705	1366.7009
670.62219	1362.7903
670.67383	1255.7229
670.72552	1194.1309
670.77716	1452.6025
670.82886	1277.5422
670.88049	1841.7843
670.93219	1544.9541
670.98383	1283.4878
671.03552	1354.646
671.08722	1367.304
671.13885	1319.3007
671.19055	1434.4318
671.24219	1492.9531
671.29388	1484.4972
671.34552	1356.1641
671.39722	1298.7504
671.44885	1300.7494
671.50055	1262.8564
671.55219	1295.2983
671.60388	1288.4957
671.65552	1316.0444
671.70721	1314.6239
671.75885	1419.9091
671.81055	1496.8628
671.86224	1342.3391
671.91388	1468.6621
671.96558	1306.932
672.01721	1244.0159
672.06891	1230.912
672.12054	1224.0398
672.17224	1263.3077
672.22388	1268.1942
672.27557	1301.6215
672.32721	1255.8245
672.37891	1252.2578
672.43054	1315.9855
672.48224	1283.5374
672.53394	1494.6639
672.58557	1376.3987
672.63727	1210.6873
672.6889	1263.1621
672.7406	1353.5303
672.79224	1326.709
672.84393	1271.7236
672.89557	1294.989
672.94727	1355.955
672.9989	1359.0634
673.0506	1246.885
673.10223	1302.8813
673.15393	1343.5731
673.20563	1264.4624
673.25726	1247.7823
673.30896	1251.5739
673.3606	1387.9194
673.41229	1371.4471
673.46393	1264.3389
673.51563	1260.4495
673.56726	1411.1937
673.61896	1648.6807
673.67059	1383.3573
673.72229	1220.7552
673.77393	1233.6781
673.82562	1513.3612
673.87726	1559.4862
673.92896	1350.2654
673.98065	1342.5579
674.03229	1275.423
674.08398	1445.4231
674.13562	1407.7076
674.18732	1213.473
674.23895	1229.9697
674.29065	1328.8453
674.34229	1277.9742
674.39398	1225.4534
674.44562	1274.6096
674.49731	1287.0782
674.54895	1265.1993
674.60065	1249.8546
674.65234	1250.7307
674.70398	1290.3479
674.75568	1274.8644
674.80731	1581.1715
674.85901	1488.5618
674.91064	1226.7898
674.96234	1256.9568
675.01398	1270.7383
675.06567	1275.0137
675.11731	1335.8972
675.16901	1276.9478
675.22064	1260.6584
675.27234	1243.844
675.32397	1361.2279
675.37567	1421.9431
675.42737	1295.7086
675.479	1378.7926
675.5307	1451.1835
675.58234	1280.8018
675.63403	1413.059
675.68567	1385.9458
675.73737	1340.3828
675.789	1334.8971
675.8407	1228.9091
675.89233	1245.2863
675.94403	1229.3695
675.99567	1243.9938
676.04736	1469.0503
676.09906	1413.4702
676.1507	1211.095
676.20239	1283.4662
676.25403	1371.709
676.30573	1260.2998
676.35736	1220.3264
676.40906	1299.8239
676.46069	1420.0206
676.51239	1344.9287
676.56403	1301.4039
676.61572	1483.7729
676.66736	1367.8419
676.71906	1175.9418
676.77069	1251.6567
676.82239	1351.7064
676.87408	1459.6149
676.92572	1416.2952
676.97742	1305.6149
677.02905	1278.7001
677.08075	1235.0978
677.13239	1212.7185
677.18408	1551.1584
677.23572	1602.7817
677.28741	1326.5442
677.33905	1350.0714
677.39075	1382.335
677.44238	1259.1007
677.49408	1219.5184
677.54578	1267.4257
677.59741	1272.5985
677.64911	1268.4735
677.70074	1199.4447
677.75244	1270.788
677.80408	1338.1641
677.85577	1299.8606
677.90741	1359.1836
677.95911	1335.2548
678.01074	1273.6124
678.06244	1315.3523
678.11407	1410.4373
678.16577	1411.1018
678.21747	1266.3815
678.2691	1242.9598
678.3208	1221.0302
678.37244	1201.7333
678.42413	1356.1764
678.47577	1414.0095
678.52747	1214.6204
678.5791	1161.2062
678.6308	1290.8314
678.68243	1308.9331
678.73413	1261.7938
678.78577	1309.4044
678.83746	1267.5859
678.8891	1257.0957
678.9408	1404.6904
678.99249	1383.0675
679.04413	1262.1143
679.09583	1223.2957
679.14746	1211.7839
679.19916	1312.8679
679.25079	1294.726
679.30249	1300.4771
679.35413	1234.3042
679.40582	1167.7605
679.45746	1293.8262
679.50916	1565.0916
679.56079	1459.4883
679.61249	1139.9973
679.66418	1245.7468
679.71582	1273.5215
679.76752	1285.3433
679.81915	1254.3711
679.87085	1230.5098
679.92249	1264.8088
679.97418	1384.6006
680.02582	1417.8112
680.07751	1282.5309
680.12915	1259.0291
680.18085	1263.2495
680.23248	1358.101
680.28418	1351.1963
680.33582	1202.6184
680.38751	1197
680.43921	1234.9873
680.49084	1268.3086
680.54254	1252.7805
680.59418	1285.4231
680.64587	1252.1125
680.69751	1184.582
680.74921	1253.9335
680.80084	1400.4749
680.85254	1413.9445
680.90417	1278.429
680.95587	1288.433
681.00751	1297.3849
681.0592	1267.9052
681.1109	1280.6758
681.16254	1539.0297
681.21423	1535.5767
681.26587	1237.9069
681.31757	1263.1987
681.3692	1228.3397
681.4209	1232.8676
681.47253	1383.8931
681.52423	1291.4088
681.57587	1223.8405
681.62756	1479.7435
681.6792	1554.5822
681.7309	1271.613
681.78253	1288.1627
681.83423	1382.3973
681.88593	1286.2048
681.93756	1216.2081
681.98926	1337.7389
682.04089	1422.4628
682.09259	1356.3956
682.14423	1294.069
682.19592	1290.3832
682.24756	1273.1439
682.29926	1332.9869
682.35089	1365.616
682.40259	1277.8802
682.45422	1279.6517
682.50592	1254.194
682.55762	1288.1622
682.60925	1311.1292
682.66095	1289.1055
682.71259	1349.3229
682.76428	1309.1012
682.81592	1235.0964
682.86761	1219.0164
682.91925	1312.1536
682.97095	1459.8872
683.02258	1314.9824
683.07428	1136.9515
683.12592	1199.3258
683.17761	1305.2642
683.22931	1314.6897
683.28094	1263.2155
683.33264	1333.2054
683.38428	1325.1488
683.43597	1336.5253
683.48761	1328.6183
683.53931	1377.0935
683.59094	1410.6371
683.64264	1354.3442
683.69427	1299.1448
683.74597	1287.3165
683.79761	1359.0854
683.8493	1294.0247
683.90094	1282.0494
683.95264	1315.4376
684.00433	1375.3561
684.05597	1499.7266
684.10767	1362.0168
684.1593	1286.8196
684.211	1269.6033
684.26263	1274.3358
684.31433	1211.1837
684.36597	1256.077
684.41766	1294.4294
684.4693	1264.3273
684.521	1326.1758
684.57263	1420.0508
684.62433	1692.2246
684.67603	1779.9507
684.72766	1410.2786
684.77936	1294.6395
684.83099	1241.303
684.88269	1235.6969
684.93433	1297.8331
684.98602	1425.0714
685.03766	1527.3568
685.08936	1410.0919
685.14099	1268.3002
685.19269	1294.2188
685.24432	1265.9733
685.29602	1258.5278
685.34766	1267.5938
685.39935	1231.8951
685.45105	1258.1102
685.50269	1200.5596
685.55438	1220.67
685.60602	1224.8491
685.65771	1358.3198
685.70935	1511.5587
685.76105	1348.5651
685.81268	1354.61
685.86438	1289.8363
685.91602	1256.0028
685.96771	1316.4773
686.01935	1302.4232
686.07104	1223.7635
686.12274	1199.1874
686.17438	1216.7104
686.22607	1228.9348
686.27771	1228.6021
686.32941	1238.7839
686.38104	1253.7432
686.43274	1296.6962
686.48438	1247.0388
686.53607	1194.5034
686.58771	1349.6652
686.6394	1576.9388
686.69104	1396.7877
686.74274	1312.3547
686.79437	1349.7645
686.84607	1273.5735
686.89777	1217.9287
686.9494	1226.649
687.0011	1306.2791
687.05273	1282.3763
687.10443	1318.97
687.15607	1374.8245
687.20776	1287.3188
687.2594	1267.3978
687.3111	1225.1635
687.36273	1176.1063
687.41443	1257.3228
687.46606	1284.1095
687.51776	1431.1111
687.56946	1395.5439
687.62109	1324.6158
687.67279	1629.973
687.72443	1667.0753
687.77612	1275.1071
687.82776	1332.0795
687.87946	1322.2629
687.93109	1239.3267
687.98279	1266.745
688.03442	1195.4641
688.08612	1175.9635
688.13776	1275.6688
688.18945	1280.4724
688.24115	1253.7894
688.29279	1267.8542
688.34448	1259.7393
688.39612	1282.2605
688.44781	1255.6196
688.49945	1187.8317
688.55115	1282.9152
688.60278	1384.5541
688.65448	1299.7682
688.70612	1337.7682
688.75781	1381.9597
688.80945	1365.6937
688.86115	1195.8813
688.91278	1326.293
688.96448	1494.8157
689.01617	1403.4805
689.06781	1335.8691
689.11951	1338.3301
689.17114	1267.7318
689.22284	1279.6923
689.27448	1305.7043
689.32617	1265.4095
689.37781	1270.9271
689.4295	1252.7821
689.48114	1427.5869
689.53284	1545.4104
689.58447	1409.2362
689.63617	1283.8579
689.68787	1264.2268
689.7395	1226.3663
689.7912	1219.1093
689.84283	1272.1511
689.89453	1310.0287
689.94617	1306.4077
689.99786	1463.1881
690.0495	1494.8219
690.1012	1345.2798
690.15283	1483.2721
690.20453	1410.7767
690.25616	1296.2211
690.30786	1278.6632
690.3595	1232.7521
690.41119	1252.989
690.46289	1288.1304
690.51453	1262.3633
690.56622	1257.7354
690.61786	1321.9725
690.66956	1329.4175
690.72119	1373.4147
690.77289	1429.6284
690.82452	1337.3439
690.87622	1337.1346
690.92786	1613.6945
690.97955	1666.9631
691.03119	1352.095
691.08289	1259.3616
691.13458	1270.4702
691.18622	1292.1024
691.23792	1241.4694
691.28955	1241.4642
691.34125	1306.1545
691.39288	1292.8809
691.44458	1286.5139
691.49622	1427.0421
691.54791	1458.6504
691.59955	1309.6084
691.65125	1395.4576
691.70288	1488.7999
691.75458	1483.3027
691.80621	1442.8212
691.85791	1769.1418
691.90961	2069.3958
691.96124	1718.6561
692.01294	1417.8667
692.06458	1289.9254
692.11627	1297.0038
692.16791	1354.6042
692.2196	1353.6155
692.27124	1400.6498
692.32294	1296.6466
692.37457	1384.6237
692.42627	1435.1719
692.47791	1349.2644
692.5296	1429.4921
692.5813	1695.4176
692.63293	1478.231
692.68463	1282.0986
692.73627	1297.5933
692.78796	1251.1842
692.8396	1248.9034
692.8913	1292.9933
692.94293	1418.4797
692.99463	1353.1567
693.04626	1275.0072
693.09796	1358.0089
693.1496	1346.022
693.20129	1314.5623
693.25293	1295.6294
693.30463	1341.83
693.35632	1391.5977
693.40796	1361.8069
693.45966	1450.9136
693.51129	1428.9926
693.56299	1315.7583
693.61462	1553.0255
693.66632	1527.347
693.71796	1352.9498
693.76965	1300.6411
693.82129	1489.3339
693.87299	1429.5381
693.92462	1289.2959
693.97632	1413.4489
694.02802	2073.0952
694.07965	1857.5508
694.13135	1438.7362
694.18298	1428.5287
694.23468	1372.1691
694.28632	1390.9813
694.33801	1422.3212
694.38965	1396.3152
694.44135	1308.2931
694.49298	1278.6903
694.54468	1286.5142
694.59631	1391.7509
694.64801	1402.2164
694.69971	1366.027
694.75134	1408.4396
694.80304	1364.0116
694.85468	1294.6095
694.90637	1321.5831
694.95801	1339.9264
695.0097	1341.0536
695.06134	1255.9255
695.11304	1320.6769
695.16467	1429.5204
695.21637	1385.1488
695.26801	1538.9861
695.3197	1417.6249
695.37134	1309.6882
695.42303	1379.418
695.47473	1355.6539
695.52637	1260.2173
695.57806	1209.074
695.6297	1317.7972
695.6814	1438.9348
695.73303	1626.0406
695.78473	1448.793
695.83636	1333.7346
695.88806	1365.2878
695.9397	1397.6251
695.99139	1602.9514
696.04303	1483.3035
696.09473	1405.835
696.14642	1441.116
696.19806	1757.5165
696.24976	1456.6925
696.30139	1311.1938
696.35309	1322.0999
696.40472	1304.4211
696.45642	1346.1377
696.50806	1388.9629
696.55975	2116.2617
696.61139	1782.8151
696.66309	1324.8169
696.71472	1384.4287
696.76642	1367.922
696.81805	1359.7382
696.86975	1305.9452
696.92145	1368.6218
696.97308	1334.7979
697.02478	1377.9528
697.07642	1431.9651
697.12811	1378.0767
697.17975	1359.3821
697.23145	1379.3152
697.28308	1332.271
697.33478	1332.6552
697.38641	1280.549
697.43811	1279.832
697.48975	1391.2289
697.54144	1365.5861
697.59314	1299.8685
697.64478	1313.1039
697.69647	1370.4136
697.74811	1359.683
697.7998	1327.8016
697.85144	1328.8503
697.90314	1434.1833
697.95477	1548.8673
698.00647	1610.7631
698.05811	1451.7661
698.1098	1264.2399
698.16144	1385.0361
698.21313	1374.3499
698.26477	1309.5404
698.31647	1501.8649
698.36816	1441.0826
698.4198	1343.516
698.4715	1312.9697
698.52313	1391.0143
698.57483	1351.1906
698.62646	1447.4709
698.67816	1362.0576
698.7298	1305.4634
698.78149	1345.1565
698.83313	1300.8555
698.88483	1271.646
698.93646	1391.59
698.98816	1336.3668
699.03986	1330.661
699.09149	1320.1024
699.14319	1306.1473
699.19482	1266.3495
699.24652	1250.5138
699.29816	1266.452
699.34985	1259.5533
699.40149	1423.7533
699.45319	1525.1689
699.50482	1441.0765
699.55652	1414.4882
699.60815	1475.4016
699.65985	1456.7004
699.71155	1562.7567
699.76318	1378.3285
699.81488	1354.6233
699.86652	1294.2617
699.91821	1256.8282
699.96985	1402.9303
700.02155	1334.3383
700.07318	1331.3708
700.12488	1370.9441
700.17651	1406.5457
700.22821	1418.4559
700.27985	1467.2908
700.33154	1260.2354
700.38318	1408.0905
700.43488	1455.4459
700.48657	1511.3633
700.53821	1392.9441
700.5899	1344.9215
700.64154	1328.4723
700.69324	1373.6941
700.74487	1513.8785
700.79657	1311.6111
700.84821	1225.0273
700.8999	1322.275
700.95154	1314.8921
701.00323	1325.085
701.05487	1413.6973
701.10657	1536.4482
701.15826	1552.9596
701.2099	1371.7048
701.2616	1331.1549
701.31323	1336.6552
701.36493	1360.5715
701.41656	1317.6935
701.46826	1225.7003
701.5199	1293.2466
701.57159	1352.6659
701.62323	1335.2235
701.67493	1248.6431
701.72656	1387.5872
701.77826	1352.2107
701.8299	1462.5465
701.88159	1258.5306
701.93329	1274.8752
701.98492	1349.597
702.03662	1356.8412
702.08826	1335.4923
702.13995	1358.3975
702.19159	1313.6821
702.24329	1420.4437
702.29492	1469.559
702.34662	1377.7155
702.39825	1409.1521
702.44995	1288.5568
702.50159	1307.386
702.55328	1323.8921
702.60498	1323.7228
702.65662	1341.6038
702.70831	1416.3584
702.75995	1396.7168
702.81165	1272.6034
702.86328	1209.095
702.91498	1406.5159
702.96661	1311.4587
703.01831	1629.9688
703.06995	1752.9924
703.12164	1331.4402
703.17328	1350.8444
703.22498	1392.6477
703.27661	1336.2175
703.32831	1385.0549
703.38	1489.3744
703.43164	1447.4739
703.48334	1398.5159
703.53497	1288.8115
703.58667	1291.0679
703.63831	1311.4266
703.69	1380.231
703.74164	1352.9877
703.79333	1400.3806
703.84497	1359.4636
703.89667	1403.8899
703.9483	1460.3706
704	1411.5748
704.0517	1519.8501
704.10333	1367.5349
704.15503	1248.6334
704.20667	1264.0424
704.25836	1282.3065
704.31	1306.2675
704.36169	1337.797
704.41333	1394.2515
704.46503	1349.5958
704.51666	1310.8988
704.56836	1298.1331
704.62	1301.9319
704.67169	1471.7599
704.72339	1458.2823
704.77502	1273.8121
704.82672	1308.9592
704.87836	1370.6243
704.93005	1360.0927
704.98169	1292.0327
705.03339	1313.1351
705.08502	1357.8684
705.13672	1396.1061
705.18835	1323.9474
705.24005	1329.1051
705.29169	1370.1359
705.34338	1301.8479
705.39502	1278.3804
705.44672	1267.905
705.49841	1371.9784
705.55005	1406.2882
705.60175	1317.9019
705.65338	1322.6135
705.70508	1431.2133
705.75671	1665.3888
705.80841	1463.3632
705.86005	1294.1409
705.91174	1281.6204
705.96338	1556.103
706.01508	1608.4897
706.06671	1416.8596
706.11841	1358.8463
706.1701	1264.8771
706.22174	1438.6885
706.27344	1429.9172
706.32507	1247.0177
706.37677	1297.1089
706.42841	1356.1396
706.4801	1314.7156
706.53174	1279.9867
706.58344	1278.9363
706.63507	1323.7347
706.68677	1305.3047
706.7384	1253.9802
706.7901	1272.9692
706.84174	1347.8146
706.89343	1315.9036
706.94513	1628.2002
706.99677	1481.6851
707.04846	1221.6056
707.1001	1250.5121
707.15179	1325.6919
707.20343	1304.3538
707.25513	1369.3207
707.30676	1309.7042
707.35846	1285.1877
707.4101	1228.5701
707.46179	1381.6176
707.51343	1495.5601
707.56512	1372.7388
707.61682	1462.1116
707.66846	1515.6824
707.72015	1382.8713
707.77179	1489.0848
707.82349	1387.9412
707.87512	1414.1484
707.92682	1364.609
707.97845	1320.0992
708.03015	1288.3529
708.08179	1249.0103
708.13348	1261.0112
708.18512	1531.1095
708.23682	1437.2692
708.28845	1219.8196
708.34015	1325.4468
708.39185	1448.6373
708.44348	1398.1226
708.49518	1300.5991
708.54681	1341.444
708.59851	1476.3713
708.65015	1363.2428
708.70184	1372.4976
708.75348	1547.1697
708.80518	1390.9805
708.85681	1263.6428
708.90851	1312.8254
708.96014	1353.1781
709.01184	1478.9379
709.06354	1306.2429
709.11517	1297.0066
709.16687	1285.6067
709.21851	1329.1729
709.2702	1254.2728
709.32184	1638.2582
709.37354	1486.5338
709.42517	1338.0818
709.47687	1412.7981
709.5285	1489.0028
709.5802	1282.3165
709.63184	1239.3694
709.68353	1267.6029
709.73523	1371.2439
709.78687	1313.457
709.83856	1275.2014
709.8902	1327.6381
709.94189	1351.0055
709.99353	1317.9521
710.04523	1452.7238
710.09686	1356.7344
710.14856	1377.6718
710.2002	1363.6948
710.25189	1418.2716
710.30353	1356.1788
710.35522	1292.8134
710.40686	1197.2524
710.45856	1207.1045
710.51025	1225.1852
710.56189	1491.8394
710.61359	1484.6019
710.66522	1253.5869
710.71692	1208.2985
710.76855	1345.3981
710.82025	1311.037
710.87189	1313.4346
710.92358	1312.0975
710.97522	1289.3401
711.02692	1311.4353
711.07855	1542.9705
711.13025	1349.9006
711.18195	1335.9202
711.23358	1235.8872
711.28528	1300.6973
711.33691	1381.1373
711.38861	1361.6748
711.44025	1349.4707
711.49194	1264.6107
711.54358	1317.4435
711.59528	1424.3295
711.64691	1733.6263
711.69861	1298.4958
711.75024	1231.9772
711.80194	1236.5142
711.85358	1313.1057
711.90527	1255.2667
711.95697	1181.1008
712.00861	1215.1376
712.0603	1297.6073
712.11194	1488.1969
712.16364	1398.5807
712.21527	1375.9689
712.26697	1310.2201
712.3186	1233.6283
712.3703	1388.677
712.42194	1348.522
712.47363	1267.4779
712.52527	1232.7168
712.57697	1281.717
712.62866	1292.3666
712.6803	1275.6299
712.73199	1350.8234
712.78363	1205.6986
712.83533	1237.0541
712.88696	1403.3998
712.93866	1648.5792
712.9903	1334.7074
713.04199	1285.5569
713.09363	1372.9847
713.14532	1437.7213
713.19696	1313.0229
713.24866	1409.7393
713.30029	1746.6825
713.35199	1378.8589
713.40369	1301.4423
713.45532	1295.8677
713.50702	1282.1273
713.55865	1340.1959
713.61035	1397.441
713.66199	1259.6206
713.71368	1342.0452
713.76532	1697.6631
713.81702	1440.4506
713.86865	1249.7963
713.92035	1472.2373
713.97198	1437.2897
714.02368	1326.3755
714.07538	1376.8265
714.12701	1425.0171
714.17871	1315.8167
714.23035	1337.7938
714.28204	1332.126
714.33368	1321.1071
714.38538	1323.6082
714.43701	1425.3396
714.48871	1398.7881
714.54034	1286.663
714.59204	1320.746
714.64368	1269.1256
714.69537	1467.0464
714.74707	1302.5328
714.79871	1427.4996
714.8504	1354.6312
714.90204	1281.0459
714.95374	1272.2692
715.00537	1188.7408
715.05707	1496.3871
715.1087	1515.1178
715.1604	1262.6898
715.21204	1241.3651
715.26373	1304.6919
715.31537	1368.0651
715.36707	1271.5549
715.4187	1343.7194
715.4704	1307.567
715.52209	1435.2523
715.57373	1298.7656
715.62543	1456.2068
715.67706	1451.2588
715.72876	1332.7938
715.7804	1441.6857
715.83209	1274.0295
715.88373	1406.9683
715.93542	1380.3121
715.98706	1280.796
716.03876	1407.338
716.09039	1284.2954
716.14209	1644.7231
716.19379	1470.3911
716.24542	1331.6846
716.29712	1288.3191
716.34875	1320.1115
716.40045	1326.3112
716.45209	1230.3401
716.50378	1394.1017
716.55542	1234.9425
716.60712	1345.7167
716.65875	1405.3785
716.71045	1491.5149
716.76208	1919.8407
716.81378	1510.8455
716.86542	1348.2303
716.91711	1312.736
716.96881	1348.1471
717.02045	1363.3358
717.07214	1278.1925
717.12378	1473.8636
717.17548	1474.3472
717.22711	1294.012
717.27881	1333.9301
717.33044	1313.9828
717.38214	1244.2954
717.43378	1298.8529
717.48547	1340.3026
717.53711	1317.3855
717.58881	1274.0321
717.6405	1313.0449
717.69214	1296.4225
717.74384	1274.4514
717.79547	1665.4414
717.84717	1436.77
717.8988	1349.7019
717.9505	1377.2734
718.00214	1315.7031
718.05383	1401.7791
718.10547	1336.5471
718.15717	1285.6561
718.2088	1251.1307
718.2605	1300.0491
718.31213	1264.3434
718.36383	1204.329
718.41553	1239.8218
718.46716	1267.1329
718.51886	1311.0121
718.5705	1382.9047
718.62219	1316.5477
718.67383	1320.517
718.72552	1640.0527
718.77716	1490.7866
718.82886	1399.9266
718.88049	1425.7275
718.93219	1315.8629
718.98383	1337.1329
719.03552	1326.5021
719.08722	1361.6897
719.13885	1322.802
719.19055	1348.048
719.24219	1424.6448
719.29388	1319.017
719.34552	1311.8689
719.39722	1306.5527
719.44885	1214.2118
719.50055	1337.6581
719.55219	1367.7998
719.60388	1415.3043
719.65552	1553.8682
719.70721	1396.1893
719.75885	1576.6298
719.81055	1819.7642
719.86224	1381.6624
719.91388	1393.5569
719.96558	1519.637
720.01721	1362.8971
720.06891	1379.2284
720.12054	1322.2883
720.17224	1311.6984
720.22388	1311.6527
720.27557	1330.0414
720.32721	1329.4343
720.37891	1328.9409
720.43054	1287.6309
720.48224	1319.8619
720.53394	1306.3016
720.58557	1299.9171
720.63727	1328.7045
720.6889	1490.7224
720.7406	1388.1616
720.79224	1396.8246
720.84393	1447.3689
720.89557	1495.9128
720.94727	1238.9465
720.9989	1333.2399
721.0506	1553.0311
721.10223	1459.5287
721.15393	1337.3971
721.20563	1307.7683
721.25726	1240.1881
721.30896	1386.1416
721.3606	1457.0197
721.41229	1356.8347
721.46393	1338.1914
721.51563	1288.6422
721.56726	1479.1855
721.61896	1546.5321
721.67059	1429.4856
721.72229	1311.2466
721.77393	1256.066
721.82562	1249.1703
721.87726	1259.61
721.92896	1338.2301
721.98065	1373.8303
722.03229	1374.7042
722.08398	1471.3259
722.13562	1528.2461
722.18732	1394.5276
722.23895	1498.7804
722.29065	1455.3
722.34229	1335.675
722.39398	1334.5688
722.44562	1316.8984
722.49731	1278.6842
722.54895	1257.7505
722.60065	1259.3082
722.65234	1260.6971
722.70398	1329.0884
722.75568	1370.3418
722.80731	1448.8228
722.85901	1478.146
722.91064	1366.5564
722.96234	1358.1726
723.01398	1699.6937
723.06567	1798.3022
723.11731	1378.7533
723.16901	1239.6205
723.22064	1299.4186
723.27234	1298.1304
723.32397	1300.6263
723.37567	1329.2273
723.42737	1341.4274
723.479	1309.0494
723.5307	1330.0416
723.58234	1496.2593
723.63403	1483.4456
723.68567	1324.0167
723.73737	1393.1765
723.789	1473.2743
723.8407	1514.8547
723.89233	1443.8667
723.94403	1875.2843
723.99567	2032.2145
724.04736	1727.5238
724.09906	1473.3905
724.1507	1340.0236
724.20239	1313.1672
724.25403	1389.8586
724.30573	1414.9429
724.35736	1431.5242
724.40906	1310.6823
724.46069	1444.9
724.51239	1425.1726
724.56403	1391.1954
724.61572	1467.2186
724.66736	1764.6046
724.71906	1446.8127
724.77069	1355.3615
724.82239	1297.8833
724.87408	1248.1639
724.92572	1249.0916
724.97742	1341.2422
725.02905	1521.095
725.08075	1406.364
725.13239	1346.7448
725.18408	1394.799
725.23572	1370.3196
725.28741	1336.0128
725.33905	1250.719
725.39075	1311.9288
725.44238	1406.9442
725.49408	1405.722
725.54578	1449.3834
725.59741	1375.76
725.64911	1318.4026
725.70074	1655.7727
725.75244	1527.5085
725.80408	1416.4244
725.85577	1358.5043
725.90741	1587.1304
725.95911	1333.2029
726.01074	1302.5131
726.06244	1477.3077
726.11407	2322.1609
726.16577	1577.4789
726.21747	1427.8903
726.2691	1474.4723
726.3208	1347.3162
726.37244	1351.4222
726.42413	1351.7881
726.47577	1402.6588
726.52747	1303.1219
726.5791	1370.8859
726.6308	1319.6979
726.68243	1435.902
726.73413	1435.9297
726.78577	1340.9872
726.83746	1440.348
726.8891	1299.2404
726.9408	1337.7
726.99249	1346.6058
727.04413	1411.7394
727.09583	1379.0996
727.14746	1272.6681
727.19916	1343.512
727.25079	1473.5406
727.30249	1416.4272
727.35413	1620.0018
727.40582	1299.4027
727.45746	1382.0427
727.50916	1419.8663
727.56079	1363.4108
727.61249	1347.2504
727.66418	1204.5416
727.71582	1458.8599
727.76752	1476.4056
727.81915	1744.9386
727.87085	1270.9255
727.92249	1329.5266
727.97418	1418.6963
728.02582	1405.6431
728.07751	1639.7178
728.12915	1432.6711
728.18085	1466.7352
728.23248	1503.7189
728.28418	1878.3093
728.33582	1260.8606
728.38751	1383.1713
728.43921	1347.4437
728.49084	1323.9926
728.54254	1382.3673
728.59418	1452.801
728.64587	2458.8186
728.69751	1436.4995
728.74921	1296.0526
728.80084	1419.9
728.85254	1354.2147
728.90417	1338.021
728.95587	1300.4214
729.00751	1419.9032
729.0592	1299.8569
729.1109	1385.9442
729.16254	1471.7103
729.21423	1360.5717
729.26587	1356.1327
729.31757	1421.244
729.3692	1377.9401
729.4209	1297.7924
729.47253	1334.0641
729.52423	1329.915
729.57587	1415.9911
729.62756	1387.3229
729.6792	1293.2971
729.7309	1414.5129
729.78253	1416.1111
729.83423	1366.4127
729.88593	1276.7489
729.93756	1339.1792
729.98926	1581.02
730.04089	1534.7616
730.09259	1634.8842
730.14423	1277.5897
730.19592	1335.9625
730.24756	1446.014
730.29926	1273.323
730.35089	1384.9042
730.40259	1553.4713
730.45422	1330.7328
730.50592	1350.6757
730.55762	1373.9741
730.60925	1481.9402
730.66095	1401.7528
730.71259	1496.9108
730.76428	1318.7238
730.81592	1306.4788
730.86761	1323.5557
730.91925	1233.2278
730.97095	1324.5848
731.02258	1371.4078
731.07428	1335.8929
731.12592	1324.6281
731.17761	1284.4235
731.22931	1256.4191
731.28094	1281.0088
731.33264	1292.8491
731.38428	1304.9319
731.43597	1337.5681
731.48761	1476.3687
731.53931	1503.3954
731.59094	1386.7488
731.64264	1407.8403
731.69427	1445.314
731.74597	1504.9351
731.79761	1480.3018
731.8493	1364.1735
731.90094	1359.5751
731.95264	1312.6154
732.00433	1378.7644
732.05597	1347.2552
732.10767	1314.9905
732.1593	1341.2318
732.211	1375.6819
732.26263	1461.2799
732.31433	1458.8452
732.36597	1331.3916
732.41766	1329.0707
732.4693	1399.3268
732.521	1517.5238
732.57263	1492.9272
732.62433	1379.0518
732.67603	1371.8606
732.72766	1332.9188
732.77936	1419.3264
732.83099	1367.1805
732.88269	1271.5699
732.93433	1299.2463
732.98602	1395.436
733.03766	1366.96
733.08936	1422.8755
733.14099	1551.8827
733.19269	1489.5106
733.24432	1390.0491
733.29602	1332.6053
733.34766	1377.5276
733.39935	1358.886
733.45105	1335.7527
733.50269	1271.7025
733.55438	1308.5857
733.60602	1342.5813
733.65771	1330.639
733.70935	1262.3026
733.76105	1335.832
733.81268	1388.4482
733.86438	1399.7372
733.91602	1304.6622
733.96771	1252.0383
734.01935	1297.8583
734.07104	1370.3616
734.12274	1347.9087
734.17438	1379.7375
734.22607	1359.3823
734.27771	1386.2903
734.32941	1499.1893
734.38104	1433.099
734.43274	1398.712
734.48438	1335.3025
734.53607	1318.2833
734.58771	1331.2076
734.6394	1342.67
734.69104	1368.9932
734.74274	1395.619
734.79437	1426.5272
734.84607	1338.7809
734.89777	1258.7253
734.9494	1367.9363
735.0011	1369.7905
735.05273	1560.4796
735.10443	1797.2102
735.15607	1361.912
735.20776	1383.4042
735.2594	1413.0487
735.3111	1377.2731
735.36273	1410.4836
735.41443	1531.322
735.46606	1475.7876
735.51776	1387.2463
735.56946	1352.8392
735.62109	1332.7711
735.67279	1310.4136
735.72443	1291.3048
735.77612	1290.7064
735.82776	1385.7031
735.87946	1292.6768
735.93109	1363.2273
735.98279	1477.4551
736.03442	1414.6228
736.08612	1526.3497
736.13776	1463.0626
736.18945	1298.7113
736.24115	1250.2064
736.29279	1255.7937
736.34448	1309.8528
736.39612	1312.3859
736.44781	1390.5088
736.49945	1358.3214
736.55115	1313.6112
736.60278	1338.365
736.65448	1284.6437
736.70612	1427.2922
736.75781	1436.5125
736.80945	1277.6086
736.86115	1305.9861
736.91278	1382.58
736.96448	1386.3468
737.01617	1297.938
737.06781	1310.6692
737.11951	1335.137
737.17114	1397.8715
737.22284	1291.4088
737.27448	1353.118
737.32617	1316.1505
737.37781	1259.965
737.4295	1274.6886
737.48114	1276.3417
737.53284	1413.8879
737.58447	1422.8188
737.63617	1267.4315
737.68787	1278.377
737.7395	1429.746
737.7912	1716.2284
737.84283	1460.642
737.89453	1293.4384
737.94617	1299.4489
737.99786	1592.4131
738.0495	1581.8555
738.1012	1374.2325
738.15283	1328.7552
738.20453	1199.9132
738.25616	1458.7081
738.30786	1420.0027
738.3595	1242.2858
738.41119	1256.0745
738.46289	1364.9363
738.51453	1326.9797
738.56622	1325.4648
738.61786	1324.2922
738.66956	1326.6149
738.72119	1275.7972
738.77289	1257.9332
738.82452	1289.5709
738.87622	1325.6766
738.92786	1296.3114
738.97955	1686.7118
739.03119	1406.1162
739.08289	1209.7444
739.13458	1288.2587
739.18622	1301.8737
739.23792	1301.6068
739.28955	1378.6658
739.34125	1276.2799
739.39288	1335.4872
739.44458	1221.8621
739.49622	1434.4078
739.54791	1403.4403
739.59955	1332.479
739.65125	1506.1537
739.70288	1497.3881
739.75458	1307.3392
739.80621	1514.0502
739.85791	1306.1304
739.90961	1424.0106
739.96124	1292.0677
740.01294	1291.0476
740.06458	1245.8052
740.11627	1229.7797
740.16791	1282.7577
740.2196	1579.6443
740.27124	1367.0649
740.32294	1267.4523
740.37457	1370.2067
740.42627	1404.4972
740.47791	1250.4529
740.5296	1227.6678
740.5813	1307.5236
740.63293	1453.9038
740.68463	1257.9171
740.73627	1358.8529
740.78796	1504.0021
740.8396	1318.8833
740.8913	1221.7285
740.94293	1359.4344
740.99463	1460.1534
741.04626	1581.0352
741.09796	1272.3607
741.1496	1314.7196
741.20129	1345.0497
741.25293	1313.8259
741.30463	1257.7577
741.35632	1869.6633
741.40796	1320.4066
741.45966	1315.424
741.51129	1360.8318
741.56299	1409.4452
741.61462	1264.6047
741.66632	1246.9297
741.71796	1248.3889
741.76965	1349.5341
741.82129	1239.4022
741.87299	1226.2937
741.92462	1434.4238
741.97632	1440.5044
742.02802	1299.3715
742.07965	1434.5969
742.13135	1284.9001
742.18298	1329.6125
742.23468	1309.9855
742.28632	1491.6251
742.33801	1343.3593
742.38965	1263.7362
742.44135	1165.8607
742.49298	1237.8468
742.54468	1206.6523
742.59631	1545.4165
742.64801	1316.8663
742.69971	1219.2798
742.75134	1267.6039
742.80304	1402.6971
742.85468	1246.656
742.90637	1330.3081
742.95801	1266.8248
743.0097	1227.1177
743.06134	1299.973
743.11304	1550.2673
743.16467	1306.5072
743.21637	1332.6252
743.26801	1212.9978
743.3197	1313.9086
743.37134	1297.0219
743.42303	1283.4382
743.47473	1335.4812
743.52637	1233.723
743.57806	1372.9812
743.6297	1529.7307
743.6814	1707.9668
743.73303	1177.4065
743.78473	1239.8333
743.83636	1307
743.88806	1306.7798
743.9397	1297.6536
743.99139	1283.3636
744.04303	1318.4474
744.09473	1334.2145
744.14642	1469.2666
744.19806	1343.4646
744.24976	1311.9109
744.30139	1239.2889
744.35309	1317.9108
744.40472	1486.3066
744.45642	1283.3477
744.50806	1234.2352
744.55975	1241.2655
744.61139	1323.0305
744.66309	1312.9521
744.71472	1333.4702
744.76642	1346.0778
744.81805	1292.6626
744.86975	1282.7784
744.92145	1461.3839
744.97308	1524.677
745.02478	1317.5031
745.07642	1365.4388
745.12811	1388.5375
745.17975	1317.1932
745.23145	1288.3799
745.28308	1538.4041
745.33478	1565.1046
745.38641	1279.9149
745.43811	1274.8209
745.48975	1216.4142
745.54144	1237.1987
745.59314	1349.6299
745.64478	1317.3857
745.69647	1249.9131
745.74811	1501.4528
745.7998	1582.5035
745.85144	1299.3496
745.90314	1349.6421
745.95477	1443.0354
746.00647	1308.7115
746.05811	1283.7842
746.1098	1350.8771
746.16144	1392.0548
746.21313	1358.4728
746.26477	1342.873
746.31647	1328.6847
746.36816	1284.0599
746.4198	1420.2511
746.4715	1452.0417
746.52313	1289.9231
746.57483	1267.1494
746.62646	1263.9672
746.67816	1315.389
746.7298	1332.2576
746.78149	1335.9425
746.83313	1323.0879
746.88483	1291.1506
746.93646	1234.5876
746.98816	1198.8093
747.03986	1378.0292
747.09149	1531.6722
747.14319	1330.0819
747.19482	1230.4813
747.24652	1267.7982
747.29816	1310.7236
747.34985	1305.2899
747.40149	1287.7129
747.45319	1303.754
747.50482	1351.156
747.55652	1334.4493
747.60815	1381.5823
747.65985	1494.1736
747.71155	1404.5686
747.76318	1411.9617
747.81488	1285.2429
747.86652	1350.0398
747.91821	1387.2411
747.96985	1303.1157
748.02155	1333.8735
748.07318	1305.5756
748.12488	1495.0901
748.17651	1475.1398
748.22821	1373.6255
748.27985	1327.0077
748.33154	1262.2612
748.38318	1250.1375
748.43488	1294.7837
748.48657	1366.9427
748.53821	1338.1913
748.5899	1313.8171
748.64154	1364.3038
748.69324	1408.0497
748.74487	1879.4581
748.79657	1576.7965
748.84821	1424.0873
748.8999	1302.9624
748.95154	1284.9209
749.00323	1342.6461
749.05487	1346.751
749.10657	1478.0038
749.15826	1580.3877
749.2099	1298.754
749.2616	1320.6246
749.31323	1282.5244
749.36493	1217.8209
749.41656	1295.1952
749.46826	1207.0221
749.5199	1338.9557
749.57159	1194.066
749.62323	1268.33
749.67493	1306.146
749.72656	1184.161
749.77826	1602.8666
749.8299	1455.0439
749.88159	1349.6425
749.93329	1396.5232
749.98492	1297.8922
750.03662	1438.5784
750.08826	1365.4176
750.13995	1278.9473
750.19159	1233.2279
750.24329	1302.5331
750.29492	1259.6292
750.34662	1228.1995
750.39825	1316.9944
750.44995	1230.4685
750.50159	1423.6819
750.55328	1329.3237
750.60498	1263.3706
750.65662	1298.4288
750.70831	1789.7864
750.75995	1496.2811
750.81165	1301.5579
750.86328	1441.7964
750.91498	1274.2148
750.96661	1268.7769
751.01831	1306.4567
751.06995	1328.6016
751.12164	1386.9434
751.17328	1363.1692
751.22498	1489.8358
751.27661	1341.1301
751.32831	1215.7671
751.38	1343.8571
751.43164	1214.406
751.48334	1367.8799
751.53497	1348.8801
751.58667	1405.2524
751.63831	1481.2668
751.69	1417.0933
751.74164	1550.5951
751.79333	1884.4423
751.84497	1305.304
751.89667	1396.843
751.9483	1529.7358
752	1359.6428
752.0517	1404.1708
752.10333	1370.7019
752.15503	1322.0149
752.20667	1358.3508
752.25836	1363.3951
752.31	1268.2134
752.36169	1344.6991
752.41333	1383.5295
752.46503	1353.5293
752.51666	1318.3594
752.56836	1290.6578
752.62	1328.9545
752.67169	1509.7054
752.72339	1412.3727
752.77502	1401.9558
752.82672	1472.7754
752.87836	1519.2878
752.93005	1328.8513
752.98169	1446.4078
753.03339	1612.345
753.08502	1503.4409
753.13672	1424.3549
753.18835	1423.5486
753.24005	1294.5636
753.29169	1380.3488
753.34338	1461.856
753.39502	1392.0804
753.44672	1364.9762
753.49841	1376.2716
753.55005	1507.0215
753.60175	1635.6305
753.65338	1436.9733
753.70508	1363.3213
753.75671	1336.4934
753.80841	1290.7733
753.86005	1336.4788
753.91174	1409.6997
753.96338	1424.405
754.01508	1430.8219
754.06671	1517.8643
754.11841	1475.745
754.1701	1398.299
754.22174	1509.0433
754.27344	1430.9661
754.32507	1375.7885
754.37677	1367.321
754.42841	1332.5961
754.4801	1328.9812
754.53174	1271.5153
754.58344	1269.6934
754.63507	1291.9783
754.68677	1388.4417
754.7384	1382.9619
754.7901	1444.8652
754.84174	1428.6003
754.89343	1349.6052
754.94513	1425.9542
754.99677	1764.3198
755.04846	1644.5526
755.1001	1354.8185
755.15179	1281.647
755.20343	1354.9086
755.25513	1321.4587
755.30676	1363.4641
755.35846	1420.4875
755.4101	1367.7296
755.46179	1316.9644
755.51343	1394.8104
755.56512	1494.866
755.61682	1383.0618
755.66846	1339.7767
755.72015	1509.4133
755.77179	1423.762
755.82349	1567.9292
755.87512	1362.6281
755.92682	1959.7113
755.97845	1934.5891
756.03015	1661.7192
756.08179	1476.8051
756.13348	1317.7645
756.18512	1367.4729
756.23682	1391.5118
756.28845	1402.869
756.34015	1335.8405
756.39185	1309.1147
756.44348	1585.4785
756.49518	1540.734
756.54681	1401.0177
756.59851	1568.2271
756.65015	1859.4701
756.70184	1329.8707
756.75348	1310.1594
756.80518	1293.0614
756.85681	1270.9526
756.90851	1380.4586
756.96014	1498.0295
757.01184	1383.4547
757.06354	1341.1667
757.11517	1394.9031
757.16687	1383.3798
757.21851	1300.162
757.2702	1369.8336
757.32184	1478.3137
757.37354	1479.2286
757.42517	1389.4722
757.47687	1450.6857
757.5285	1496.5212
757.5802	1340.3986
757.63184	1363.8341
757.68353	1719.5662
757.73523	1391.1393
757.78687	1463.281
757.83856	1339.4081
757.8902	1535.307
757.94189	1313.0967
757.99353	1369.371
758.04523	1577.5771
758.09686	2258.9141
758.14856	1359.557
758.2002	1343.4751
758.25189	1451.1635
758.30353	1400.0392
758.35522	1333.5372
758.40686	1407.5824
758.45856	1363.7058
758.51025	1288.6249
758.56189	1316.7833
758.61359	1332.0818
758.66522	1460.8293
758.71692	1465.4927
758.76855	1386.2944
758.82025	1474.744
758.87189	1391.5778
758.92358	1389.0453
758.97522	1291.6274
759.02692	1355.6823
759.07855	1557.4479
759.13025	1352.5952
759.18195	1557.6831
759.23358	1482.6276
759.28528	1339.7424
759.33691	1437.4957
759.38861	1279.6295
759.44025	1377.2377
759.49194	1517.3134
759.54358	1302.9333
759.59528	1320.896
759.64691	1305.6306
759.69861	1420.9818
759.75024	1489.3992
759.80194	1513.6073
759.85358	1339.1168
759.90527	1340.1947
759.95697	1421.5731
760.00861	1531.788
760.0603	1597.5442
760.11194	1430.9585
760.16364	1323.9805
760.21527	1539.073
760.26697	1514.645
760.3186	1275.6084
760.3703	1270.145
760.42194	1327.932
760.47363	1319.1057
760.52527	1321.1477
760.57697	1879.1249
760.62866	1873.1315
760.6803	1334.2034
760.73199	1359.6428
760.78363	1490.6115
760.83533	1396.7266
760.88696	1310.432
760.93866	1357.0363
760.9903	1368.2458
761.04199	1324.7517
761.09363	1481.1403
761.14532	1351.0763
761.19696	1431.7351
761.24866	1452.3501
761.30029	1432.8297
761.35199	1382.7104
761.40369	1402.9325
761.45532	1368.1772
761.50702	1366.917
761.55865	1373.7692
761.61035	1468.5437
761.66199	1481.1105
761.71368	1336.2031
761.76532	1317.6091
761.81702	1317.0278
761.86865	1344.9456
761.92035	1249.4764
761.97198	1343.1266
762.02368	1421.6356
762.07538	1369.1624
762.12701	1353.9069
762.17871	1385.8612
762.23035	1506.6349
762.28204	1369.2689
762.33368	1384.739
762.38538	1369.73
762.43701	1383.1582
762.48871	1333.0869
762.54034	1456.3649
762.59204	1317.6873
762.64368	1385.1173
762.69537	1250.2805
762.74707	1327.7709
762.79871	1281.9358
762.8504	1363.5375
762.90204	1392.1823
762.95374	1336.2723
763.00537	1306.6956
763.05707	1332.4833
763.1087	1326.2627
763.1604	1397.7131
763.21204	1363.9097
763.26373	1333.5209
763.31537	1320.451
763.36707	1410.7935
763.4187	1667.9487
763.4704	1560.5579
763.52209	1376.9063
763.57373	1468.0222
763.62543	1389.9545
763.67706	1379.8256
763.72876	1504.738
763.7804	1369.8816
763.83209	1383.9734
763.88373	1371.0675
763.93542	1281.4801
763.98706	1318.2719
764.03876	1364.3959
764.09039	1408.4614
764.14209	1542.8417
764.19379	1650.8716
764.24542	1380.4139
764.29712	1423.2039
764.34875	1392.9917
764.40045	1439.3905
764.45209	1423.6025
764.50378	1522.8322
764.55542	1482.4298
764.60712	1470.8296
764.65875	1412.4789
764.71045	1423.6731
764.76208	1422.3529
764.81378	1334.5217
764.86542	1346.8752
764.91711	1351.0264
764.96881	1407.0841
765.02045	1420.0748
765.07214	1501.6547
765.12378	1533.8378
765.17548	1596.3444
765.22711	1449.3383
765.27881	1294.2662
765.33044	1328.0189
765.38214	1316.8856
765.43378	1258.0193
765.48547	1286.3202
765.53711	1390.0018
765.58881	1354.5906
765.6405	1297.6029
765.69214	1334.5726
765.74384	1301.0505
765.79547	1614.0769
765.84717	1480.2754
765.8988	1256.6863
765.9505	1286.4554
766.00214	1442.9292
766.05383	1393.9818
766.10547	1318.3398
766.15717	1307.0786
766.2088	1375.078
766.2605	1367.728
766.31213	1331.1667
766.36383	1419.0778
766.41553	1390.2379
766.46716	1334.455
766.51886	1293.1663
766.5705	1311.3928
766.62219	1495.4393
766.67383	1464.483
766.72552	1402.1593
766.77716	1366.3835
766.82886	1434.0574
766.88049	1744.6779
766.93219	1325.1266
766.98383	1314.9097
767.03552	1450.4796
767.08722	1690.6228
767.13885	1518.49
767.19055	1358.6296
767.24219	1358.3561
767.29388	1259.6157
767.34552	1631.0204
767.39722	1424.2861
767.44885	1217.4358
767.50055	1270.9006
767.55219	1416.775
767.60388	1374.7963
767.65552	1273.3143
767.70721	1320.6646
767.75885	1430.9442
767.81055	1249.9301
767.86224	1227.8185
767.91388	1316.4067
767.96558	1362.137
768.01721	1349.0703
768.06891	1742.4352
768.12054	1263.4323
768.17224	1270.2777
768.22388	1318.9303
768.27557	1349.7684
768.32721	1310.7451
768.37891	1417.4515
768.43054	1296.0742
768.48224	1322.9607
768.53394	1262.4048
768.58557	1482.4895
768.63727	1310.452
768.6889	1269.4904
768.7406	1487.1599
768.79224	1512.4946
768.84393	1303.9762
768.89557	1611.6541
768.94727	1365.9153
768.9989	1499.5548
769.0506	1368.309
769.10223	1358.8378
769.15393	1319.7595
769.20563	1292.6471
769.25726	1342.045
769.30896	1565.2247
769.3606	1358.6627
769.41229	1302.9763
769.46393	1433.1086
769.51563	1428.4008
769.56726	1272.8778
769.61896	1279.2404
769.67059	1407.1704
769.72229	1415.2961
769.77393	1303.3767
769.82562	1427.3334
769.87726	1477.3248
769.92896	1314.9907
769.98065	1284.4977
770.03229	1374.7872
770.08398	1470.1292
770.13562	1502.9583
770.18732	1334.1345
770.23895	1373.1116
770.29065	1335.077
770.34229	1310.4529
770.39398	1415.1718
770.44562	1645.6101
770.49731	1341.3779
770.54895	1366.6761
770.60065	1433.2413
770.65234	1370.7109
770.70398	1308.1232
770.75568	1289.0255
770.80731	1316.3694
770.85901	1319.1836
770.91064	1268.2726
770.96234	1366.3888
771.01398	1453.7167
771.06567	1366.8553
771.11731	1383.0121
771.16901	1439.1086
771.22064	1366.8673
771.27234	1409.8867
771.32397	1476.5266
771.37567	1464.5446
771.42737	1331.6393
771.479	1369.2827
771.5307	1336.6665
771.58234	1302.5201
771.63403	1371.7246
771.68567	1459.9131
771.73737	1305.1725
771.789	1225.0934
771.8407	1346.8561
771.89233	1348.9755
771.94403	1300.0315
771.99567	1305.0192
772.04736	1272.4419
772.09906	1310.3009
772.1507	1468.1029
772.20239	1430.0623
772.25403	1324.7114
772.30573	1301.7183
772.35736	1272.0408
772.40906	1325.5795
772.46069	1343.2067
772.51239	1364.3356
772.56403	1284.9028
772.61572	1353.2534
772.66736	1462.6324
772.71906	1759.9658
772.77069	1364.9084
772.82239	1294.71
772.87408	1288.3717
772.92572	1346.8075
772.97742	1321.46
773.02905	1294.5731
773.08075	1326.9442
773.13239	1308.3644
773.18408	1488.512
773.23572	1391.4761
773.28741	1404.4377
773.33905	1354.7246
773.39075	1231.5691
773.44238	1431.9171
773.49408	1371.9768
773.54578	1280.8243
773.59741	1275.4473
773.64911	1374.7261
773.70074	1300.1145
773.75244	1297.2726
773.80408	1428.5038
773.85577	1294.6166
773.90741	1241.3325
773.95911	1386.5946
774.01074	1626.6272
774.06244	1357.7953
774.11407	1355.7076
774.16577	1384.4695
774.21747	1344.8926
774.2691	1277.3969
774.3208	1387.9281
774.37244	1800.6119
774.42413	1355.543
774.47577	1345.9408
774.52747	1286.6776
774.5791	1257.3177
774.6308	1434.3104
774.68243	1471.6232
774.73413	1226.9695
774.78577	1371.203
774.83746	1647.6635
774.8891	1338.2373
774.9408	1237.0813
774.99249	1500.3749
775.04413	1394.0177
775.09583	1311.8058
775.14746	1320.3041
775.19916	1443.9863
775.25079	1346.1837
775.30249	1337.6691
775.35413	1312.0031
775.40582	1276.8739
775.45746	1297.0154
775.50916	1434.7601
775.56079	1366.6163
775.61249	1285.6075
775.66418	1281.8922
775.71582	1392.8925
775.76752	1411.0444
775.81915	1345.7773
775.87085	1409.7737
775.92249	1290.3638
775.97418	1231.3192
776.02582	1241.0168
776.07751	1332.4521
776.12915	1496.8242
776.18085	1375.2527
776.23248	1283.3121
776.28418	1350.9562
776.33582	1354.2732
776.38751	1380.3131
776.43921	1302.1232
776.49084	1338
776.54254	1377.822
776.59418	1383.0659
776.64587	1387.4091
776.69751	1448.4814
776.74921	1404.3411
776.80084	1401.1742
776.85254	1389.4806
776.90417	1302.5371
776.95587	1409.3923
777.00751	1345.4554
777.0592	1365.1816
777.1109	1385.6346
777.16254	1501.6816
777.21423	1575.418
777.26587	1364.5818
777.31757	1329.9794
777.3692	1323.2854
777.4209	1265.0708
777.47253	1250.6737
777.52423	1319.2139
777.57587	1323.907
777.62756	1353.1064
777.6792	1403.5762
777.7309	1439.7083
777.78253	1789.1967
777.83423	1705.1682
777.88593	1433.4543
777.93756	1359.9192
777.98926	1313.8573
778.04089	1309.8701
778.09259	1301.9701
778.14423	1483.0817
778.19592	1575.637
778.24756	1376.8474
778.29926	1296.0745
778.35089	1308.7234
778.40259	1307.7274
778.45422	1317.5531
778.50592	1242.9404
778.55762	1239.9391
778.60925	1298.5513
778.66095	1306.6318
778.71259	1236.9479
778.76428	1271.6478
778.81592	1533.6835
778.86761	1447.6826
778.91925	1443.2341
778.97095	1449.3589
779.02258	1329.4041
779.07428	1373.9207
779.12592	1342.7759
779.17761	1259.2819
779.22931	1227.8512
779.28094	1301.5924
779.33264	1273.7152
779.38428	1277.1028
779.43597	1289.8336
779.48761	1250.5092
779.53931	1338.1613
779.59094	1374.1458
779.64264	1280.9846
779.69427	1270.2393
779.74597	1694.436
779.79761	1548.0371
779.8493	1307.1069
779.90094	1427.9441
779.95264	1380.8995
780.00433	1369.8027
780.05597	1272.639
780.10767	1412.3093
780.1593	1304.6943
780.211	1290.7649
780.26263	1434.6083
780.31433	1377.5962
780.36597	1233.038
780.41766	1275.5977
780.4693	1231.7762
780.521	1326.0969
780.57263	1354.4364
780.62433	1457.021
780.67603	1510.3384
780.72766	1304.532
780.77936	1527.944
780.83099	1905.0275
780.88269	1301.4374
780.93433	1297.2412
780.98602	1425.7003
781.03766	1360.8718
781.08936	1399.7915
781.14099	1344.059
781.19269	1336.1969
781.24432	1364.0569
781.29602	1321.6531
781.34766	1290.406
781.39935	1306.7974
781.45105	1314.7267
781.50269	1335.0632
781.55438	1304.2771
781.60602	1280.2383
781.65771	1334.0585
781.70935	1501.548
781.76105	1350.6482
781.81268	1342.3062
781.86438	1445.0936
781.91602	1473.3267
781.96771	1318.205
782.01935	1455.2551
782.07104	1543.2295
782.12274	1448.0339
782.17438	1361.8624
782.22607	1261.7089
782.27771	1234.8025
782.32941	1376.8746
782.38104	1357.5254
782.43274	1306.4858
782.48438	1298.717
782.53607	1311.2225
782.58771	1517.7715
782.6394	1607.3423
782.69104	1483.1113
782.74274	1330.5594
782.79437	1297.4525
782.84607	1258.7036
782.89777	1262.7712
782.9494	1289.4797
783.0011	1397.0244
783.05273	1375.6041
783.10443	1552.723
783.15607	1489.5569
783.20776	1445.5715
783.2594	1580.0963
783.3111	1417.9861
783.36273	1357.519
783.41443	1294.8801
783.46606	1294.9008
783.51776	1288.2289
783.56946	1265.4836
783.62109	1263.0465
783.67279	1252.4081
783.72443	1361.8916
783.77612	1334.1593
783.82776	1561.7026
783.87946	1411.5386
783.93109	1294.563
783.98279	1421.0941
784.03442	1861.9532
784.08612	1567.3517
784.13776	1260.3013
784.18945	1228.4167
784.24115	1339.0271
784.29279	1324.8289
784.34448	1224.8107
784.39612	1293.9567
784.44781	1379.8346
784.49945	1272.8521
784.55115	1354.5039
784.60278	1529.2053
784.65448	1370.6671
784.70612	1330.1859
784.75781	1611.9733
784.80945	1348.6895
784.86115	1635.9489
784.91278	1285.21
784.96448	2238.1987
785.01617	2019.2552
785.06781	1654.8271
785.11951	1300.4575
785.17114	1267.3257
785.22284	1405.9576
785.27448	1374.4452
785.32617	1384.342
785.37781	1370.8622
785.4295	1334.8049
785.48114	1430.5154
785.53284	1378.6226
785.58447	1359.1688
785.63617	1648.0386
785.68787	1837.2909
785.7395	1272.8295
785.7912	1299.0245
785.84283	1264.8806
785.89453	1243.0974
785.94617	1315.0145
785.99786	1450.6187
786.0495	1344.1868
786.1012	1293.2314
786.15283	1309.7572
786.20453	1353.3148
786.25616	1274.2284
786.30786	1321.2795
786.3595	1306.7219
786.41119	1356.108
786.46289	1380.7142
786.51453	1489.1943
786.56622	1500.6603
786.61786	1346.8877
786.66956	1626.014
786.72119	1761.7296
786.77289	1426.7443
786.82452	1296.6099
786.87622	1411.4282
786.92786	1450.0723
786.97955	1279.9811
787.03119	1415.8488
787.08289	2220.3848
787.13458	2052.0361
787.18622	1339.4902
787.23792	1423.1625
787.28955	1459.1897
787.34125	1374.1951
787.39288	1395.5723
787.44458	1478.381
787.49622	1357.1644
787.54791	1262.7335
787.59955	1257.4862
787.65125	1423.7947
787.70288	1454.451
787.75458	1374.2634
787.80621	1415.1183
787.85791	1380.5381
787.90961	1290.2173
787.96124	1321.8391
788.01294	1357.0807
788.06458	1379.33
788.11627	1220.5365
788.16791	1302.0985
788.2196	1516.8335
788.27124	1411.6542
788.32294	1345.5369
788.37457	1208.5878
788.42627	1346.8802
788.47791	1357.7458
788.5296	1315.2317
788.5813	1223.3737
788.63293	1201.2527
788.68463	1412.9463
788.73627	1459.7723
788.78796	1540.4786
788.8396	1337.4116
788.8913	1242.5122
788.94293	1426.9696
788.99463	1330.0649
789.04626	1942.004
789.09796	1504.6202
789.1496	1500.4285
789.20129	1228.6221
789.25293	2059.5735
789.30463	1189.063
789.35632	1316.2246
789.40796	1329.2126
789.45966	1247.8101
789.51129	1337.7234
789.56299	1555.2772
789.61462	2865.9246
789.66632	1405.4324
789.71796	1295.4559
789.76965	1351.6675
789.82129	1312.0529
789.87299	1399.5159
789.92462	1355.6808
789.97632	1432.6151
790.02802	1333.175
790.07965	1420.2921
790.13135	1492.6593
790.18298	1335.8593
790.23468	1433.043
790.28632	1434.2825
790.33801	1354.5782
790.38965	1354.0002
790.44135	1295.3981
790.49298	1357.9861
790.54468	1393.1194
790.59631	1290.8099
790.64801	1255.16
790.69971	1397.7041
790.75134	1403.8773
790.80304	1292.0387
790.85468	1325.3418
790.90637	1354.547
790.95801	1385.9222
791.0097	1561.7598
791.06134	1453.8446
791.11304	1286.8005
791.16467	1320.2405
791.21637	1350.3988
791.26801	1304.0475
791.3197	1398.9338
791.37134	1408.5385
791.42303	1342.6841
791.47473	1258.1332
791.52637	1368.772
791.57806	1426.8839
791.6297	1368.5793
791.6814	1282.3684
791.73303	1301.9988
791.78473	1345.1847
791.83636	1319.6979
791.88806	1250.6678
791.9397	1352.3131
791.99139	1370.2168
792.04303	1379.126
792.09473	1267.6298
792.14642	1310.0308
792.19806	1377.8571
792.24976	1273.7574
792.30139	1225.6866
792.35309	1257.0564
792.40472	1637.4989
792.45642	1627.0946
792.50806	1412.203
792.55975	1477.5453
792.61139	1413.2163
792.66309	1351.0067
792.71472	1827.2498
792.76642	1349.5513
792.81805	1417.1909
792.86975	1323.2169
792.92145	1148.3512
792.97308	1486.2004
793.02478	1353.035
793.07642	1324.4532
793.12811	1366.7216
793.17975	1391.064
793.23145	1404.3695
793.28308	1599.864
793.33478	1294.5939
793.38641	1461.9797
793.43811	1340.9167
793.48975	1383.7876
793.54144	1338.1071
793.59314	1500.2102
793.64478	1440.8895
793.69647	1493.287
793.74811	1707.0337
793.7998	1330.8467
793.85144	1364.3186
793.90314	1455.2723
793.95477	1397.1982
794.00647	1449.3531
794.05811	1396.2433
794.1098	1529.0126
794.16144	1652.7501
794.21313	1372.3213
794.26477	1310.9689
794.31647	1340.4844
794.36816	1342.5079
794.4198	1377.6298
794.4715	1241.8008
794.52313	1356.2808
794.57483	1375.0621
794.62646	1324.561
794.67816	1310.4728
794.7298	1325.428
794.78149	1512.6039
794.83313	1567.0502
794.88483	1306.1691
794.93646	1357.9341
794.98816	1351.7906
795.03986	1374.1476
795.09149	1436.9927
795.14319	1408.5583
795.19482	1293.4708
795.24652	1280.0365
795.29816	1387.4967
795.34985	1509.4706
795.40149	1337.4771
795.45319	1292.4667
795.50482	1336.6212
795.55652	1325.4281
795.60815	1320.892
795.65985	1385.7002
795.71155	1408.183
795.76318	1363.4619
795.81488	1215.4694
795.86652	1314.7062
795.91821	1259.1729
795.96985	1369.9598
796.02155	1806.686
796.07318	1546.781
796.12488	1352.2813
796.17651	1376.4182
796.22821	1425.4509
796.27985	1294.1107
796.33154	1374.506
796.38318	1542.256
796.43488	1391.1025
796.48657	1220.8213
796.53821	1277.4429
796.5899	1353.5487
796.64154	1235.8461
796.69324	1263.6499
796.74487	1546.7448
796.79657	1258.4316
796.84821	1319.7981
796.8999	1322.9962
796.95154	1373.7614
797.00323	1432.1713
797.05487	1224.5027
797.10657	1375.9335
797.15826	1305.3032
797.2099	1306.1722
797.2616	1403.681
797.31323	1276.025
797.36493	1316.61
797.41656	1375.4349
797.46826	1382.8531
797.5199	1427.0704
797.57159	1335.4694
797.62323	1263.3108
797.67493	1308.1926
797.72656	1354.6869
797.77826	1449.3307
797.8299	1373.2058
797.88159	1337.9386
797.93329	1312.5287
797.98492	1449.6034
798.03662	1421.9927
798.08826	1356.9022
798.13995	1350.4536
798.19159	1366.3762
798.24329	1291.7859
798.29492	1255.1511
798.34662	1285.1604
798.39825	1321.5934
798.44995	1254.0223
798.50159	1290.9768
798.55328	1304.9874
798.60498	1315.2819
798.65662	1287.5344
798.70831	1323.7518
798.75995	1402.4536
798.81165	1422.3456
798.86328	1315.0659
798.91498	1322.7034
798.96661	1326.3708
799.01831	1331.7477
799.06995	1516.5475
799.12164	1393.8618
799.17328	1370.1443
799.22498	1386.7446
799.27661	1397.9801
799.32831	1394.8856
799.38	1293.8341
799.43164	1411.0726
799.48334	1417.6816
799.53497	1418.9512
799.58667	1378.6688
799.63831	1520.0774
799.69	1386.4961
799.74164	1404.967
799.79333	1344.6296
799.84497	1481.4235
799.89667	1249.282
799.9483	1442.6776
800	1431.2572
