700	115.91982
700.05084	119.78134
700.10168	113.89618
700.15253	126.88223
700.20331	118.1861
700.25415	130.86452
700.30499	127.60703
700.35583	101.88705
700.40668	127.55317
700.45752	100.02451
700.50836	111.78601
700.55914	118.7569
700.60999	114.25812
700.66083	124.23421
700.71167	115.86595
700.76251	117.68953
700.81335	108.32424
700.8642	109.58816
700.91498	123.53318
700.96582	125.17107
701.01666	120.93984
701.0675	119.99999
701.11835	111.43934
701.16919	119.65884
701.22003	123.74445
701.27081	121.08978
701.32166	125.68528
701.3725	160.6069
701.42334	128.29604
701.47418	116.55958
701.52502	113.63998
701.57587	116.51419
701.62665	124.04643
701.67749	124.22282
701.72833	125.30199
701.77917	116.38658
701.83002	119.91751
701.88086	127.90075
701.9317	115.8417
701.98248	122.20364
702.03333	124.30217
702.08417	117.14457
702.13501	120.94634
702.18585	113.27386
702.23669	123.9699
702.28754	131.91925
702.33838	115.7735
702.38916	110.21184
702.44	127.04085
702.49084	127.11647
702.54169	119.30754
702.59253	120.8719
702.64337	120.53634
702.69421	120.67796
702.745	136.15628
702.79584	121.30919
702.84668	111.79266
702.89752	113.85665
702.94836	124.08872
702.99921	119.41933
703.05005	139.47658
703.10083	119.86063
703.15167	132.67818
703.20251	129.63428
703.25336	125.55278
703.3042	120.86462
703.35504	134.2657
703.40588	117.20025
703.45667	125.04067
703.50751	129.9554
703.55835	142.68146
703.60919	124.78603
703.66003	116.46613
703.71088	126.18525
703.76172	134.27299
703.8125	123.40102
703.86334	118.49453
703.91418	108.5442
703.96503	125.56183
704.01587	122.38393
704.06671	110.46853
704.11755	122.29478
704.16833	131.44252
704.21918	115.48534
704.27002	115.95914
704.32086	128.93286
704.3717	124.45261
704.42255	126.5631
704.47339	118.81061
704.52417	121.95332
704.57501	118.8869
704.62585	119.41116
704.6767	120.15801
704.72754	117.20733
704.77838	118.90675
704.82922	114.78559
704.88	107.25651
704.93085	105.53297
704.98169	116.33242
705.03253	126
705.08337	120.19187
705.13422	118.67667
705.18506	119.93739
705.23584	120.22022
705.28668	124.48429
705.33752	118.58155
705.38837	112.68018
705.43921	113.44559
705.49005	117.81411
705.54089	116.73557
705.59167	123.74502
705.64252	119.91682
705.69336	118.8114
705.7442	114.28578
705.79504	122.22833
705.84589	118.06808
705.89673	118.76471
705.94751	138.86739
705.99835	127.57932
706.04919	128.93701
706.10004	124.48138
706.15088	126.71055
706.20172	124.48403
706.25256	121.4525
706.30341	123.65118
706.35419	113.90197
706.40503	144.98882
706.45587	116.04909
706.50671	118.06353
706.55756	149.55464
706.6084	123.00685
706.65924	131.86513
706.71002	131.0307
706.76086	116.69658
706.81171	119.74688
706.86255	106.18631
706.91339	138.49164
706.96423	133.10555
707.01508	134.62114
707.06586	137.57394
707.1167	130.42874
707.16754	117.44537
707.21838	115.8096
707.26923	123.14478
707.32007	115.66243
707.37091	127.48554
707.42169	122.29337
707.47253	124.11652
707.52338	117.41765
707.57422	117.49731
707.62506	112.1627
707.6759	119.68794
707.72675	115.86832
707.77753	111
707.82837	115.34558
707.87921	128.89114
707.93005	127.16006
707.9809	113.54324
708.03174	111.90505
708.08258	118.79491
708.13336	128.31676
708.1842	123.27608
708.23505	116.46452
708.28589	127.18794
708.33673	125.26728
708.38757	118.02956
708.43842	126.02397
708.4892	131.24879
708.54004	129.79576
708.59088	128.85251
708.64172	125.00339
708.69257	110.12708
708.74341	116.71023
708.79425	129.10698
708.84503	139.39034
708.89587	128.70842
708.94672	120.26721
708.99756	102.61294
709.0484	109.01776
709.09924	110.13688
709.15009	123.7859
709.20087	122.00703
709.25171	120.94094
709.30255	130.13428
709.35339	112.98043
709.40424	125.6393
709.45508	134.18472
709.50592	121.95691
709.5567	129.63763
709.60754	124.72592
709.65839	109.18092
709.70923	112.312
709.76007	119.11536
709.81091	122.85567
709.86176	112.01895
709.91254	113.96564
709.96338	131.40758
710.01422	111.04544
710.06506	126.86245
710.11591	110.49968
710.16675	131.66019
710.21759	126.87372
710.26837	134.76086
710.31921	121.37151
710.37006	135.89532
710.4209	121.5697
710.47174	120.44344
710.52258	116.20183
710.57343	118.92098
710.62427	119.23153
710.67505	140.10139
710.72589	122.64009
710.77673	122.67961
710.82758	120.33685
710.87842	127.00874
710.92926	105.92844
710.9801	121.83171
711.03088	128.2321
711.08173	122.73532
711.13257	126.31928
711.18341	121.77578
711.23425	115.23973
711.2851	122.57547
711.33594	115.6447
711.38672	122.32408
711.43756	127.51744
711.4884	125.13962
711.53925	135.96489
711.59009	129.4476
711.64093	110.47365
711.69177	112.47237
711.74255	126.17924
711.7934	121.41698
711.84424	113.43739
711.89508	119.34575
711.94592	117.73055
711.99677	115.86647
712.04761	133.19104
712.09839	137.696
712.14923	127.31656
712.20007	127.39764
712.25092	125.14017
712.30176	119.73934
712.3526	116.38211
712.40344	128.8576
712.45422	119
712.50507	120.911
712.55591	126.62217
712.60675	121.72906
712.65759	126.17387
712.70844	129.85875
712.75928	119.64851
712.81006	131.47368
712.8609	140.48466
712.91174	129.49872
712.96259	142.18282
713.01343	121.31675
713.06427	126.68293
713.11511	140
713.16589	139.80356
713.21674	129.8782
713.26758	106.22313
713.31842	126.4947
713.36926	129.88071
713.4201	128.10876
713.47095	120.55161
713.52173	125.49888
713.57257	128.70573
713.62341	122.7886
713.67426	140.32826
713.7251	133.55974
713.77594	132
713.82678	135.31627
713.87756	122.96799
713.92841	123.19973
713.97925	120.07318
714.03009	120.54159
714.08093	126.29359
714.13177	125.77503
714.18262	122.81873
714.2334	109.88715
714.28424	124.54266
714.33508	131.63324
714.38593	128.32474
714.43677	123.07452
714.48761	113.32387
714.53845	117.12643
714.58929	129.93703
714.64008	123.08056
714.69092	121.39545
714.74176	115.79696
714.7926	117.38853
714.84344	125
714.89429	128.6702
714.94513	129.96103
714.99591	123.04824
715.04675	114.15514
715.0976	111.39812
715.14844	119.32807
715.19928	121.30489
715.25012	108.07077
715.30096	112.67738
715.35175	136.52132
715.40259	137.01453
715.45343	130.59566
715.50427	134.61101
715.55511	124.37289
715.60596	130.35455
715.6568	126.22336
715.70758	119.1157
715.75842	115.03863
715.80927	112.92538
715.86011	125.28815
715.91095	135.62325
715.96179	126.43826
716.01263	118.28579
716.06342	110.34183
716.11426	118.55532
716.1651	112.66485
716.21594	117.22105
716.26678	124.13823
716.31763	124.25194
716.36847	122.19315
716.41925	146.08693
716.47009	127.83569
716.52094	125.39172
716.57178	117.74313
716.62262	130.72256
716.67346	124.17566
716.7243	130.9416
716.77509	126.01518
716.82593	123.04888
716.87677	136.56819
716.92761	114.06274
716.97845	134.64767
717.0293	117.46731
717.08014	125.13147
717.13092	120.60792
717.18176	115.57421
717.2326	109.76944
717.28345	122.71748
717.33429	124.15623
717.38513	124
717.43597	118.28951
717.48676	121.80861
717.5376	108.03184
717.58844	128.7514
717.63928	131.44113
717.69012	116.56461
717.74097	122.98213
717.79181	124.1263
717.84259	113.14135
717.89343	117.28526
717.94427	126.4163
717.99512	134.3028
718.04596	131.15855
718.0968	133.72084
718.14764	128.29884
718.19843	110.84676
718.24927	110.13113
718.30011	124.28275
718.35095	126.4698
718.40179	124.65861
718.45264	115.75003
718.50348	124.86524
718.55426	131.28178
718.6051	116.52107
718.65594	109.54595
718.70679	114.59014
718.75763	116.97634
718.80847	115.87625
718.85931	129.3082
718.91016	128.18399
718.96094	123.8515
719.01178	136.11493
719.06262	120.99747
719.11346	113.59579
719.16431	125.60679
719.21515	131.02815
719.26599	137.71082
719.31677	111.55476
719.36761	106.68599
719.41846	129.15965
719.4693	124.06615
719.52014	121.57286
719.57098	135.60089
719.62183	129.35905
719.67261	132.93445
719.72345	128.60059
719.77429	131.0939
719.82513	144.02008
719.87598	121.74152
719.92682	134.33315
719.97766	149.26534
720.02844	119.65364
720.07928	130.42926
720.13013	120.10472
720.18097	149.20798
720.23181	127.35487
720.28265	118.05111
720.3335	119.37756
720.38428	129.05099
720.43512	131.0121
720.48596	131.99895
720.5368	133.97058
720.58765	121.3654
720.63849	121.95849
720.68933	144.68214
720.74011	120.84441
720.79095	129.10117
720.8418	113.71204
720.89264	126.26376
720.94348	115.69224
720.99432	128.71976
721.04517	132.70494
721.09595	122.93121
721.14679	116.87167
721.19763	127.3717
721.24847	137.1983
721.29932	127.98694
721.35016	124.22675
721.401	114.12201
721.45178	122.20995
721.50262	129.67114
721.55347	125.95421
721.60431	123.29257
721.65515	118.83091
721.70599	129.27257
721.75684	125.64229
721.80762	113.79492
721.85846	112.56947
721.9093	127.84657
721.96014	126.76016
722.01099	126.42973
722.06183	124.68665
722.11267	114.65331
722.16345	116.77086
722.21429	126.96217
722.26514	140.69464
722.31598	135.33084
722.36682	124.53701
722.41766	124.00189
722.46851	122.48672
722.51929	116.36569
722.57013	119.14423
722.62097	125.17989
722.67181	119.30444
722.72266	125.22083
722.7735	130.59084
722.82434	128.01767
722.87512	123.84945
722.92596	131.64207
722.97681	134.40086
723.02765	118.97603
723.07849	129.35551
723.12933	116.95885
723.18018	119
723.23102	121.35198
723.2818	123.90977
723.33264	120.0257
723.38348	132.27641
723.43433	131.13898
723.48517	118.99712
723.53601	127.47817
723.58685	117.28661
723.63763	100.53405
723.68848	112.20625
723.73932	136
723.79016	133.07631
723.841	118.27483
723.89185	126.90485
723.94269	133.23199
723.99347	133.02838
724.04431	117.18859
724.09515	127.51569
724.146	110.32945
724.19684	115.75036
724.24768	128.35609
724.29852	113.02802
724.3493	114.41034
724.40015	139.96452
724.45099	130.10074
724.50183	118.26515
724.55267	127.65674
724.60352	124.18623
724.65436	115.53912
724.70514	115.9278
724.75598	117.83113
724.80682	119.80667
724.85767	114.65338
724.90851	138.60844
724.95935	135.07507
725.01019	124.61452
725.06097	116.27204
725.11182	118.31506
725.16266	117.36694
725.2135	115.3914
725.26434	112.62379
725.31519	129.15651
725.36603	114.83247
725.41681	110.50838
725.46765	124.35534
725.51849	120.97294
725.56934	118.7175
725.62018	131.69489
725.67102	132.84175
725.72186	128.95757
725.77264	137.36011
725.82349	136.09286
725.87433	127.20293
725.92517	121.47245
725.97601	125.57691
726.02686	135.68169
726.0777	132.85765
726.12848	115.75774
726.17932	121.26836
726.23016	124.18095
726.28101	121.27764
726.33185	130.41612
726.38269	127.63203
726.43353	127.15074
726.48431	134.49854
726.53516	130.13693
726.586	120.73332
726.63684	114.61446
726.68768	120.19382
726.73853	132.94113
726.78937	134.58928
726.84015	129.58589
726.89099	120.15868
726.94183	116.35153
726.99268	127.22583
727.04352	122.8281
727.09436	122.81273
727.1452	122.47057
727.19604	130.36256
727.24683	127.86045
727.29767	129.40392
727.34851	120.76505
727.39935	121.61667
727.4502	118.13064
727.50104	130.44798
727.55188	124.76781
727.60266	121.93794
727.6535	123.43786
727.70435	118.42187
727.75519	120.39787
727.80603	122.75063
727.85687	125.29829
727.90771	125.59458
727.9585	140.95695
728.00934	122.46087
728.06018	114.78979
728.11102	128.28311
728.16187	135.07289
728.21271	111.68068
728.26355	128.73112
728.31433	136.9299
728.36517	137.21518
728.41602	156.72588
728.46686	150.34276
728.5177	131.73137
728.56854	120
728.61938	120
728.67017	124.94013
728.72101	136.70972
728.77185	111.91719
728.82269	113.8576
728.87354	123.41421
728.92438	111.90527
728.97522	117.42751
729.026	124.34943
729.07684	124.10506
729.12769	124
729.17853	126.615
729.22937	115.81408
729.28021	125.89157
729.33105	129.6747
729.38184	126.69562
729.43268	130.07036
729.48352	122.16927
729.53436	123.95867
729.58521	125.77975
729.63605	128.3053
729.68689	132.0295
729.73767	129.27284
729.78851	111.11634
729.83936	116.56823
729.8902	136.66306
729.94104	124.09816
729.99188	119.44328
730.04272	130.48636
730.09351	131.6673
730.14435	126.72648
730.19519	126.28648
730.24603	127.63218
730.29688	128.62112
730.34772	132.05032
730.39856	141.77785
730.44934	131.7442
730.50018	121
730.55103	122.69394
730.60187	127.32153
730.65271	123.48962
730.70355	114.81494
730.75439	110.96154
730.80518	120.16343
730.85602	130.99423
730.90686	122.27887
730.9577	116.27499
731.00854	116.82454
731.05939	114.7173
731.11023	124.18556
731.16101	132
731.21185	129.90144
731.2627	124.95673
731.31354	126.77114
731.36438	130.13461
731.41522	133.7625
731.46606	144.16922
731.51691	131.52644
731.56769	127.68462
731.61853	123.36874
731.66937	118.08366
731.72021	126.98124
731.77106	118
731.8219	121.44425
731.87274	129.1721
731.92352	134.15245
731.97437	147.65379
732.02521	131.6707
732.07605	137.39285
732.12689	127.82598
732.17773	124.81116
732.22858	124.90437
732.27936	115.17999
732.3302	125.09682
732.38104	129.25752
732.43188	127.94762
732.48273	134.573
732.53357	135.702
732.58441	116.20002
732.63519	110.40736
732.68604	113.38264
732.73688	135.25995
732.78772	108.02689
732.83856	115.12642
732.8894	140.40991
732.94025	130.47223
732.99103	132.72977
733.04187	116.37565
733.09271	115.5101
733.14355	134.18629
733.1944	131.84961
733.24524	126.1151
733.29608	119.96201
733.34686	140.21735
733.39771	141.40933
733.44855	126.61456
733.49939	130.85403
733.55023	132.38223
733.60107	128.2079
733.65192	134.33459
733.7027	137.16986
733.75354	124.17617
733.80438	133.2886
733.85522	126.08589
733.90607	113.48462
733.95691	119.19631
734.00775	127.99283
734.05853	121.26856
734.10938	117.08169
734.16022	125.45609
734.21106	131.73965
734.2619	125.18319
734.31274	131.49672
734.36359	133.75453
734.41437	136.58017
734.46521	133.60104
734.51605	122.54006
734.56689	142.45949
734.61774	147.15474
734.66858	138.53252
734.71942	128.55826
734.7702	128.99617
734.82104	131.39931
734.87189	134.06273
734.92273	133.08534
734.97357	122.73148
735.02441	115.09171
735.07526	130.21872
735.12604	131.39192
735.17688	122.42963
735.22772	133.18391
735.27856	137.19107
735.32941	121.41197
735.38025	119.20889
735.43109	132.46187
735.48193	136.28958
735.53271	140.63472
735.58356	142.93498
735.6344	135.03517
735.68524	128.13509
735.73608	126.9238
735.78693	123.13964
735.83777	120.114
735.88855	117.66306
735.93939	113.91518
735.99023	126.15572
736.04108	130.28203
736.09192	122.87798
736.14276	128.34091
736.1936	128.53838
736.24438	120.66791
736.29523	122.50233
736.34607	130.38623
736.39691	131.27711
736.44775	123.99342
736.4986	123.99681
736.54944	123.5915
736.60022	112.81786
736.65106	127.83209
736.7019	140.71346
736.75275	136.38364
736.80359	125.33149
736.85443	122.4437
736.90527	128.39299
736.95605	128.39221
737.0069	129.69432
737.05774	125.09155
737.10858	126.37511
737.15942	121.04321
737.21027	130.61607
737.26111	112.03194
737.31189	126.7802
737.36273	118.85739
737.41357	131.78223
737.46442	123.33829
737.51526	123.00661
737.5661	118.10172
737.61694	120.71707
737.66772	119.79859
737.71857	115.68799
737.76941	118.56699
737.82025	110.06622
737.87109	129.36559
737.92194	134.14677
737.97278	123.96838
738.02356	132.06708
738.0744	126.03242
738.12524	125.33025
738.17609	132.56683
738.22693	123.43589
738.27777	129.02614
738.32861	133.52168
738.37939	117.90903
738.43024	125.96414
738.48108	120.10577
738.53192	122.01112
738.58276	110.79196
738.63361	128.28871
738.68445	125.47917
738.73523	126.36675
738.78607	115.26615
738.83691	127.69483
738.88776	133.11694
738.9386	123.19032
738.98944	129.67075
739.04028	139.98872
739.09106	135.33862
739.14191	141.91283
739.19275	120.64597
739.24359	119.26927
739.29443	127.41059
739.34528	117.51511
739.39612	112.17381
739.4469	121.44491
739.49774	122.91184
739.54858	126.32943
739.59943	124.9922
739.65027	120.09575
739.70111	121.9852
739.75195	124.39952
739.8028	127.56667
739.85358	123.68859
739.90442	131.03152
739.95526	130.87872
740.0061	134.198
740.05695	127.57753
740.10779	128.76373
740.15863	134.36388
740.20941	133.50638
740.26025	130.02043
740.3111	127.08057
740.36194	123.68894
740.41278	125.62635
740.46362	126.41347
740.51447	134.28674
740.56525	132.03215
740.61609	125.33742
740.66693	128.32706
740.71777	126.68877
740.76862	119.7793
740.81946	122.03474
740.8703	131.69493
740.92108	122.62143
740.97192	119.63013
741.02277	127.20479
741.07361	128.54399
741.12445	131.83081
741.17529	131.29604
741.22614	124.15363
741.27692	123.23703
741.32776	120.36819
741.3786	122.73426
741.42944	123.593
741.48029	128.62706
741.53113	126.49216
741.58197	120.14209
741.63275	128.16537
741.68359	124.22969
741.73444	124.02679
741.78528	124.56921
741.83612	127.66663
741.88696	119.69304
741.93781	127.03651
741.98859	118.51807
742.03943	117.33621
742.09027	123.42665
742.14111	125.20532
742.19196	121.07517
742.2428	133.47841
742.29364	137.58134
742.34442	127.5853
742.39526	139.32138
742.44611	121.7695
742.49695	127.42691
742.54779	121.75883
742.59863	124.89523
742.64948	138.28839
742.70026	133.88713
742.7511	129.35791
742.80194	128.39432
742.85278	121.88844
742.90363	126.21061
742.95447	127.32858
743.00531	120.03654
743.05609	130.9939
743.10693	135.2951
743.15778	128.47617
743.20862	134.27562
743.25946	129.88292
743.3103	121.78267
743.36115	127.33994
743.41193	129.23087
743.46277	128.48674
743.51361	126.62587
743.56445	124.88264
743.6153	114.64901
743.66614	126.90746
743.71698	129.69574
743.76782	136.27072
743.8186	138.34077
743.86945	126.5679
743.92029	122.32171
743.97113	131.05943
744.02197	136.2238
744.07281	132.2283
744.12366	136.33278
744.17444	134.05244
744.22528	116.41463
744.27612	119.90625
744.32697	122.16991
744.37781	124.22182
744.42865	121.26752
744.47949	126.80363
744.53027	118.92336
744.58112	124.58014
744.63196	123.09428
744.6828	127.07155
744.73364	122.59658
744.78448	128.2352
744.83533	126.67471
744.88611	121.57677
744.93695	125.67562
744.98779	126.4877
745.03864	128.16225
745.08948	117.286
745.14032	124.30253
745.19116	118.41373
745.24194	121.38693
745.29279	126.54745
745.34363	124.51469
745.39447	123.50751
745.44531	123.55879
745.49615	138.05797
745.547	131.4429
745.59778	132.93007
745.64862	130.57721
745.69946	126.7238
745.75031	118.01487
745.80115	115.9204
745.85199	127.80134
745.90283	118.5929
745.95361	128.61252
746.00446	127.58047
746.0553	132.88799
746.10614	120.49207
746.15698	126.98216
746.20782	120.41421
746.25867	122.39794
746.30945	118.90706
746.36029	132.6926
746.41113	118.21321
746.46198	122.32537
746.51282	128.78723
746.56366	126.46963
746.6145	132.86551
746.66528	127.68547
746.71613	124.00816
746.76697	124.4356
746.81781	124.01139
746.86865	119.36005
746.91949	125.66325
746.97034	121.33064
747.02112	117.96044
747.07196	114.98359
747.1228	120.55686
747.17365	128.22682
747.22449	125.4499
747.27533	137.38048
747.32617	134.45056
747.37695	125.0116
747.4278	122.76218
747.47864	123.52879
747.52948	123.79784
747.58032	120.91416
747.63116	113.12792
747.68201	112.93246
747.73279	127.33054
747.78363	127.15796
747.83447	121.25195
747.88531	117.45394
747.93616	121.382
747.987	120.64853
748.03784	118.17525
748.08868	112.39571
748.13947	122.57761
748.19031	128.45715
748.24115	129.44247
748.29199	124.677
748.34283	118.5651
748.39368	125.52898
748.44452	126.74478
748.4953	130.53415
748.54614	125.49728
748.59698	120.49563
748.64783	124.48199
748.69867	119.9334
748.74951	118.17467
748.80035	120.5991
748.85114	124.23619
748.90198	124.4543
748.95282	118.0918
749.00366	118.74863
749.0545	124.78638
749.10535	125.47166
749.15619	119.37223
749.20697	118.59272
749.25781	119.14765
749.30865	109.52349
749.3595	111.6936
749.41034	114.46384
749.46118	123.10352
749.51202	124.4836
749.56281	115.90047
749.61365	124.2026
749.66449	120.18888
749.71533	120.34268
749.76617	121.39131
749.81702	118.99902
749.86786	125.38648
749.91864	120.48728
749.96948	107.85275
750.02032	111.93438
750.07117	115.68505
750.12201	120.56808
750.17285	115.01606
750.22369	109.59185
750.27448	120.383
750.32532	108.76978
750.37616	112.66607
750.427	124.913
750.47784	125.28141
750.52869	123.78954
750.57953	135.20676
750.63031	128.0193
750.68115	114.76982
750.73199	115.4441
750.78284	111.05202
750.83368	123.60737
750.88452	118.57971
750.93536	109.21262
750.98615	120.58362
751.03699	120.41454
751.08783	129.69022
751.13867	124.95016
751.18951	132.86189
751.24036	133.99495
751.2912	128.46083
751.34198	124.98699
751.39282	131.83615
751.44366	111.88651
751.49451	122.32633
751.54535	117.29898
751.59619	127.08632
751.64703	136.2551
751.69781	119.26266
751.74866	122.60293
751.7995	112.07123
751.85034	117.55386
751.90118	121.88808
751.95203	125.24519
752.00287	109.57378
752.05365	120.168
752.10449	131.65926
752.15533	139.76851
752.20618	128.15414
752.25702	128.74107
752.30786	128.21489
752.3587	113.89459
752.40955	119.71859
752.46033	121.16636
752.51117	129.40399
752.56201	126.57584
752.61285	133.08397
752.6637	137
752.71454	117.85329
752.76538	129.867
752.81616	136.6857
752.867	127.81725
752.91785	123.99999
752.96869	119.5675
753.01953	120.73999
753.07037	127.29416
753.12122	128.18929
753.172	131.15581
753.22284	122.32388
753.27368	115.14785
753.32452	116.56404
753.37537	119.21664
753.42621	117.19004
753.47705	122.01597
753.52783	123.23032
753.57867	114.91219
753.62952	116.54278
753.68036	120.50513
753.7312	119.51501
753.78204	115.67424
753.83289	114.79136
753.88367	122.55888
753.93451	119.06695
753.98535	115.42511
754.03619	128.84201
754.08704	126.91087
754.13788	119.44276
754.18872	120.61653
754.2395	122.81045
754.29034	131.24414
754.34119	130
754.39203	133.94798
754.44287	140.30196
754.49371	134.93027
754.54456	126.67036
754.59534	124.07658
754.64618	123.10688
754.69702	131.20323
754.74786	129.33966
754.79871	118
754.84955	116.9106
754.90039	116.62469
754.95117	125.26444
755.00201	124.366
755.05286	115.61633
755.1037	130.18523
755.15454	116.78456
755.20538	114.14998
755.25623	108.56728
755.30701	115
755.35785	116.41682
755.40869	120.82355
755.45953	110.79264
755.51038	118.71616
755.56122	139.44427
755.61206	135.47971
755.66284	132.60167
755.71368	137.78049
755.76453	140.7444
755.81537	112.92924
755.86621	122.5813
755.91705	128.78026
755.9679	125.80659
756.01868	122.94536
756.06952	122.36715
756.12036	129.63945
756.1712	120.51908
756.22205	138.58098
756.27289	115.03498
756.32373	118.99609
756.37457	140.78352
756.42535	126.27814
756.4762	111.42604
756.52704	133.1458
756.57788	123.51675
756.62872	122.05573
756.67957	120.1311
756.73041	120.92567
756.78119	123.75089
756.83203	118.55691
756.88287	134.17064
756.93372	122.65501
756.98456	126.2795
757.0354	131.35535
757.08624	129.4129
757.13702	129.85265
757.18787	142.65656
757.23871	136.64932
757.28955	130.87309
757.34039	120.20234
757.39124	107.49901
757.44208	127.34724
757.49286	125.10828
757.5437	119.09766
757.59454	104.87997
757.64539	107.10451
757.69623	122.56235
757.74707	127
757.79791	132.15034
757.84869	138.36237
757.89954	134.25996
757.95038	124.91534
758.00122	121.30024
758.05206	135.51225
758.10291	126.30579
758.15375	123.71558
758.20453	139.29903
758.25537	130.92424
758.30621	127.52448
758.35706	119.79757
758.4079	112.7421
758.45874	120.0632
758.50958	119.49611
758.56036	124.43977
758.61121	125.84104
758.66205	123.58543
758.71289	130.34406
758.76373	135
758.81458	126.05079
758.86542	120.10125
758.9162	112.32928
758.96704	119.93008
759.01788	123.55875
759.06873	123.76879
759.11957	127.94313
759.17041	134.46652
759.22125	134.22655
759.27203	120.114
759.32288	121.72297
759.37372	128.39078
759.42456	130
759.4754	125.08608
759.52625	122.07073
759.57709	126
759.62787	127.68508
759.67871	128.34973
759.72955	128.42319
759.7804	131.60484
759.83124	127.51773
759.88208	119.72633
759.93292	126.3668
759.9837	139.29997
760.03455	125.70744
760.08539	118.06727
760.13623	128.0592
760.18707	137.70456
760.23792	129.80783
760.28876	127.04149
760.33954	130.54597
760.39038	122.41447
760.44122	135.57036
760.49207	136.17833
760.54291	118.03682
760.59375	114.69218
760.64459	129.26137
760.69543	125.42168
760.74622	108.60125
760.79706	129.54535
760.8479	126.90228
760.89874	123.63252
760.94958	124.17859
761.00043	117.38925
761.05127	120.11687
761.10205	124.10795
761.15289	120.84853
761.20374	125.3224
761.25458	127.46047
761.30542	130.43489
761.35626	132.31361
761.4071	128.77235
761.45789	133.51576
761.50873	129.55003
761.55957	124.42731
761.61041	113.31018
761.66125	133.84781
761.7121	122.88025
761.76294	133.36208
761.81372	135.76741
761.86456	103.28099
761.91541	108.57064
761.96625	120.12009
762.01709	123
762.06793	123.21418
762.11877	132.16257
762.16956	141.93193
762.2204	133.00055
762.27124	145.89955
762.32208	139.11322
762.37292	159.50198
762.42377	128.06883
762.47461	129.88016
762.52539	119.52216
762.57623	114.28059
762.62708	129.91702
762.67792	131
762.72876	122.70873
762.7796	114.69885
762.83044	124.86021
762.88123	126
762.93207	150.00072
762.98291	135.37477
763.03375	120.76764
763.08459	121.59866
763.13544	118.56521
763.18628	123.10098
763.23706	137.4794
763.2879	130.81564
763.33875	124.03548
763.38959	124.6398
763.44043	127.43423
763.49127	129.60733
763.54211	131.59229
763.5929	139.0976
763.64374	131.6268
763.69458	125.1321
763.74542	127.06423
763.79626	130.2756
763.84711	116.73072
763.89795	122.40891
763.94873	124.52981
763.99957	128.32291
764.05042	140.68797
764.10126	128.56682
764.1521	112.18567
764.20294	123.16734
764.25378	133.93661
764.30457	130.43645
764.35541	126.71114
764.40625	122.69561
764.45709	132.78392
764.50793	135.44456
764.55878	133.72128
764.60962	130.74051
764.66046	142.25775
764.71124	132.87283
764.76208	129.53625
764.81293	141.25427
764.86377	134.59335
764.91461	128.01924
764.96545	129.74149
765.0163	133.22232
765.06708	132.02278
765.11792	124.70744
765.16876	118.84885
765.2196	118.47292
765.27045	126.18777
765.32129	126.90878
765.37213	127.53115
765.42291	130.26215
765.47375	126.19742
765.5246	126.51926
765.57544	132.36623
765.62628	127.33863
765.67712	122.30348
765.72797	125.26428
765.77875	118.93594
765.82959	119.07718
765.88043	124.36067
765.93127	123.04409
765.98212	121.00797
766.03296	124.755
766.0838	132.77737
766.13458	131.72723
766.18542	130.05266
766.23627	124.78075
766.28711	128.38322
766.33795	140.47832
766.38879	134.51794
766.43964	131.25069
766.49042	126.98168
766.54126	133.77736
766.5921	134.89574
766.64294	137.84726
766.69379	128.71638
766.74463	143.0667
766.79547	133.20207
766.84625	124.12981
766.89709	131.46628
766.94794	135.85945
766.99878	122.93908
767.04962	131.52086
767.10046	125.51141
767.15131	121.09911
767.20209	121.13582
767.25293	125.08952
767.30377	124.5598
767.35461	123.8753
767.40546	127.86067
767.4563	122.16822
767.50714	115.41362
767.55792	129.50671
767.60876	124.61056
767.65961	124.28516
767.71045	121.10413
767.76129	127.28394
767.81213	133.21942
767.86298	125.62698
767.91376	128.01376
767.9646	122.79934
768.01544	140.47484
768.06628	142.32272
768.11713	130.66225
768.16797	120.74047
768.21881	132.16258
768.26959	140.65092
768.32043	137.44583
768.37128	124.03347
768.42212	119.57037
768.47296	124.35123
768.5238	111.69842
768.57465	124.08327
768.62543	133.40102
768.67627	153.05811
768.72711	133.07692
768.77795	124.91953
768.8288	142.24146
768.87964	131.65216
768.93048	129.93027
768.98132	130.94235
769.0321	129.38823
769.08295	118.42179
769.13379	127.81997
769.18463	120.15717
769.23547	116.47165
769.28632	136.79617
769.33716	132.59178
769.38794	125.7729
769.43878	121.90592
769.48962	131.44809
769.54047	112.11633
769.59131	136.38885
769.64215	119.67671
769.69299	118.384
769.74377	128.62251
769.79462	116.96819
769.84546	129.09834
769.8963	135.79338
769.94714	118.74264
769.99799	118.84731
770.04883	134.7399
770.09961	135.85561
770.15045	113.96497
770.20129	104.9011
770.25214	127.25649
770.30298	128.32629
770.35382	136.06673
770.40466	137.4762
770.45544	122.38878
770.50629	129.18999
770.55713	133.11769
770.60797	129.63617
770.65881	134.57014
770.70966	126.26799
770.7605	128.58582
770.81128	131.5417
770.86212	129.17343
770.91296	124.64339
770.96381	131.11084
771.01465	138.37424
771.06549	123.47577
771.11633	132.38048
771.16711	133.89554
771.21796	126.7243
771.2688	122.49492
771.31964	128.53857
771.37048	128.30698
771.42133	118.83158
771.47217	124.70393
771.52295	136.15849
771.57379	133.89349
771.62463	124.29844
771.67548	126.90257
771.72632	126.48876
771.77716	117.55364
771.828	124.71515
771.87878	121.39674
771.92963	123.79367
771.98047	123.64602
772.03131	121.45632
772.08215	120.28997
772.133	121.48914
772.18384	115.65979
772.23462	127.05511
772.28546	128.90814
772.3363	125.52256
772.38715	123.68076
772.43799	130.80421
772.48883	140.45084
772.53967	127.02283
772.59045	128.38481
772.6413	134.72217
772.69214	131.56938
772.74298	130.17892
772.79382	131.04559
772.84467	124.28152
772.89551	130.65527
772.94635	128.37917
772.99713	122.68611
773.04797	122.45816
773.09882	122.20171
773.14966	125.73675
773.2005	129.0528
773.25134	123.56446
773.30219	129.47052
773.35297	126.40866
773.40381	120.5478
773.45465	118.78762
773.50549	121.51114
773.55634	123.90354
773.60718	124.86578
773.65802	124.24368
773.7088	128.73016
773.75964	135.40973
773.81049	131.20908
773.86133	125.21157
773.91217	121.62078
773.96301	133.81609
774.01385	142.65129
774.06464	130.08049
774.11548	127.70502
774.16632	128.82112
774.21716	138.01097
774.26801	131.8596
774.31885	121.08079
774.36969	123.4388
774.42047	124.79713
774.47131	127.20461
774.52216	134.08453
774.573	134.13318
774.62384	126.00747
774.67468	130.2292
774.72552	127.54024
774.77631	138.66403
774.82715	125.25273
774.87799	117.94418
774.92883	131.19089
774.97968	121.66161
775.03052	129.54781
775.08136	130.5428
775.13214	133.59012
775.18298	127.27601
775.23383	126.38868
775.28467	124.87237
775.33551	132.66008
775.38635	126.4426
775.43719	129.79558
775.48798	139.0694
775.53882	115.64673
775.58966	126.43575
775.6405	129.63478
775.69135	127.84337
775.74219	128.29886
775.79303	132.73332
775.84381	122.0794
775.89465	127.21186
775.9455	118.38642
775.99634	116.48461
776.04718	130.18434
776.09802	123.97013
776.14886	122.6724
776.19965	118.52095
776.25049	119.47889
776.30133	119.41691
776.35217	117.77943
776.40302	120.48631
776.45386	123.1996
776.5047	126.25753
776.55548	121.41415
776.60632	118.97473
776.65717	119.82514
776.70801	121.04179
776.75885	132.95763
776.80969	119.21818
776.86053	125.96062
776.91132	124.58592
776.96216	127.52717
777.013	121.1664
777.06384	120.23708
777.11469	116.60325
777.16553	126.27254
777.21637	125.4113
777.26721	129.24953
777.31799	122.85627
777.36884	129.42653
777.41968	118.44123
777.47052	129.70268
777.52136	116.86895
777.5722	123.51736
777.62305	129.10504
777.67383	123.07862
777.72467	130.425
777.77551	121.64806
777.82635	123.02255
777.8772	133.2355
777.92804	128.43257
777.97888	124.84996
778.02966	131.29883
778.08051	129.63153
778.13135	131.75186
778.18219	123.00119
778.23303	125.55969
778.28387	125.53254
778.33472	126.58271
778.3855	126.73205
778.43634	125.69267
778.48718	122.97639
778.53802	125.47123
778.58887	128.24478
778.63971	125.76649
778.69055	122.38004
778.74133	118.80467
778.79218	121.33036
778.84302	125.17713
778.89386	130.00412
778.9447	127.90855
778.99554	127.99722
779.04639	126.9351
779.09717	123.75217
779.14801	128.2538
779.19885	130.11879
779.24969	133.18437
779.30054	126.62962
779.35138	132.53738
779.40222	121.85961
779.453	119.2636
779.50385	124.17223
779.55469	126.55373
779.60553	130.57178
779.65637	129.35214
779.70721	127.63185
779.75806	121.43607
779.80884	123.55896
779.85968	116.39676
779.91052	120.64022
779.96136	135.35043
780.01221	125.61778
780.06305	126.43927
780.11389	134.04642
780.16467	138.95235
780.21552	130.72523
780.26636	138.242
780.3172	134.26869
780.36804	128.43704
780.41888	122.97729
780.46973	121.63393
780.52051	136.31679
780.57135	134.89792
780.62219	123.78815
780.67303	128.48747
780.72388	129.60822
780.77472	133.41991
780.82556	130.77115
780.87634	127.04016
780.92719	121.88659
780.97803	130.40904
781.02887	128.68657
781.07971	121.7273
781.13055	129.47597
781.1814	113.15518
781.23218	128.7489
781.28302	135.76938
781.33386	124.66235
781.3847	126.56257
781.43555	120.67429
781.48639	125.30721
781.53723	120.48995
781.58807	133.61885
781.63885	128.12987
781.6897	122.89552
781.74054	119.79839
781.79138	123.94658
781.84222	120.96176
781.89307	123.98512
781.94391	111.45295
781.99469	140.1987
782.04553	122.03059
782.09637	117.55309
782.14722	132.63979
782.19806	117.13639
782.2489	111.3698
782.29974	151.40991
782.35052	125.51429
782.40137	122.79672
782.45221	109.22338
782.50305	119.24883
782.55389	129.0578
782.60474	122.55888
782.65558	118.80315
782.70636	127.64046
782.7572	131.81459
782.80804	118.94574
782.85889	134.38719
782.90973	135.5237
782.96057	124.4371
783.01141	135.70352
783.06219	116.13873
783.11304	137.41029
783.16388	123.69142
783.21472	121.93373
783.26556	145.28566
783.31641	135.62227
783.36725	138.48207
783.41803	122.75877
783.46887	130.69685
783.51971	136.87665
783.57056	129.95232
783.6214	117.31293
783.67224	126.07117
783.72308	125.53928
783.77386	135.74268
783.82471	129.82616
783.87555	125.80245
783.92639	134.7514
783.97723	131.28304
784.02808	130.40413
784.07892	137.45726
784.1297	132.53513
784.18054	124.13077
784.23138	121.39214
784.28223	121.09531
784.33307	128.94411
784.38391	132.13341
784.43475	125.07538
784.48553	117.90245
784.53638	120.83707
784.58722	117.52557
784.63806	118.38983
784.6889	122.01488
784.73975	115.6905
784.79059	116.60433
784.84137	121.60571
784.89221	129.45088
784.94305	124.06815
784.9939	118.99999
785.04474	121.49953
785.09558	125.47418
785.14642	119.04128
785.1972	112.78825
785.24805	129.38652
785.29889	136.26007
785.34973	134.17134
785.40057	117.62007
785.45142	125.05478
785.50226	134.90009
785.5531	133.24129
785.60388	136.10797
785.65472	136.45235
785.70557	124.09121
785.75641	117.20983
785.80725	124.22908
785.85809	124.86621
785.90894	128.70749
785.95972	125.31715
786.01056	114.49014
786.0614	125.92069
786.11224	129.67836
786.16309	121.9371
786.21393	124.95588
786.26477	124.5852
786.31555	128.58318
786.36639	135.45892
786.41724	132.37927
786.46808	131.12378
786.51892	129.28108
786.56976	133.27306
786.62061	133.901
786.67139	124.69239
786.72223	130.93205
786.77307	127.14137
786.82391	136.40309
786.87476	129.06499
786.9256	119.73289
786.97644	129.3835
787.02722	134.21068
787.07806	126.88221
787.12891	127.56381
787.17975	131.64008
787.23059	127.10592
787.28143	122.09064
787.33228	123.60527
787.38306	121.0146
787.4339	127.30876
787.48474	133.29715
787.53558	133.45641
787.58643	127.06405
787.63727	128.67763
787.68811	133.99869
787.73889	124.35269
787.78973	116.8454
787.84058	117.95239
787.89142	129.65784
787.94226	128.85417
787.9931	120.28992
788.04395	135.51694
788.09473	131.9397
788.14557	118.23338
788.19641	126.33131
788.24725	137.41283
788.2981	129.91653
788.34894	131.43399
788.39978	128.82932
788.45056	137.72658
788.5014	130.52626
788.55225	124.81435
788.60309	139.80534
788.65393	133.13249
788.70477	111.29681
788.75562	123.51089
788.8064	115.43323
788.85724	129.67162
788.90808	119.44151
788.95892	127.15483
789.00977	128.44601
789.06061	131.43005
789.11145	131.11926
789.16223	113.52811
789.21307	118.9009
789.26392	130.31253
789.31476	119.15247
789.3656	128.98135
789.41644	134.81833
789.46729	116.78897
789.51807	125.57072
789.56891	139.77856
789.61975	127.082
789.67059	128.606
789.72144	135.5058
789.77228	128.21553
789.82312	117.65017
789.87396	128.26978
789.92474	133.29285
789.97559	137.99709
790.02643	116.85818
790.07727	139.09648
790.12811	141.86494
790.17896	136.62834
790.2298	120.11685
790.28058	127.02074
790.33142	129.03653
790.38226	135.99918
790.43311	124.0641
790.48395	124
790.53479	124
790.58563	133.78275
790.63641	134
790.68726	143.67975
790.7381	133.40892
790.78894	133
790.83978	113.9495
790.89063	133.84225
790.94147	127.4622
790.99225	135.43369
791.04309	107.14478
791.09393	130.91628
791.14478	138.52257
791.19562	135.33887
791.24646	131.35947
791.2973	120.14022
791.34808	136.0968
791.39893	129.05318
791.44977	140.45345
791.50061	126.9655
791.55145	130.27539
791.60229	131
791.65314	119.69036
791.70392	117.13503
791.75476	135.91621
791.8056	123.6158
791.85645	118.45142
791.90729	127.28816
791.95813	128.16077
792.00897	121.32737
792.05975	124.97357
792.1106	123.52571
792.16144	127.91894
792.21228	141.22011
792.26312	131.85715
792.31396	120.95626
792.36481	117.40154
792.41559	124.15521
792.46643	128.37036
792.51727	130.56993
792.56812	124.76144
792.61896	124.55119
792.6698	118.83428
792.72064	140.7325
792.77142	131.27087
792.82227	135.07402
792.87311	143.25917
792.92395	148.7308
792.97479	124.80566
793.02563	132.20828
793.07648	131.41286
793.12726	147.16888
793.1781	137.38322
793.22894	123.10585
793.27979	120.71336
793.33063	135.87946
793.38147	142
793.43231	136.40735
793.48309	115.25416
793.53394	120.7993
793.58478	133.16667
793.63562	129.87968
793.68646	133.75693
793.7373	128.27789
793.78815	124
793.83899	122.01453
793.88977	124.94477
793.94061	129.61089
793.99146	125.16489
794.0423	126.50531
794.09314	119.41155
794.14398	129.22826
794.19482	138.63011
794.24561	129.6077
794.29645	121.5142
794.34729	129.8726
794.39813	132.32593
794.44897	126.35246
794.49982	119.77731
794.55066	131.97015
794.60144	134.86185
794.65228	127.0491
794.70313	123.82854
794.75397	125.90886
794.80481	128
794.85565	136.58983
794.90649	124.80176
794.95728	117.76873
795.00812	126.35748
795.05896	139.00114
795.1098	122.72697
795.16064	122.69363
795.21149	132.48947
795.26233	124.84566
795.31311	129.95012
795.36395	133.87988
795.41479	124.64288
795.46564	132.0818
795.51648	140.34171
795.56732	141.13016
795.61816	141.42375
795.66895	128.9278
795.71979	123.50276
795.77063	132.9523
795.82147	137.0442
795.87231	129.10562
795.92316	129.30421
795.974	141.97273
796.02478	138.98251
796.07562	130.51846
796.12646	132.56158
796.17731	135.71027
796.22815	138.1252
796.27899	131.01875
796.32983	128.33482
796.38062	125.06951
796.43146	121.24474
796.4823	136.11044
796.53314	145.03967
796.58398	138.87192
796.63483	140.61006
796.68567	131.98653
796.73645	136.62143
796.78729	127.41288
796.83813	121.12556
796.88898	137.33563
796.93982	134.77167
796.99066	126.46001
797.0415	131.87767
797.09229	139.29538
797.14313	132.26108
797.19397	129.44296
797.24481	137.31926
797.29565	129.68048
797.3465	133.15816
797.39734	139.10594
797.44812	129.50511
797.49896	116.24207
797.5498	111.41762
797.60065	116.17883
797.65149	126.5122
797.70233	138.74312
797.75317	137.15878
797.80396	123.07529
797.8548	119.36547
797.90564	122.68725
797.95648	130.22208
798.00732	127.25114
798.05817	123.75287
798.10901	117.245
798.15985	127.02171
798.21063	127.13116
798.26147	136.20854
798.31232	143.68726
798.36316	144.19681
798.414	140.92886
798.46484	143.59479
798.51569	128.98915
798.56647	129.41216
798.61731	134.23364
798.66815	129.27924
798.71899	129.65999
798.76984	132.18314
798.82068	135.80829
798.87152	124.49974
798.9223	115.43243
798.97314	118.60261
799.02399	128.43712
799.07483	134.2159
799.12567	123.96619
799.17651	126.07538
799.22736	126.31284
799.27814	134.19823
799.32898	123.19009
799.37982	121.23316
799.43066	119.44286
799.48151	119.54685
799.53235	115.71178
799.58319	119.64074
799.63397	118.11368
799.68481	133.13629
799.73566	132.74583
799.7865	131.59119
799.83734	136.18283
799.88818	130.07314
799.93903	137.00418
799.98981	137.02585
800.04065	121.45873
800.09149	133.79846
800.14233	129.69272
800.19318	128.76785
800.24402	131.44427
800.29486	127.68987
800.34564	124.31921
800.39648	132.3047
800.44733	134.53227
800.49817	144.34183
800.54901	123.72999
800.59985	122.05508
800.6507	140.61583
800.70148	128.89532
800.75232	122.20889
800.80316	109.50968
800.854	134.04279
800.90485	124.49654
800.95569	131.10114
801.00653	121.11786
801.05731	123.33203
801.10815	131.68431
801.159	123.43526
801.20984	112.34347
801.26068	114.89153
801.31152	121.69098
801.36237	127.96685
801.41315	128.04318
801.46399	127.86381
801.51483	113.84537
801.56567	119.79575
801.61652	124.0811
801.66736	115.08221
801.7182	140.43947
801.76898	128.72308
801.81982	125.74564
801.87067	116.59671
801.92151	127.70925
801.97235	119.89242
802.02319	117.40711
802.07404	132.51491
802.12488	131.17654
802.17566	138.40674
802.2265	131.54715
802.27734	114.46893
802.32819	124.38229
802.37903	126.02499
802.42987	130.40617
802.48071	119.56595
802.53149	127.6945
802.58234	132.95174
802.63318	139.93501
802.68402	116.22791
802.73486	138.35542
802.78571	137.66457
802.83655	129.44768
802.88733	130.6368
802.93817	138.36743
802.98901	133.64221
803.03986	123.67377
803.0907	119.84716
803.14154	127.73206
803.19238	122.75437
803.24316	127.84421
803.29401	128.83478
803.34485	130.48756
803.39569	129.51361
803.44653	123.0862
803.49738	135.81583
803.54822	130.88445
803.599	130.52011
803.64984	122.43547
803.70068	136.06651
803.75153	116.42074
803.80237	133.56755
803.85321	131.73615
803.90405	124.87792
803.95483	120.99001
804.00568	122.83223
804.05652	118.25487
804.10736	131.13138
804.1582	127.618
804.20905	122.98318
804.25989	119.58107
804.31067	126.89178
804.36151	132.17241
804.41235	130.32036
804.4632	115.05293
804.51404	117.68712
804.56488	119.72348
804.61572	122.86538
804.6665	129.89748
804.71735	128.60773
804.76819	128.00919
804.81903	115.15383
804.86987	118.96547
804.92072	124.51481
804.97156	130.96092
805.02234	123.34622
805.07318	122.79456
805.12402	128.81567
805.17487	126.27229
805.22571	126.80289
805.27655	120.67349
805.32739	130.96521
805.37817	121.95619
805.42902	126.78342
805.47986	119.01079
805.5307	127.66323
805.58154	113.71906
805.63239	116.59577
805.68323	123.30399
805.73401	133.88513
805.78485	136.32663
805.83569	131.90269
805.88654	133.09726
805.93738	136.51495
805.98822	134.8152
806.03906	134.13863
806.08984	142.45921
806.14069	133.20718
806.19153	120.77821
806.24237	127.45274
806.29321	126.10109
806.34406	126.10069
806.3949	122.69028
806.44574	117.54775
806.49652	127.88555
806.54736	133.86958
806.59821	123.81387
806.64905	123.14572
806.69989	119.46925
806.75073	120.66924
806.80157	133.09277
806.85236	134.23065
806.9032	116.3159
806.95404	125.43382
807.00488	122.61229
807.05573	119.5628
807.10657	126.35291
807.15741	116.5201
807.20819	127.64251
807.25903	127.99977
807.30988	132.38165
807.36072	122.51254
807.41156	130.33643
807.4624	133.2645
807.51324	129.50948
807.56403	122.48093
807.61487	127.35932
807.66571	126.78861
807.71655	120.84196
807.7674	119.77919
807.81824	127.06361
807.86908	127.20526
807.91986	127.7963
807.9707	126.98486
808.02155	114.88144
808.07239	118.97349
808.12323	125.55318
808.17407	118.9411
808.22491	113.66523
808.2757	120.18657
808.32654	129.33893
808.37738	135.15279
808.42822	132.29852
808.47906	125.59332
808.52991	130.25171
808.58075	129.45895
808.63153	121.37155
808.68237	124.9425
808.73322	126.95589
808.78406	116.25474
808.8349	117.34473
808.88574	120.60563
808.93658	119.97546
808.98737	121.73975
809.03821	112.13298
809.08905	123.73343
809.13989	125.52453
809.19073	125.81314
809.24158	132.04321
809.29242	133.38901
809.3432	121.52917
809.39404	138.71768
809.44489	132.37756
809.49573	132.75606
809.54657	127.07901
809.59741	124.40973
809.64825	123.79235
809.69904	128.61009
809.74988	125.19386
809.80072	129.40976
809.85156	121.89901
809.9024	126.20452
809.95325	121.40113
810.00409	123.65362
810.05487	120.74619
810.10571	126.34196
810.15656	124.27216
810.2074	127.28134
810.25824	131.83034
810.30908	128.22885
810.35992	127.06853
810.41071	120.0136
810.46155	131.53366
810.51239	125.11475
810.56323	122.99904
810.61407	119.98078
810.66492	126.7041
810.71576	124.59963
810.7666	115.15464
810.81738	130.09393
810.86823	132.24123
810.91907	122.22745
810.96991	120.66587
811.02075	131.9657
811.07159	116.80088
811.12244	124.68226
811.17322	131.93784
811.22406	130.92178
811.2749	116.10506
811.32574	117.83123
811.37659	122.53964
811.42743	124.34992
811.47827	122.03422
811.52905	118.50147
811.5799	125.85214
811.63074	124.38416
811.68158	105.09777
811.73242	120.50732
811.78326	119.81988
811.83411	142.47778
811.88489	127.61031
811.93573	129.24698
811.98657	129.75168
812.03741	120.29719
812.08826	131.97626
812.1391	131.81694
812.18994	134.93176
812.24072	131.46669
812.29156	126.05691
812.34241	128.74197
812.39325	116.22596
812.44409	115.78881
812.49493	107.27357
812.54578	136.58853
812.59656	119.36197
812.6474	117.88731
812.69824	129.55646
812.74908	123.09589
812.79993	114.98415
812.85077	113.3662
812.90161	121.16828
812.95239	129.14563
813.00323	130.57426
813.05408	127.63938
813.10492	118.77744
813.15576	128.17329
813.2066	111.74149
813.25745	132.21689
813.30823	125.0452
813.35907	122.35428
813.40991	117.22337
813.46075	127.26707
813.5116	119.98635
813.56244	120.43712
813.61328	128.62944
813.66406	124.17742
813.7149	128.77933
813.76575	118.82045
813.81659	132.74438
813.86743	132.22533
813.91827	121.6306
813.96912	126.51877
814.0199	116.82161
814.07074	123.13979
814.12158	121.00835
814.17242	119.62041
814.22327	121.74601
814.27411	114.76543
814.32495	124.0395
814.37573	120.3746
814.42657	121.00137
814.47742	118.57278
814.52826	133.42473
814.5791	108.56461
814.62994	112.36268
814.68079	139.26297
814.73163	135.82127
814.78241	101.95094
814.83325	119.79081
814.88409	130.26598
814.93494	125.35251
814.98578	130.05846
815.03662	122.63099
815.08746	127.21642
815.13824	122.7096
815.18909	123.00387
815.23993	128.64456
815.29077	124.31413
815.34161	120.49767
815.39246	110.15859
815.4433	122.59109
815.49408	124.4996
815.54492	112.73572
815.59576	133.85822
815.64661	122.29842
815.69745	122.97034
815.74829	118.95242
815.79913	121.29726
815.84991	114.83467
815.90076	114.03008
815.9516	122.19599
816.00244	122.20329
816.05328	113.94255
816.10413	115.7543
816.15497	121.26903
816.20575	121.35568
816.25659	115.3082
816.30743	110.71417
816.35828	119.82172
816.40912	123.63142
816.45996	132.12943
816.5108	114.57904
816.56158	110.80621
816.61243	116.6241
816.66327	124.39777
816.71411	122.01643
816.76495	113.06054
816.8158	118.12061
816.86664	127.87469
816.91742	127.64666
816.96826	117.61983
817.0191	122.78912
817.06995	131.20917
817.12079	134.54675
817.17163	128.07278
817.22247	116.03358
817.27325	122.16658
817.3241	127.28334
817.37494	118.89984
817.42578	121.28905
817.47662	110.20218
817.52747	115.73893
817.57831	128.69905
817.62909	122.33691
817.67993	121.96219
817.73077	141.4445
817.78162	140.64987
817.83246	138
817.8833	128.51677
817.93414	113.3726
817.98492	114.06762
818.03577	129.70239
818.08661	127.09747
818.13745	126.14693
818.18829	122.72273
818.23914	129.52133
818.28998	134.41469
818.34076	129.36339
818.3916	135.42171
818.44244	125.71819
818.49329	129.05159
818.54413	110.80772
818.59497	131.42908
818.64581	123.63566
818.69659	112.62719
818.74744	110.63272
818.79828	110.68086
818.84912	106.93137
818.89996	113.10405
818.95081	123.06039
819.00165	119.96098
819.05249	118.33647
819.10327	119.66547
819.15411	123.9762
819.20496	122.03565
819.2558	115.39146
819.30664	122.83395
819.35748	140.40376
819.40833	132.68147
819.45911	130.18794
819.50995	136.22864
819.56079	136.71408
819.61163	124.46272
819.66248	114.16826
819.71332	116.45099
819.76416	115.83076
819.81494	110.21088
819.86578	117.43129
819.91663	119.86632
819.96747	128.61508
820.01831	126.29691
820.06915	133.39249
820.12	126.18449
820.17078	119.46113
820.22162	121
820.27246	113.6687
820.3233	124.21601
820.37415	127.94127
820.42499	123.39617
820.47583	119.39078
820.52661	128.98976
820.57745	126.84759
820.6283	118.21456
820.67914	124.70724
820.72998	125.86436
820.78082	124.17706
820.83167	116.78951
820.88245	116.25772
820.93329	121.16425
820.98413	128.9666
821.03497	139.78285
821.08582	131.89961
821.13666	129.88739
821.1875	129.8532
821.23828	123.14852
821.28912	127.81653
821.33997	138.65955
821.39081	129.47102
821.44165	121.24645
821.49249	122.43996
821.54333	128.69362
821.59412	127.3316
821.64496	118.67522
821.6958	127.58981
821.74664	123.25532
821.79749	121.86789
821.84833	127.81342
821.89917	130.35536
821.94995	134.5423
822.00079	133.91853
822.05164	125.99091
822.10248	116.24138
822.15332	121.02229
822.20416	129.0665
822.255	132.65839
822.30579	131.81937
822.35663	125.30027
822.40747	122
822.45831	124.62096
822.50916	124.38689
822.56	128.25259
822.61084	121.53251
822.66162	122.94769
822.71246	124.15694
822.76331	119.14765
822.81415	128.61322
822.86499	129.93745
822.91583	133.61508
822.96667	134.41991
823.01752	134.0571
823.0683	126.90067
823.11914	117.51283
823.16998	128.01593
823.22083	120.51783
823.27167	113.46351
823.32251	125.47398
823.37335	130.48413
823.42413	126.08232
823.47498	121.96627
823.52582	126.93998
823.57666	125.11574
823.6275	126.33671
823.67834	133
823.72919	124.75651
823.77997	118.4167
823.83081	120.51824
823.88165	128.64355
823.9325	129.86336
823.98334	123.86233
824.03418	123.66762
824.08502	129.97734
824.1358	132.47627
824.18665	118.75228
824.23749	121.99676
824.28833	128.18367
824.33917	124.0631
824.39001	125.33441
824.44086	131.25719
824.49164	132.6813
824.54248	130
824.59332	126.76742
824.64417	128.98294
824.69501	129.57114
824.74585	124.29141
824.79669	122.43289
824.84747	132.03764
824.89832	140.44989
824.94916	127.64041
825	130.52167
825.05084	131.03622
825.10168	118.70446
825.15253	114.14053
825.20331	121.5819
825.25415	130.46167
825.30499	136.44513
825.35583	133.00198
825.40668	120.46588
825.45752	111.88456
825.50836	123.5897
825.55914	134.35799
825.60999	130.12141
825.66083	121.10892
825.71167	121.49631
825.76251	138.49159
825.81335	142.56461
825.8642	136.78593
825.91498	127.83273
825.96582	127.59538
826.01666	127.97944
826.0675	125.29185
826.11835	121.41569
826.16919	121.71616
826.22003	127.72383
826.27081	118.15479
826.32166	117.68996
826.3725	126.9771
826.42334	129.30029
826.47418	124.45574
826.52502	117.19318
826.57587	122.55251
826.62665	134.05276
826.67749	123.69008
826.72833	124.24635
826.77917	137.83882
826.83002	133.56154
826.88086	125.58203
826.9317	130.83936
826.98248	136.91988
827.03333	133.58435
827.08417	125.52497
827.13501	120.38732
827.18585	125.10666
827.23669	120.58704
827.28754	125.36364
827.33838	127.6412
827.38916	126.17764
827.44	131.30121
827.49084	134.19794
827.54169	137.80951
827.59253	125.17235
827.64337	117.11671
827.69421	112.02192
827.745	120.28269
827.79584	116.42433
827.84668	120.63727
827.89752	140.26839
827.94836	138.51714
827.99921	128.13531
828.05005	128.00911
828.10083	133.16374
828.15167	122.42265
828.20251	119.15962
828.25336	127.90207
828.3042	129.33977
828.35504	126.92947
828.40588	136.43877
828.45667	125.34818
828.50751	123.3945
828.55835	122.81274
828.60919	119.7954
828.66003	124.75165
828.71088	125.8352
828.76172	124.31744
828.8125	139.04431
828.86334	129.73517
828.91418	120.96941
828.96503	131.33633
829.01587	137.62413
829.06671	135.35023
829.11755	126.93359
829.16833	123.47678
829.21918	129.46613
829.27002	131.65228
829.32086	125.38462
829.3717	129.08783
829.42255	131.37659
829.47339	133.987
829.52417	131.10567
829.57501	124.04272
829.62585	122.94839
829.6767	119.37404
829.72754	123.30346
829.77838	124.43287
829.82922	118.75829
829.88	124.94964
829.93085	125.2861
829.98169	131.67436
830.03253	140.33487
830.08337	143.08469
830.13422	130.51399
830.18506	130.70978
830.23584	131.78581
830.28668	130.7691
830.33752	125.53918
830.38837	129.40816
830.43921	127.23277
830.49005	117.6285
830.54089	121.687
830.59167	122.22414
830.64252	126.21627
830.69336	131.98627
830.7442	141.30533
830.79504	130.24181
830.84589	128.32422
830.89673	134.71066
830.94751	117.03725
830.99835	116.86372
831.04919	120.25252
831.10004	126.23531
831.15088	130.44696
831.20172	122.10803
831.25256	123.39388
831.30341	124.14317
831.35419	130.81326
831.40503	124.01293
831.45587	128.07629
831.50671	134.57176
831.55756	125.78365
831.6084	121.1243
831.65924	123.39426
831.71002	125.21948
831.76086	128.63945
831.81171	130.36888
831.86255	129.6348
831.91339	125.64398
831.96423	129.32088
832.01508	133.83763
832.06586	123.38953
832.1167	123.43584
832.16754	138.13712
832.21838	145.22423
832.26923	132.66611
832.32007	130.74509
832.37091	125.20521
832.42169	125.24968
832.47253	128.71834
832.52338	125.35847
832.57422	121.93552
832.62506	121.56564
832.6759	129.27176
832.72675	130.59241
832.77753	123.63326
832.82837	125.99125
832.87921	120.76657
832.93005	119.35809
832.9809	123.39293
833.03174	117.32623
833.08258	120.32827
833.13336	130.3019
833.1842	126.06084
833.23505	126.7447
833.28589	135.56778
833.33673	132.90804
833.38757	125.21354
833.43842	124.74856
833.4892	131.5443
833.54004	139.24869
833.59088	129.26744
833.64172	123.98129
833.69257	120.71831
833.74341	119.76563
833.79425	121.39309
833.84503	125.35243
833.89587	130.19435
833.94672	122.97746
833.99756	119.38634
834.0484	123.2281
834.09924	134.42642
834.15009	135.76817
834.20087	135.39975
834.25171	131.95573
834.30255	128.37123
834.35339	141.69614
834.40424	139.96156
834.45508	131.40262
834.50592	127.70524
834.5567	124.07597
834.60754	121.21624
834.65839	126.07369
834.70923	129.29372
834.76007	121.47104
834.81091	122.17055
834.86176	124.06428
834.91254	121.80531
834.96338	126.66835
835.01422	131.93452
835.06506	135.74161
835.11591	126.90285
835.16675	128.57755
835.21759	136.84151
835.26837	135.45776
835.31921	134.19365
835.37006	132.1293
835.4209	130.95432
835.47174	125.7396
835.52258	122.21922
835.57343	130.26564
835.62427	126.4892
835.67505	118.71111
835.72589	120.9633
835.77673	125.67244
835.82758	124.82249
835.87842	131.52336
835.92926	137.69215
835.9801	135.92339
836.03088	132.14047
836.08173	129.00356
836.13257	131.95631
836.18341	122.58147
836.23425	121.7458
836.2851	131.21863
836.33594	135.58557
836.38672	129.6156
836.43756	125.43877
836.4884	128.12044
836.53925	122.79981
836.59009	118.61758
836.64093	118.16833
836.69177	117.38564
836.74255	124.42702
836.7934	125.82084
836.84424	127.38693
836.89508	132.06685
836.94592	126.43807
836.99677	122.20474
837.04761	122.7228
837.09839	131.03018
837.14923	135.01454
837.20007	131.62639
837.25092	123.06342
837.30176	125.951
837.3526	124.02457
837.40344	122.98305
837.45422	129.71048
837.50507	132.78162
837.55591	144.04884
837.60675	138.5424
837.65759	129.21748
837.70844	135.59801
837.75928	136.58232
837.81006	132.20586
837.8609	125.81297
837.91174	117.69781
837.96259	120.7616
838.01343	126.72703
838.06427	123.49687
838.11511	122.10488
838.16589	123.51854
838.21674	120.3823
838.26758	116.23174
838.31842	123.22945
838.36926	125.50383
838.4201	131.7235
838.47095	131.40947
838.52173	124.32784
838.57257	135.44666
838.62341	127.17398
838.67426	132.68581
838.7251	134.38518
838.77594	131.18944
838.82678	134.21585
838.87756	135.106
838.92841	133.92311
838.97925	133.30232
839.03009	130.29114
839.08093	123.41045
839.13177	126.12476
839.18262	128.66702
839.2334	128.29001
839.28424	126.45293
839.33508	123.4516
839.38593	113.66332
839.43677	118.69707
839.48761	118.75632
839.53845	122.43587
839.58929	124.1867
839.64008	123.14594
839.69092	122.25702
839.74176	120.90245
839.7926	128.80975
839.84344	126.45007
839.89429	121.41469
839.94513	119.68157
839.99591	118.04881
840.04675	110.91912
840.0976	121.5224
840.14844	120.72119
840.19928	122.44971
840.25012	130.33955
840.30096	128.10619
840.35175	141.39047
840.40259	130.51738
840.45343	114.22193
840.50427	118.04323
840.55511	127.11441
840.60596	128.73386
840.6568	124.83024
840.70758	119.06026
840.75842	125.95818
840.80927	130.61105
840.86011	130.18051
840.91095	134.18329
840.96179	131.58272
841.01263	139.37373
841.06342	152.77693
841.11426	118.65736
841.1651	126.03275
841.21594	136.38835
841.26678	131.18477
841.31763	127.54912
841.36847	131.72897
841.41925	132.94049
841.47009	137.32484
841.52094	137.19785
841.57178	133.83873
841.62262	123.56359
841.67346	130.12953
841.7243	126.26194
841.77509	130.88591
841.82593	123.26994
841.87677	131.97461
841.92761	127.14784
841.97845	123.62356
842.0293	127.51076
842.08014	127.12912
842.13092	130.56413
842.18176	130.65094
842.2326	124.82442
842.28345	122.88276
842.33429	135.03195
842.38513	129.97945
842.43597	129.71976
842.48676	125.96542
842.5376	118.82936
842.58844	122.33028
842.63928	132.16948
842.69012	133.30846
842.74097	137.29826
842.79181	136.95422
842.84259	130.45869
842.89343	122.4725
842.94427	120.87786
842.99512	127.65625
843.04596	114.12756
843.0968	120.68743
843.14764	137.34811
843.19843	131.34482
843.24927	128.69681
843.30011	128.48494
843.35095	128.58131
843.40179	126.00395
843.45264	128.87621
843.50348	134.39778
843.55426	119.81686
843.6051	112.95664
843.65594	128.02986
843.70679	139.34596
843.75763	128.0686
843.80847	112.11655
843.85931	122.75995
843.91016	127.23895
843.96094	134.67651
844.01178	130.09804
844.06262	118.64112
844.11346	126.35294
844.16431	119.47161
844.21515	125.43663
844.26599	124.44315
844.31677	126.21483
844.36761	132.72983
844.41846	130.83223
844.4693	131.47832
844.52014	131.36493
844.57098	129.47319
844.62183	134.83595
844.67261	137.39082
844.72345	116.0629
844.77429	132.11595
844.82513	124.49033
844.87598	126.8602
844.92682	140.44557
844.97766	126.10326
845.02844	129.14151
845.07928	132.68425
845.13013	131.59187
845.18097	117.75465
845.23181	125.52277
845.28265	131.9321
845.3335	140.21597
845.38428	122.42975
845.43512	129.75247
845.48596	125.82429
845.5368	127.14621
845.58765	132.32301
845.63849	138.73351
845.68933	133.12991
845.74011	132.4127
845.79095	127.64436
845.8418	117.6512
845.89264	121.28474
845.94348	121.10271
845.99432	118.7679
846.04517	118.92111
846.09595	124.04349
846.14679	124.54875
846.19763	135.6993
846.24847	118.51899
846.29932	122.94079
846.35016	135.06244
846.401	131.16872
846.45178	132.65034
846.50262	140.74913
846.55347	145.03268
846.60431	124.93188
846.65515	128.63217
846.70599	137.6391
846.75684	134.00049
846.80762	123.52338
846.85846	131.23312
846.9093	139.45984
846.96014	125.02447
847.01099	138.87466
847.06183	131.63054
847.11267	116.44344
847.16345	126.93428
847.21429	124.6368
847.26514	153.0486
847.31598	123.58283
847.36682	128.49168
847.41766	131.13048
847.46851	124.3645
847.51929	120.1055
847.57013	119.65562
847.62097	129.80687
847.67181	125.25288
847.72266	126.0647
847.7735	126.56371
847.82434	129.47231
847.87512	130.84227
847.92596	119.12624
847.97681	135
848.02765	131.89848
848.07849	119.58481
848.12933	120.4981
848.18018	129.58389
848.23102	130.92433
848.2818	137.38638
848.33264	122.31316
848.38348	129.52884
848.43433	126.32094
848.48517	132.45811
848.53601	120.44817
848.58685	113.77193
848.63763	122.50826
848.68848	116.14426
848.73932	114.07382
848.79016	117.35322
848.841	113.91788
848.89185	111.95292
848.94269	123.33758
848.99347	139.65312
849.04431	135.88098
849.09515	112.24508
849.146	113.92699
849.19684	140.67386
849.24768	134.44704
849.29852	129.66805
849.3493	132.89404
849.40015	136
849.45099	136.90067
849.50183	141.12997
849.55267	139.10255
849.60352	119.91061
849.65436	124.14241
849.70514	127.77069
849.75598	125.8493
849.80682	124.77162
849.85767	135.62259
849.90851	137.74323
849.95935	125.83273
850.01019	122
850.06097	121.76488
850.11182	122.41565
850.16266	123.92199
850.2135	117.09251
850.26434	127.23963
850.31519	127.51908
850.36603	125.27614
850.41681	124.4527
850.46765	130.21472
850.51849	135.22034
850.56934	136.78777
850.62018	128.5202
850.67102	123.01015
850.72186	117.76538
850.77264	112.2471
850.82349	122.02762
850.87433	133.9525
850.92517	122.32021
850.97601	136.68298
851.02686	124
851.0777	130.15591
851.12848	141.30148
851.17932	123.03742
851.23016	123.13796
851.28101	119.18124
851.33185	127.84347
851.38269	120.0555
851.43353	129.36049
851.48431	141.66534
851.53516	127.80269
851.586	132.95584
851.63684	139.10706
851.68768	134.81473
851.73853	135.90688
851.78937	131.35336
851.84015	127.82842
851.89099	130.27696
851.94183	132.66879
851.99268	131.68326
852.04352	122.21493
852.09436	133.56538
852.1452	129.03897
852.19604	121.42424
852.24683	133.40541
852.29767	119.02128
852.34851	124.87132
852.39935	126.12514
852.4502	124.58659
852.50104	124.23312
852.55188	123.55389
852.60266	134.08141
852.6535	139
852.70435	134.78534
852.75519	130.44031
852.80603	141.47864
852.85687	136.16437
852.90771	131.0786
852.9585	131.77917
853.00934	137.69
853.06018	133.25562
853.11102	130.33911
853.16187	137.26422
853.21271	127.63386
853.26355	123.89662
853.31433	115.88548
853.36517	129.08012
853.41602	136.55128
853.46686	124.58479
853.5177	134.62338
853.56854	132.42012
853.61938	118.32314
853.67017	119.00308
853.72101	116.67426
853.77185	120
853.82269	117.96893
853.87354	121.13474
853.92438	130.21504
853.97522	123.0629
854.026	124.92492
854.07684	123.08729
854.12769	131.54889
854.17853	136.83246
854.22937	129.23009
854.28021	127.42406
854.33105	124.98733
854.38184	120.31578
854.43268	122.94725
854.48352	118.35532
854.53436	135.12444
854.58521	145.86186
854.63605	128.88104
854.68689	122.05045
854.73767	134.74622
854.78851	137.50056
854.83936	135.09081
854.8902	131.94536
854.94104	135.41064
854.99188	127.61552
855.04272	130.47861
855.09351	137.94275
855.14435	139.43768
855.19519	138.17784
855.24603	136.4482
855.29688	129.80997
855.34772	126.40324
855.39856	127.21558
855.44934	126.34426
855.50018	118
855.55103	122.08047
855.60187	123.48368
855.65271	121.95981
855.70355	128.58466
855.75439	123.40879
855.80518	121.61359
855.85602	131.79762
855.90686	133.60251
855.9577	127.71984
856.00854	123.85365
856.05939	119.27204
856.11023	119.17011
856.16101	128.10478
856.21185	134.24553
856.2627	121.84952
856.31354	114.3203
856.36438	122.78371
856.41522	125.89725
856.46606	130.60963
856.51691	136.36169
856.56769	132.52882
856.61853	124.62445
856.66937	129.45682
856.72021	131.89828
856.77106	119.00294
856.8219	115.69068
856.87274	127.13262
856.92352	132.57867
856.97437	125.75982
857.02521	127.18565
857.07605	126.81184
857.12689	121.8745
857.17773	120.15681
857.22858	121.84276
857.27936	119.6508
857.3302	123.36801
857.38104	137.00381
857.43188	132.99565
857.48273	127.48321
857.53357	127.024
857.58441	138.16634
857.63519	140.85762
857.68604	144.77583
857.73688	144.17444
857.78772	129.80206
857.83856	120.29269
857.8894	132.29488
857.94025	139.60367
857.99103	129.8107
858.04187	128.60245
858.09271	124.09491
858.14355	131.42154
858.1944	130.59055
858.24524	124.82123
858.29608	133.48584
858.34686	128.06717
858.39771	127.7709
858.44855	135.6729
858.49939	135.87932
858.55023	123.72839
858.60107	123.50232
858.65192	122.5892
858.7027	122.15972
858.75354	129.45509
858.80438	132
858.85522	138.98183
858.90607	146.92529
858.95691	136.64571
859.00775	125.0423
859.05853	121.81044
859.10938	144.32281
859.16022	152.09912
859.21106	138.49011
859.2619	131.2618
859.31274	128.82082
859.36359	139.0621
859.41437	128.8755
859.46521	121.26621
859.51605	129.11945
859.56689	125.44348
859.61774	132.15094
859.66858	126.22567
859.71942	117.52428
859.7702	130.77875
859.82104	139.19209
859.87189	136.21994
859.92273	130.88951
859.97357	136.30962
860.02441	130.39142
860.07526	126.60343
860.12604	117.15069
860.17688	118.72388
860.22772	122.87025
860.27856	132.9483
860.32941	131.36154
860.38025	124.97388
860.43109	127.33498
860.48193	131.6313
860.53271	135.68506
860.58356	124.4769
860.6344	123.11861
860.68524	125.80123
860.73608	133.79213
860.78693	125.50394
860.83777	120.34845
860.88855	123.38247
860.93939	134.59886
860.99023	125.5338
861.04108	139.912
861.09192	127.82158
861.14276	127.55147
861.1936	126.19573
861.24438	133.38237
861.29523	130.33569
861.34607	123.78313
861.39691	126.21028
861.44775	133.17754
861.4986	134.5047
861.54944	140.1834
861.60022	133.20773
861.65106	145.61589
861.7019	131.67059
861.75275	139.22049
861.80359	147.40231
861.85443	140.77446
861.90527	136.35371
861.95605	137.84966
862.0069	138.55611
862.05774	129.28265
862.10858	140.70352
862.15942	126.31834
862.21027	126.38479
862.26111	129.67799
862.31189	152.41534
862.36273	136.80405
862.41357	133.20638
862.46442	137.32935
862.51526	126.45478
862.5661	135.38359
862.61694	117.40947
862.66772	133.78304
862.71857	135.83379
862.76941	123.78819
862.82025	123.92818
862.87109	126.05383
862.92194	126.49136
862.97278	126.55328
863.02356	132.9559
863.0744	136.71931
863.12524	128.73018
863.17609	129.30798
863.22693	133.19409
863.27777	133.47169
863.32861	134.29019
863.37939	144.68893
863.43024	128.62569
863.48108	129.76666
863.53192	118.42992
863.58276	135.41432
863.63361	131.28172
863.68445	130.94415
863.73523	148.75275
863.78607	170.33112
863.83691	142.7222
863.88776	138.00612
863.9386	138.64668
863.98944	121.68761
864.04028	131.77576
864.09106	131.74763
864.14191	135.61345
864.19275	138.15955
864.24359	135.21347
864.29443	130.9483
864.34528	132.65872
864.39612	126.82762
864.4469	141.21327
864.49774	120.825
864.54858	117.77113
864.59943	135.16605
864.65027	119.10839
864.70111	122.78305
864.75195	135.32799
864.8028	118.53708
864.85358	138.95262
864.90442	135.96228
864.95526	142.85747
865.0061	126.61188
865.05695	131.35114
865.10779	129.05296
865.15863	126.59267
865.20941	124.99896
865.26025	123.18319
865.3111	119.30235
865.36194	128.62744
865.41278	132.57628
865.46362	135.40379
865.51447	124.17017
865.56525	126.47685
865.61609	139.09337
865.66693	142.53055
865.71777	131.40997
865.76862	133.74017
865.81946	125.06079
865.8703	130.18735
865.92108	133.0103
865.97192	132.15128
866.02277	134.62044
866.07361	128.21306
866.12445	133.74132
866.17529	134.69124
866.22614	126.72961
866.27692	150.01372
866.32776	133.46091
866.3786	134.01881
866.42944	126.02152
866.48029	126.23898
866.53113	134.88841
866.58197	126.94559
866.63275	131.6882
866.68359	129.0253
866.73444	126.78957
866.78528	126.78932
866.83612	133.9832
866.88696	140.93867
866.93781	138.85114
866.98859	130.87645
867.03943	133.53372
867.09027	139.23778
867.14111	136.82745
867.19196	131.842
867.2428	128.38947
867.29364	128.2278
867.34442	136.08957
867.39526	130.71962
867.44611	133.37657
867.49695	130.01022
867.54779	129.34677
867.59863	133.87183
867.64948	140.50876
867.70026	136.67307
867.7511	128.27733
867.80194	142.04335
867.85278	139.12807
867.90363	122.63064
867.95447	131.15973
868.00531	131.01671
868.05609	124.47819
868.10693	128.62642
868.15778	120.90636
868.20862	125.45777
868.25946	129.12691
868.3103	127.13461
868.36115	126.27608
868.41193	129.06477
868.46277	124.68642
868.51361	120.2683
868.56445	134.92009
868.6153	130.99216
868.66614	131.63495
868.71698	128.40347
868.76782	129.78322
868.8186	130.81429
868.86945	129.369
868.92029	127.68889
868.97113	125.84851
869.02197	127.53622
869.07281	138.65828
869.12366	140.47018
869.17444	143.06567
869.22528	138.54761
869.27612	132.34665
869.32697	134.29706
869.37781	125.78295
869.42865	122.55916
869.47949	127.06016
869.53027	134.08461
869.58112	131.45349
869.63196	136.41037
869.6828	136.32909
869.73364	128.62706
869.78448	133.49326
869.83533	136.37146
869.88611	138.89105
869.93695	132.42622
869.98779	130.9588
870.03864	135.47079
870.08948	132.10504
870.14032	128.87206
870.19116	132.36934
870.24194	137.03934
870.29279	140.34033
870.34363	141.49237
870.39447	125.95936
870.44531	134.64972
870.49615	134.76527
870.547	129.45093
870.59778	128.04948
870.64862	124.22464
870.69946	120.39299
870.75031	132.63544
870.80115	136.42709
870.85199	119.53593
870.90283	118.09075
870.95361	130.76903
871.00446	136.3716
871.0553	127.29451
871.10614	128.61221
871.15698	131.17485
871.20782	132.18134
871.25867	121.90376
871.30945	121.47415
871.36029	126.53127
871.41113	124.94473
871.46198	122.01073
871.51282	127.27159
871.56366	130.81061
871.6145	126.16451
871.66528	118.05975
871.71613	128.32301
871.76697	133.3472
871.81781	143.21977
871.86865	136.455
871.91949	133.29468
871.97034	125.41012
872.02112	136.21358
872.07196	133.32265
872.1228	129.9073
872.17365	135.25462
872.22449	132.76152
872.27533	127.66043
872.32617	138.57861
872.37695	128.42693
872.4278	126.13056
872.47864	133.64114
872.52948	136.31042
872.58032	134.98877
872.63116	132.18236
872.68201	122.74143
872.73279	130.7448
872.78363	137.26312
872.83447	135.06731
872.88531	134.66518
872.93616	129.37393
872.987	131.83258
873.03784	122.64567
873.08868	127.52183
873.13947	133.42702
873.19031	129.85753
873.24115	123.25084
873.29199	123.75043
873.34283	132.56236
873.39368	130.25595
873.44452	126.6759
873.4953	128.50072
873.54614	140.32596
873.59698	131.90158
873.64783	138.12622
873.69867	126.41276
873.74951	127.80527
873.80035	138.27426
873.85114	133.68903
873.90198	129.7117
873.95282	132.60165
874.00366	131.75464
874.0545	123.87347
874.10535	125.73702
874.15619	128.7982
874.20697	132.78336
874.25781	131.55753
874.30865	127.43259
874.3595	134.46095
874.41034	130.45177
874.46118	134.00955
874.51202	123.52989
874.56281	126.27635
874.61365	129.63005
874.66449	123.67386
874.71533	123.77027
874.76617	123.08682
874.81702	129.85915
874.86786	134.31497
874.91864	147.47174
874.96948	132.66508
875.02032	130.13127
875.07117	133.15469
875.12201	127.86487
875.17285	130.22424
875.22369	123.67183
875.27448	135.1881
875.32532	133.68854
875.37616	134.59988
875.427	129.33258
875.47784	141.06331
875.52869	146.74142
875.57953	138.20183
875.63031	135.24763
875.68115	136.70506
875.73199	130.54332
875.78284	126.16358
875.83368	131.59933
875.88452	131.51752
875.93536	126.47881
875.98615	125.77962
876.03699	131.91621
876.08783	137.63261
876.13867	129.44046
876.18951	129.23933
876.24036	130.74312
876.2912	124.70609
876.34198	134.91641
876.39282	132.13861
876.44366	140.36314
876.49451	134.4803
876.54535	139.71672
876.59619	124.89574
876.64703	133.27916
876.69781	134.53572
876.74866	137.13623
876.7995	110.91438
876.85034	129.05244
876.90118	123.11349
876.95203	131.19125
877.00287	144.22307
877.05365	135.68629
877.10449	130.13649
877.15533	124.13591
877.20618	119.74258
877.25702	133.33205
877.30786	127.73145
877.3587	133.84262
877.40955	143.83469
877.46033	127.74911
877.51117	129.24625
877.56201	115.6624
877.61285	123.29367
877.6637	134.2726
877.71454	131.71564
877.76538	127.06651
877.81616	132.44797
877.867	134.81171
877.91785	136.00351
877.96869	135.74739
878.01953	117.69154
878.07037	119.8512
878.12122	115.16354
878.172	139.95911
878.22284	134.4697
878.27368	116.3765
878.32452	140.66878
878.37537	134.57591
878.42621	139.01346
878.47705	140.23604
878.52783	136.81586
878.57867	128.69757
878.62952	139.49803
878.68036	121.85397
878.7312	137.03769
878.78204	155.78639
878.83289	130.05762
878.88367	132.11172
878.93451	142.49353
878.98535	145.7576
879.03619	126.58994
879.08704	144.15054
879.13788	132.21686
879.18872	127.26774
879.2395	125.34299
879.29034	111.21569
879.34119	133.02367
879.39203	138.70235
879.44287	114.06892
879.49371	123.60027
879.54456	138.52168
879.59534	110.79568
879.64618	122.68587
879.69702	138.68413
879.74786	136.04587
879.79871	139.95663
879.84955	132.05112
879.90039	125.01357
879.95117	140.99478
880.00201	136.91943
880.05286	123.07144
880.1037	129.82413
880.15454	118.32482
880.20538	134.64664
880.25623	120.08402
880.30701	122.96754
880.35785	121.81545
880.40869	117.66177
880.45953	133.54973
880.51038	144.69843
880.56122	138.67172
880.61206	132.58586
880.66284	127.08143
880.71368	142.79581
880.76453	138.33217
880.81537	117.2309
880.86621	119.51151
880.91705	114.7728
880.9679	124.44507
881.01868	138.7157
881.06952	135.10704
881.12036	127.51835
881.1712	132.21623
881.22205	134.22514
881.27289	136.11716
881.32373	136.63197
881.37457	137.17821
881.42535	155.71053
881.4762	135.08824
881.52704	140.17375
881.57788	129.29021
881.62872	132.05411
881.67957	139.55038
881.73041	147.36205
881.78119	140.88138
881.83203	123.64323
881.88287	119.26261
881.93372	131.42798
881.98456	137.26732
882.0354	133.43419
882.08624	129.45555
882.13702	125.76509
882.18787	134.77579
882.23871	126.62284
882.28955	127.30348
882.34039	121.86711
882.39124	127.66607
882.44208	137.68069
882.49286	140.23228
882.5437	135.31847
882.59454	127.14185
882.64539	154.31007
882.69623	138.49045
882.74707	130.91666
882.79791	119.38604
882.84869	114.92785
882.89954	124.62902
882.95038	125.96084
883.00122	121.37933
883.05206	127.13593
883.10291	127.58469
883.15375	140.66249
883.20453	128.30182
883.25537	132.9864
883.30621	136.3784
883.35706	124.31759
883.4079	127.25701
883.45874	132
883.50958	132.99765
883.56036	141.4183
883.61121	144.40524
883.66205	133.66335
883.71289	138.80717
883.76373	121.64155
883.81458	128.28235
883.86542	136.93732
883.9162	134.49083
883.96704	142.7598
884.01788	139.76392
884.06873	133.78004
884.11957	135.39569
884.17041	140.81036
884.22125	136.23169
884.27203	120.23441
884.32288	124.08566
884.37372	129.53371
884.42456	136.41801
884.4754	133.64046
884.52625	134.96446
884.57709	146.77879
884.62787	138.15828
884.67871	131.45436
884.72955	135.22018
884.7804	129.22052
884.83124	124.12759
884.88208	131
884.93292	136.30948
884.9837	134.68367
885.03455	128.47839
885.08539	127.00922
885.13623	126.01651
885.18707	124.94125
885.23792	126.6391
885.28876	129.95776
885.33954	135.84818
885.39038	140.9351
885.44122	135.15701
885.49207	135.35019
885.54291	134.60449
885.59375	129.3347
885.64459	132.48611
885.69543	138.26572
885.74622	135.99535
885.79706	131.26672
885.8479	142.25182
885.89874	140.3965
885.94958	128.83676
886.00043	141.62956
886.05127	139.24707
886.10205	127.32232
886.15289	137.99081
886.20374	145.37573
886.25458	141.22038
886.30542	139.6356
886.35626	138.07388
886.4071	148.01833
886.45789	137.655
886.50873	129.65947
886.55957	138.64667
886.61041	145.68642
886.66125	136.15739
886.7121	131.68332
886.76294	134.75597
886.81372	126.95858
886.86456	129.31374
886.91541	134.82875
886.96625	136.71286
887.01709	149.22955
887.06793	148.1969
887.11877	139.42053
887.16956	138.47522
887.2204	147.92305
887.27124	146.49904
887.32208	142.73163
887.37292	127.52606
887.42377	127.61027
887.47461	132.87161
887.52539	141.02835
887.57623	133.55772
887.62708	146.8504
887.67792	143.00851
887.72876	124.09383
887.7796	123.2468
887.83044	125.63518
887.88123	130.9455
887.93207	134.49037
887.98291	139.18401
888.03375	131.57339
888.08459	135.94545
888.13544	137.85519
888.18628	130.24289
888.23706	126.3968
888.2879	143.48903
888.33875	132.78003
888.38959	146.96849
888.44043	135.59178
888.49127	129.50163
888.54211	134.43858
888.5929	134.08669
888.64374	145.94804
888.69458	144.22241
888.74542	127.21065
888.79626	129.75395
888.84711	121.49238
888.89795	127.6652
888.94873	134.71336
888.99957	123.42282
889.05042	157.97766
889.10126	116.92529
889.1521	122.8892
889.20294	127.95515
889.25378	130.99373
889.30457	139.99521
889.35541	138.9184
889.40625	131.94797
889.45709	129.46021
889.50793	146.91145
889.55878	114.17741
889.60962	143.23737
889.66046	127.31045
889.71124	134.05389
889.76208	149.5856
889.81293	128.57297
889.86377	124.561
889.91461	143.67944
889.96545	151.18362
890.0163	151.32227
890.06708	135.47215
890.11792	131.8996
890.16876	138.04536
890.2196	131.50484
890.27045	134.86691
890.32129	134.97978
890.37213	139.82521
890.42291	131.61644
890.47375	122.0727
890.5246	117.19211
890.57544	141.25633
890.62628	136.62494
890.67712	147.26749
890.72797	128.98447
890.77875	149.99071
890.82959	133.40637
890.88043	129.09818
890.93127	136.47585
890.98212	139.46516
891.03296	146.77821
891.0838	133.54079
891.13458	143.04428
891.18542	144.36517
891.23627	127.66654
891.28711	130.70451
891.33795	143.93805
891.38879	138.81808
891.43964	139.96884
891.49042	150.12033
891.54126	146.88722
891.5921	141.32893
891.64294	139.32439
891.69379	141.96562
891.74463	141.17209
891.79547	126.63847
891.84625	123.43174
891.89709	127.98254
891.94794	133.07436
891.99878	136.92197
892.04962	136.35194
892.10046	132.20172
892.15131	133.78955
892.20209	150.83356
892.25293	150.39299
892.30377	131.34116
892.35461	129.47977
892.40546	133.45081
892.4563	133.66039
892.50714	133.23578
892.55792	129.89612
892.60876	133.88039
892.65961	143.80031
892.71045	146.55452
892.76129	142.43346
892.81213	138.48424
892.86298	144.70007
892.91376	148.21516
892.9646	142.14906
893.01544	141.72357
893.06628	141.13315
893.11713	146.29454
893.16797	152.68019
893.21881	144.04707
893.26959	148.07408
893.32043	141.45372
893.37128	141.33063
893.42212	144.96117
893.47296	132.27477
893.5238	133.4938
893.57465	131.66371
893.62543	137.58241
893.67627	136.87172
893.72711	129.0099
893.77795	133.41664
893.8288	147.62175
893.87964	138.78503
893.93048	128.84251
893.98132	125.57124
894.0321	130.49098
894.08295	129.22394
894.13379	133.1013
894.18463	143.76445
894.23547	131.69704
894.28632	131.14021
894.33716	136.73325
894.38794	134.5929
894.43878	129.6562
894.48962	125.21354
894.54047	137.53452
894.59131	138.46498
894.64215	131.16588
894.69299	137.77686
894.74377	133.1653
894.79462	143.34779
894.84546	153.00594
894.8963	136.33472
894.94714	126.43265
894.99799	136.76465
895.04883	139.44946
895.09961	136.66272
895.15045	130.8427
895.20129	136.30887
895.25214	164.433
895.30298	135.37366
895.35382	127.9472
895.40466	134.45206
895.45544	135.16643
895.50629	143.71863
895.55713	128.83385
895.60797	140.56158
895.65881	130.99834
895.70966	147.37814
895.7605	137.80363
895.81128	122.70231
895.86212	129.95399
895.91296	123.81807
895.96381	124.73302
896.01465	135.40784
896.06549	140.69034
896.11633	131.64494
896.16711	128.91644
896.21796	128.76874
896.2688	132.96873
896.31964	128.47757
896.37048	136.41946
896.42133	119.64587
896.47217	135.23882
896.52295	127.38858
896.57379	133.6396
896.62463	126.79219
896.67548	119.49963
896.72632	137.71259
896.77716	124.72975
896.828	126.79123
896.87878	124.31532
896.92963	142.42751
896.98047	136.94952
897.03131	137.603
897.08215	135.8717
897.133	133.86244
897.18384	132.49857
897.23462	132.00569
897.28546	126.78975
897.3363	129.16927
897.38715	133.18597
897.43799	127.59544
897.48883	141.71573
897.53967	151.16153
897.59045	135.44519
897.6413	138.83852
897.69214	129.13998
897.74298	141.41824
897.79382	141.11177
897.84467	135.63916
897.89551	137.25031
897.94635	129.04404
897.99713	128.50391
898.04797	133.40576
898.09882	134.85748
898.14966	135.92514
898.2005	130.32558
898.25134	134.10159
898.30219	132.14485
898.35297	137.41779
898.40381	136.93234
898.45465	129.56976
898.50549	136.36305
898.55634	139.60951
898.60718	138.51039
898.65802	136.18578
898.7088	137.72978
898.75964	135.6851
898.81049	130.13094
898.86133	135.42924
898.91217	134.89445
898.96301	132.48314
899.01385	136.5285
899.06464	136.99214
899.11548	139.47441
899.16632	131.37303
899.21716	132.31934
899.26801	138.40869
899.31885	137.6723
899.36969	130.16946
899.42047	127.39784
899.47131	131.67691
899.52216	130.83231
899.573	128.59268
899.62384	131.95799
899.67468	125.98873
899.72552	129.71912
899.77631	129.30644
899.82715	126.52271
899.87799	133.61568
899.92883	130.57854
899.97968	123.67764
900.03052	128.30406
900.08136	133.00386
900.13214	134.11198
900.18298	136.53647
900.23383	140.9437
900.28467	131.5907
900.33551	115.33835
900.38635	131.73053
900.43719	127.57292
900.48798	134.57314
900.53882	146.23451
900.58966	136.50899
900.6405	141.51863
900.69135	149.05989
900.74219	131.01057
900.79303	145.11638
900.84381	149.72057
900.89465	130.879
900.9455	124.86029
900.99634	140.64828
901.04718	140.94824
901.09802	137.4005
901.14886	125.2107
901.19965	131.68556
901.25049	127.71045
901.30133	129.16478
901.35217	144.78416
901.40302	146.14604
901.45386	148.62518
901.5047	129.5191
901.55548	142.2921
901.60632	122.63874
901.65717	139.05219
901.70801	134.31506
901.75885	122.8916
901.80969	136.23373
901.86053	135.62016
901.91132	137.01137
901.96216	131.38817
902.013	126.66505
902.06384	121.47424
902.11469	126.79179
902.16553	141.73904
902.21637	136.8383
902.26721	132.96025
902.31799	130.30103
902.36884	134.03137
902.41968	142.8931
902.47052	132.76241
902.52136	133.12677
902.5722	120.26528
902.62305	128.36371
902.67383	117.12523
902.72467	139.83734
902.77551	129.20319
902.82635	139.50468
902.8772	120.87258
902.92804	124.66271
902.97888	131.00615
903.02966	139.78169
903.08051	133.90187
903.13135	123.93195
903.18219	134.91843
903.23303	133.12979
903.28387	133.53893
903.33472	127.86813
903.3855	132.401
903.43634	138.51302
903.48718	126.44406
903.53802	126.13941
903.58887	135.51353
903.63971	150.07117
903.69055	130.03484
903.74133	143.00455
903.79218	138.61298
903.84302	125.84343
903.89386	127.30714
903.9447	126.50655
903.99554	134.35216
904.04639	157.75366
904.09717	132.20819
904.14801	132.44148
904.19885	131.90594
904.24969	129.74072
904.30054	131.28929
904.35138	135.66689
904.40222	140.89223
904.453	139.78818
904.50385	146.68411
904.55469	134.69547
904.60553	150.2269
904.65637	133.70172
904.70721	132.2914
904.75806	125.91656
904.80884	127.49978
904.85968	125.6167
904.91052	127.1409
904.96136	124.16378
905.01221	137.04816
905.06305	153.32761
905.11389	137.37396
905.16467	126.57843
905.21552	126.13837
905.26636	117.78194
905.3172	115.69838
905.36804	128.11769
905.41888	138.50275
905.46973	126.99384
905.52051	127.37054
905.57135	129.07539
905.62219	130.71558
905.67303	133.37074
905.72388	130.73965
905.77472	133.89137
905.82556	138.28983
905.87634	131.87889
905.92719	127.78509
905.97803	124.07765
906.02887	123.38477
906.07971	127.72525
906.13055	128.29796
906.1814	127.96194
906.23218	142.38693
906.28302	141.36865
906.33386	125.08385
906.3847	125.44725
906.43555	129.08133
906.48639	126.93172
906.53723	128.33028
906.58807	132.46632
906.63885	132.30914
906.6897	126.39178
906.74054	131.25697
906.79138	130.61649
906.84222	130.09239
906.89307	142.54578
906.94391	138.4825
906.99469	125.83958
907.04553	128.10654
907.09637	134.38693
907.14722	127.81297
907.19806	126.6059
907.2489	117.71287
907.29974	126.047
907.35052	125.7039
907.40137	124.05947
907.45221	129.61411
907.50305	132.37701
907.55389	137.46414
907.60474	136.61707
907.65558	130.71654
907.70636	133.07634
907.7572	132.39819
907.80804	126.83088
907.85889	137.82954
907.90973	134.77228
907.96057	132.03992
908.01141	132.30876
908.06219	132.57813
908.11304	130.78909
908.16388	131.41226
908.21472	123.56796
908.26556	128.31627
908.31641	126.72335
908.36725	124.71942
908.41803	127.0071
908.46887	124.13774
908.51971	138.78618
908.57056	142.27974
908.6214	129.93588
908.67224	131.99063
908.72308	136.33842
908.77386	133.66563
908.82471	134.17659
908.87555	131.77313
908.92639	126.15667
908.97723	139.28818
909.02808	129.32544
909.07892	136.92636
909.1297	136.26465
909.18054	120.36602
909.23138	137.80504
909.28223	147.97449
909.33307	145.91858
909.38391	144.36131
909.43475	138.09601
909.48553	142.07645
909.53638	122.62637
909.58722	123.31252
909.63806	132.56017
909.6889	143.79506
909.73975	138.05452
909.79059	132.51759
909.84137	124.9604
909.89221	141.25468
909.94305	121.94299
909.9939	120.89781
910.04474	145.08139
910.09558	123.30183
910.14642	115.57144
910.1972	151.61598
910.24805	126.32433
910.29889	113.88092
910.34973	133.83244
910.40057	131.93205
910.45142	125.31531
910.50226	126.41161
910.5531	128.26198
910.60388	137.81705
910.65472	125.1711
910.70557	138.63985
910.75641	132.24457
910.80725	144.28732
910.85809	130.80933
910.90894	129.80664
910.95972	120.60459
911.01056	122.77917
911.0614	125.11781
911.11224	132.01794
911.16309	130.91507
911.21393	147.91922
911.26477	128.95262
911.31555	127.78321
911.36639	134.05347
911.41724	138.63406
911.46808	131.1236
911.51892	138.78773
911.56976	134.3109
911.62061	130.7708
911.67139	138.93588
911.72223	149.78423
911.77307	145.76759
911.82391	145.65762
911.87476	136.80359
911.9256	141.92632
911.97644	136.1158
912.02722	138.60217
912.07806	142.5005
912.12891	135.23886
912.17975	127.57953
912.23059	126.27296
912.28143	137.67517
912.33228	137.99507
912.38306	139.16049
912.4339	147.04475
912.48474	152.70044
912.53558	130.67603
912.58643	133.5518
912.63727	136.76402
912.68811	127.2185
912.73889	132.68115
912.78973	133.81648
912.84058	128.34547
912.89142	131.62273
912.94226	141.36824
912.9931	137.59459
913.04395	130.54893
913.09473	131.91098
913.14557	137.97092
913.19641	149.56694
913.24725	142.66528
913.2981	137.03006
913.34894	133.81175
913.39978	135.18967
913.45056	131.11658
913.5014	125.19274
913.55225	130.98553
913.60309	132.36368
913.65393	121.04331
913.70477	120.86482
913.75562	135.33109
913.8064	142.17967
913.85724	143.27403
913.90808	130.86421
913.95892	131.64848
914.00977	138.64772
914.06061	138.23836
914.11145	134.04868
914.16223	128.8884
914.21307	126.50493
914.26392	134.62552
914.31476	131.22853
914.3656	132.01797
914.41644	134.52809
914.46729	141.1815
914.51807	149.17303
914.56891	135.98535
914.61975	123.86277
914.67059	134.84361
914.72144	138.87724
914.77228	129.79088
914.82312	137.44867
914.87396	128.51314
914.92474	133.99402
914.97559	130.96069
915.02643	132.93253
915.07727	147.39958
915.12811	138.08998
915.17896	146.8595
915.2298	137.26953
915.28058	128.05495
915.33142	148.12473
915.38226	122.01328
915.43311	140.31219
915.48395	132.12323
915.53479	132.58319
915.58563	140.93748
915.63641	127.25301
915.68726	144.56656
915.7381	132.7366
915.78894	128.50229
915.83978	122.23305
915.89063	124.73412
915.94147	140.75784
915.99225	141.59834
916.04309	144.14301
916.09393	135.77315
916.14478	125.54974
916.19562	128.79135
916.24646	135.86919
916.2973	135.59811
916.34808	128.94987
916.39893	142.83145
916.44977	148.1003
916.50061	131.93275
916.55145	129.26303
916.60229	128.73419
916.65314	133.2495
916.70392	132.33257
916.75476	129.2729
916.8056	135.50049
916.85645	132.68489
916.90729	123.59064
916.95813	132.89925
917.00897	130.37059
917.05975	132.35173
917.1106	141.57385
917.16144	136.35292
917.21228	142.43694
917.26312	143.70908
917.31396	133.46173
917.36481	133.28102
917.41559	134.48041
917.46643	124.99651
917.51727	126.98142
917.56812	137.07991
917.61896	143.61894
917.6698	132.34048
917.72064	141.29472
917.77142	139.94823
917.82227	130.01335
917.87311	126.20469
917.92395	126.50034
917.97479	125.94533
918.02563	130.38025
918.07648	136.66885
918.12726	134.05893
918.1781	124.97408
918.22894	128.7937
918.27979	143.00502
918.33063	131.83217
918.38147	131.89813
918.43231	137.92451
918.48309	140.43446
918.53394	136.19843
918.58478	128.86462
918.63562	133.82942
918.68646	133.57083
918.7373	135.37689
918.78815	140.88988
918.83899	135.41414
918.88977	132.6819
918.94061	134.25401
918.99146	138.90556
919.0423	146.54637
919.09314	139.2973
919.14398	131.36243
919.19482	130.83286
919.24561	135.80865
919.29645	138.93611
919.34729	138.40401
919.39813	138.32268
919.44897	124.28156
919.49982	130.94702
919.55066	139.45554
919.60144	139.26042
919.65228	136.67491
919.70313	134.50797
919.75397	132.22624
919.80481	130.7467
919.85565	143.89742
919.90649	132.34698
919.95728	132.03683
920.00812	137.42856
920.05896	127.28815
920.1098	132.37994
920.16064	139.33005
920.21149	142.15019
920.26233	141.63823
920.31311	136.02412
920.36395	136.86438
920.41479	137.57501
920.46564	144.71846
920.51648	137.82893
920.56732	129.70735
920.61816	142.86543
920.66895	136.58464
920.71979	130.24959
920.77063	135.92995
920.82147	125.74766
920.87231	141.81641
920.92316	143.6817
920.974	146.88097
921.02478	134.63841
921.07562	144.16582
921.12646	130.82489
921.17731	145.60269
921.22815	132.13921
921.27899	126.11875
921.32983	142.05095
921.38062	138.2021
921.43146	135.53548
921.4823	136.70966
921.53314	143.72884
921.58398	143.94556
921.63483	136.97377
921.68567	145.26572
921.73645	144.16931
921.78729	128.67751
921.83813	126.96435
921.88898	126.14928
921.93982	144.56076
921.99066	138.38623
922.0415	138.45279
922.09229	139.4678
922.14313	129.48795
922.19397	139.67056
922.24481	131.74989
922.29565	129.44876
922.3465	129.16396
922.39734	128.1875
922.44812	125.53129
922.49896	134.60776
922.5498	137.62453
922.60065	137.31596
922.65149	142.79721
922.70233	142.4474
922.75317	124.97184
922.80396	134.75755
922.8548	141.24104
922.90564	135.01619
922.95648	133.17978
923.00732	138.20197
923.05817	136.79114
923.10901	139.34781
923.15985	136.49887
923.21063	130.18993
923.26147	131.18898
923.31232	133.71664
923.36316	135.66794
923.414	134.19063
923.46484	137.36948
923.51569	129.39668
923.56647	139.25539
923.61731	145.04758
923.66815	142.51862
923.71899	145.82979
923.76984	143.86304
923.82068	134.30147
923.87152	130.0459
923.9223	133.96989
923.97314	138.85477
924.02399	137.04901
924.07483	136.04086
924.12567	140.01869
924.17651	144.21202
924.22736	130.90309
924.27814	134.71251
924.32898	128.39969
924.37982	128.34267
924.43066	136.56512
924.48151	147.79216
924.53235	137.97711
924.58319	143.06787
924.63397	133.40385
924.68481	138.08774
924.73566	133.5596
924.7865	140.17665
924.83734	139.72774
924.88818	141.15147
924.93903	133.80391
924.98981	141.81187
925.04065	136.9892
925.09149	121.06997
925.14233	134.31471
925.19318	133.62329
925.24402	136.1684
925.29486	134.73906
925.34564	130.81339
925.39648	138.2337
925.44733	142.94873
925.49817	137.54955
925.54901	133.274
925.59985	126.2663
925.6507	131.69269
925.70148	142.70673
925.75232	133.24181
925.80316	133.43715
925.854	138.10316
925.90485	131.92657
925.95569	130.88251
926.00653	123.37075
926.05731	130.29984
926.10815	127.91373
926.159	125.42821
926.20984	128.6884
926.26068	132.20508
926.31152	128.00142
926.36237	128.94574
926.41315	135.33649
926.46399	140.45047
926.51483	139.12975
926.56567	146.58313
926.61652	156.08231
926.66736	129.59445
926.7182	130.63901
926.76898	133.21165
926.81982	141.26039
926.87067	140.7504
926.92151	137.13023
926.97235	125.92046
927.02319	140.75737
927.07404	135.97072
927.12488	120.09389
927.17566	122.63107
927.2265	136.4175
927.27734	136.19653
927.32819	144.22893
927.37903	128.31717
927.42987	142.40364
927.48071	145.97083
927.53149	137.90356
927.58234	124.93599
927.63318	131.45566
927.68402	133.16992
927.73486	127.07876
927.78571	127.77807
927.83655	135.48674
927.88733	132.04425
927.93817	127.26803
927.98901	127.797
928.03986	130.44431
928.0907	140.72548
928.14154	130.75195
928.19238	131.77342
928.24316	132.25162
928.29401	132.35477
928.34485	139.45
928.39569	128.74251
928.44653	139.06432
928.49738	143.74382
928.54822	138.04329
928.599	132.48251
928.64984	130.11334
928.70068	138.54192
928.75153	141.38753
928.80237	131.00505
928.85321	131.03026
928.90405	135.74556
928.95483	129.97272
929.00568	137.1857
929.05652	143.13866
929.10736	133.95621
929.1582	133.98724
929.20905	142.63478
929.25989	136.63985
929.31067	142.64615
929.36151	130.73174
929.41235	122.63156
929.4632	124.38239
929.51404	132.95322
929.56488	137.6929
929.61572	129.01099
929.6665	128.54701
929.71735	128.31549
929.76819	133.91476
929.81903	141.51073
929.86987	137.37248
929.92072	131.83261
929.97156	131.71938
930.02234	140.86084
930.07318	133.9864
930.12402	135.97455
930.17487	143.17125
930.22571	131.6611
930.27655	130.60938
930.32739	132.17923
930.37817	129.15802
930.42902	138.62178
930.47986	134.90897
930.5307	132.01181
930.58154	131.10516
930.63239	125.45189
930.68323	123.32505
930.73401	143.13168
930.78485	143.13498
930.83569	139.86668
930.88654	133.83109
930.93738	143.54851
930.98822	140.31516
931.03906	134.21907
931.08984	137.30653
931.14069	134.96573
931.19153	132.46954
931.24237	138.06345
931.29321	134.36263
931.34406	132.41475
931.3949	137.25446
931.44574	135.63004
931.49652	134.41541
931.54736	130.05547
931.59821	127.47717
931.64905	129.21237
931.69989	134.02766
931.75073	136.01077
931.80157	148.14148
931.85236	130.56306
931.9032	141.30273
931.95404	141.83356
932.00488	152.54993
932.05573	131.01738
932.10657	147.39935
932.15741	138.02307
932.20819	144.94008
932.25903	123.43417
932.30988	132.88063
932.36072	140.5652
932.41156	143.61009
932.4624	121.54957
932.51324	138.22079
932.56403	136.12292
932.61487	138.9929
932.66571	135.65933
932.71655	135.32751
932.7674	132.90045
932.81824	132.55858
932.86908	136.82198
932.91986	138.66879
932.9707	129.13992
933.02155	130.51469
933.07239	136.20389
933.12323	139.11894
933.17407	131.48007
933.22491	125.37903
933.2757	124.66802
933.32654	137.84131
933.37738	139.18756
933.42822	138.64487
933.47906	135.92844
933.52991	142.71353
933.58075	137.68535
933.63153	140.24623
933.68237	148.60747
933.73322	139.67455
933.78406	132.82693
933.8349	134.29608
933.88574	138.13376
933.93658	129.77042
933.98737	134.92297
934.03821	142.15506
934.08905	135.67744
934.13989	139.40002
934.19073	139.17169
934.24158	134.25427
934.29242	136.69594
934.3432	125.04905
934.39404	133.3139
934.44489	142.77457
934.49573	132.43271
934.54657	139.59821
934.59741	143.70142
934.64825	140.35284
934.69904	139.88026
934.74988	137.89079
934.80072	130.80269
934.85156	129.83011
934.9024	133.79408
934.95325	141.71411
935.00409	140.16893
935.05487	138.79274
935.10571	136.42584
935.15656	137.81343
935.2074	131.33315
935.25824	126.50053
935.30908	132.9901
935.35992	127.18539
935.41071	132.52826
935.46155	143.11998
935.51239	146.21841
935.56323	133.61488
935.61407	126.57084
935.66492	131.29976
935.71576	144.79126
935.7666	143.55635
935.81738	127.6318
935.86823	121.43177
935.91907	129.76733
935.96991	142.69127
936.02075	138.75912
936.07159	151.08575
936.12244	141.11583
936.17322	133.56969
936.22406	124.02573
936.2749	141.31812
936.32574	127.93848
936.37659	109.63094
936.42743	139.89804
936.47827	147.53444
936.52905	135.43607
936.5799	142.85683
936.63074	125.25764
936.68158	142.57739
936.73242	122.29556
936.78326	130.36427
936.83411	123.38527
936.88489	131.85971
936.93573	131.72786
936.98657	128.09451
937.03741	137.89151
937.08826	143.93608
937.1391	130.82892
937.18994	134.19794
937.24072	135.00911
937.29156	144.63661
937.34241	137.46172
937.39325	132.73708
937.44409	133.27863
937.49493	132.33887
937.54578	136.00836
937.59656	146.59103
937.6474	146.27705
937.69824	139.95396
937.74908	141.51068
937.79993	134.21408
937.85077	137.61128
937.90161	152.41733
937.95239	149.09854
938.00323	131.33356
938.05408	130.32614
938.10492	147.0665
938.15576	144.0043
938.2066	137.37366
938.25745	138.30801
938.30823	135.89162
938.35907	128.75565
938.40991	130.00946
938.46075	135.7561
938.5116	136.53229
938.56244	130.23099
938.61328	141.98407
938.66406	134.80281
938.7149	125.76032
938.76575	129.74255
938.81659	136.87811
938.86743	138.31024
938.91827	136.8024
938.96912	131.23592
939.0199	141.75314
939.07074	141.04001
939.12158	139.9566
939.17242	130.81949
939.22327	127.81258
939.27411	133.89006
939.32495	134.77498
939.37573	127.13462
939.42657	133.6095
939.47742	126.86493
939.52826	134.13144
939.5791	127.07127
939.62994	132.70663
939.68079	131.76894
939.73163	122.92662
939.78241	129.65042
939.83325	130.53426
939.88409	138.51492
939.93494	134.89244
939.98578	137.18193
940.03662	154.86478
940.08746	127.58643
940.13824	132.29112
940.18909	130.71671
940.23993	136.51787
940.29077	136.02612
940.34161	141.55144
940.39246	137.3806
940.4433	145.75641
940.49408	139.79634
940.54492	125.41633
940.59576	147.21602
940.64661	140.34018
940.69745	130.24301
940.74829	133.48134
940.79913	115.57789
940.84991	139.5193
940.90076	149.91125
940.9516	147.40141
941.00244	137.31168
941.05328	144.34418
941.10413	134.51585
941.15497	129.57323
941.20575	137.79207
941.25659	134.09048
941.30743	143.49498
941.35828	135.09923
941.40912	141.74402
941.45996	124.45429
941.5108	128.70967
941.56158	141.22186
941.61243	154.34952
941.66327	156.57617
941.71411	136.12895
941.76495	143.38226
941.8158	158.24597
941.86664	139.3806
941.91742	133.90958
941.96826	136.4577
942.0191	144.07962
942.06995	149.77725
942.12079	132.59276
942.17163	149.27386
942.22247	145.24196
942.27325	117
942.3241	126.94269
942.37494	140.43529
942.42578	145.50648
942.47662	141.82111
942.52747	133.35722
942.57831	142.38478
942.62909	145.88605
942.67993	131.89027
942.73077	128.49843
942.78162	132.79193
942.83246	131.55678
942.8833	148.73705
942.93414	146.58507
942.98492	137.04324
943.03577	147.3231
943.08661	138.03334
943.13745	134.46848
943.18829	138.83025
943.23914	129.173
943.28998	144.87302
943.34076	146.75446
943.3916	130.49738
943.44244	132.22028
943.49329	133.20822
943.54413	130.58492
943.59497	134.91418
943.64581	144.33269
943.69659	137.52493
943.74744	147.2027
943.79828	132.37656
943.84912	127.33298
943.89996	128.80649
943.95081	138.1748
944.00165	157.63437
944.05249	133.45917
944.10327	165.60683
944.15411	150.43463
944.20496	152.96602
944.2558	137.03783
944.30664	149.82852
944.35748	139.74892
944.40833	132.1825
944.45911	136.35918
944.50995	141.6295
944.56079	139.73851
944.61163	163.99948
944.66248	128.88318
944.71332	130.09686
944.76416	146.76054
944.81494	158.2141
944.86578	134.56392
944.91663	139.1799
944.96747	129.22469
945.01831	139.51538
945.06915	143.61568
945.12	143.90517
945.17078	152.2292
945.22162	133.5493
945.27246	130.66663
945.3233	119.39374
945.37415	128.48593
945.42499	148.67023
945.47583	146.7765
945.52661	152
945.57745	148.24002
945.6283	144.34598
945.67914	143.13719
945.72998	136.83894
945.78082	144.94783
945.83167	146.81334
945.88245	136.14638
945.93329	137.34758
945.98413	142.9724
946.03497	142.97066
946.08582	139.43336
946.13666	140.68517
946.1875	171.11476
946.23828	161.16052
946.28912	139.48578
946.33997	142
946.39081	147.49593
946.44165	143.4921
946.49249	147.32458
946.54333	129.7439
946.59412	124.69646
946.64496	138.94858
946.6958	137.00624
946.74664	138.99786
946.79749	137.35446
946.84833	126.32043
946.89917	143.49654
946.94995	145.35413
947.00079	135.32292
947.05164	141.84447
947.10248	136.63332
947.15332	134.16623
947.20416	122.11052
947.255	140.72809
947.30579	129.93633
947.35663	132.47227
947.40747	133
947.45831	135.77255
947.50916	136
947.56	132.18411
947.61084	126.18365
947.66162	153.57625
947.71246	136.01579
947.76331	142.11678
947.81415	149.6692
947.86499	139.6832
947.91583	152.96388
947.96667	136.77417
948.01752	133.8185
948.0683	134.12456
948.11914	150.90468
948.16998	142.72598
948.22083	138.42563
948.27167	126.83745
948.32251	137.35233
948.37335	127.7272
948.42413	154.14667
948.47498	145.7374
948.52582	130.19856
948.57666	131.80482
948.6275	129.66077
948.67834	152.82518
948.72919	131.06184
948.77997	136.71336
948.83081	137.70848
948.88165	142.88434
948.9325	142.31276
948.98334	141.86304
949.03418	145.16815
949.08502	152.5647
949.1358	138.43988
949.18665	144.78185
949.23749	145.61719
949.28833	145.90564
949.33917	144.55681
949.39001	147.08833
949.44086	150.38582
949.49164	148.53897
949.54248	150.11002
949.59332	137.30847
949.64417	132.27361
949.69501	138.40572
949.74585	144.31834
949.79669	143.83423
949.84747	149.78891
949.89832	148.01904
949.94916	138.87978
950	151.3197
