725	1761.5823
725.05078	1818.6184
725.10156	2131.4556
725.15234	1784.5625
725.20319	1822.692
725.25397	1795.6206
725.30475	1921.9475
725.35553	1791.2511
725.40631	1744.958
725.45709	1742.4069
725.50793	1638.0205
725.55872	1703.2833
725.6095	1854.6561
725.66028	2147.0059
725.71106	1707.1814
725.76184	1661.0431
725.81268	1905.9568
725.86346	1684.3284
725.91425	1756.751
725.96503	1784.9196
726.01581	1813.7512
726.06659	1732.0215
726.11743	1679.1847
726.16821	1643.3602
726.21899	1678.5859
726.26978	1728.1846
726.32056	1893.8939
726.37134	3028.1218
726.42218	2084.4587
726.47296	1696.4728
726.52374	1681.5061
726.57452	1694.3695
726.62531	2036.2732
726.67609	1783.5117
726.72693	1616.3097
726.77771	1588.9041
726.82849	1624.6599
726.87927	1675.6749
726.93005	1650.2708
726.98083	1615.4581
727.03168	1607.4191
727.08246	1622.7467
727.13324	1625.51
727.18402	1600.6302
727.2348	1646.1898
727.28558	1632.9218
727.33643	1598.4902
727.38721	1617.2148
727.43799	1546.9846
727.48877	1582.3103
727.53955	1552.7174
727.59033	1551.1018
727.64117	1581.0542
727.69196	1589.2843
727.74274	1664.0516
727.79352	1610.6558
727.8443	1601.8132
727.89508	1716.6833
727.94592	2012.0857
727.9967	1694.8303
728.04749	2089.4785
728.09827	1565.2405
728.14905	1541.353
728.19983	1484.1764
728.25067	1458.2833
728.30145	1469.8685
728.35223	1957.692
728.40302	1546.7344
728.4538	1587.4619
728.50458	1572.1068
728.55542	1518.4088
728.6062	2111.2991
728.65698	1527.3621
728.70776	1440.3087
728.75854	1569.0465
728.80933	1683.156
728.86017	1426.13
728.91095	1465.8359
728.96173	1370.2262
729.01251	1479.2623
729.06329	1476.715
729.11407	1437.6052
729.16492	1611.0718
729.2157	1437.3015
729.26648	1430.2528
729.31726	1487.7056
729.36804	1556.6064
729.41882	1551.4984
729.46967	1886.1156
729.52045	1628.4474
729.57123	1459.9807
729.62201	1500.5759
729.67279	1493.6995
729.72357	1476.9005
729.77441	1951.7993
729.8252	1698.7666
729.87598	1452.2197
729.92676	1610.0742
729.97754	1610.0842
730.02832	1456.0471
730.07916	1445.8071
730.12994	1464.7059
730.18073	1535.184
730.23151	1508.9011
730.28229	1504.931
730.33307	1461.9355
730.38391	1466.6079
730.43469	1487.9703
730.48547	1497.8444
730.53625	1494.7913
730.58704	1480.3639
730.63782	1436.4467
730.68866	1415.8666
730.73944	1541.7821
730.79022	1492.4329
730.841	1382.0834
730.89178	1785.274
730.94257	2014.5798
730.99341	1543.6084
731.04419	1562.8483
731.09497	1681.1427
731.14575	1515.8677
731.19653	1415.795
731.24731	1381.2842
731.29816	1415.7449
731.34894	1577.5228
731.39972	1920.4082
731.4505	1540.6686
731.50128	1653.9512
731.55206	1475.9916
731.60291	1482.2769
731.65369	1255.9153
731.70447	1391.0499
731.75525	1522.0811
731.80603	2080.291
731.85681	1597.5563
731.90765	1394.4323
731.95844	1596.1758
732.00922	1465.5387
732.06	1512.9028
732.11078	1344.3169
732.16156	1448.5427
732.2124	1374.161
732.26318	1594.6849
732.31396	1414.2518
732.36475	1503.557
732.41553	1551.5547
732.46631	1402.0096
732.51715	1298.9791
732.56793	1495.1138
732.61871	1313.8193
732.66949	1386.6592
732.72028	1445.6979
732.77106	1419.762
732.8219	1394.4309
732.87268	1423.8688
732.92346	1350.4606
732.97424	1421.9424
733.02502	1339.5964
733.07581	1266.8535
733.12665	1451.7434
733.17743	1574.4684
733.22821	1446.1605
733.27899	1454.8553
733.32977	1464.8333
733.38055	1478.9387
733.4314	1374.1685
733.48218	1380.2996
733.53296	1845.4866
733.58374	1708.8154
733.63452	1765.6975
733.6853	1621.5309
733.73615	1378.9932
733.78693	1534.8053
733.83771	1440.7916
733.88849	1337.87
733.93927	1609.8276
733.99005	1582.7617
734.04089	1428.5763
734.09167	1422.5895
734.14246	1446.6528
734.19324	1451.3025
734.24402	1563.3462
734.2948	1633.0325
734.34564	1444.8503
734.39642	1398.2704
734.4472	1392.6342
734.49799	1425.8926
734.54877	1460.1573
734.59955	1363.9863
734.65039	1320.4271
734.70117	1369.1937
734.75195	1330.5371
734.80273	1231.9901
734.85352	1199.4922
734.9043	1356.8577
734.95514	1347.1001
735.00592	1334.5334
735.0567	1394.771
735.10748	1588.401
735.15826	1384.4479
735.20905	1440.181
735.25989	1678.3434
735.31067	1454.9358
735.36145	1326.7289
735.41223	1354.4385
735.46301	1385.0714
735.51379	1290.5173
735.56464	1444.8423
735.61542	1474.9924
735.6662	1386.8646
735.71698	1474.4507
735.76776	1443.7076
735.81854	1526.5685
735.86938	1489.1138
735.92017	1379.8844
735.97095	1449.9369
736.02173	1336.7114
736.07251	1766.5751
736.12329	1499.9509
736.17413	1410.5325
736.22491	1356.6265
736.2757	1391.5767
736.32648	1367.87
736.37726	1261.6282
736.42804	1322.7563
736.47888	1210.3201
736.52966	1407.9279
736.58044	1298.5802
736.63123	1338.3547
736.68201	1762.9901
736.73279	1604.7019
736.78363	1436.5004
736.83441	1302.4977
736.88519	1370.132
736.93597	1473.3903
736.98676	1417.6379
737.03754	1340.7025
737.08838	1354.3477
737.13916	1352.8173
737.18994	1401.5172
737.24072	1390.1544
737.2915	1342.3617
737.34229	1524.4795
737.39313	1439.3456
737.44391	1315.1166
737.49469	1285.7168
737.54547	1335.7744
737.59625	1455.9684
737.64703	1435.2156
737.69788	1390.7152
737.74866	1413.0946
737.79944	1438.5649
737.85022	1539.2721
737.901	1655.9294
737.95178	1545.5233
738.00262	1352.1708
738.05341	1372.5034
738.10419	1454.4655
738.15497	1407.7599
738.20575	1390.6428
738.25653	1419.2147
738.30737	1401.2102
738.35815	1453.6685
738.40894	1368.4756
738.45972	1329.592
738.5105	1394.4399
738.56128	1519.5891
738.61212	1524.2538
738.6629	1960.3669
738.71368	1459.8151
738.76447	1411.2694
738.81525	1414.5715
738.86603	1401.0104
738.91687	1403.4463
738.96765	1619.5021
739.01843	1573.6392
739.06921	1508.8234
739.12	1469.6716
739.17078	1384.0328
739.22162	1344.1658
739.2724	1319.0991
739.32318	1473.9242
739.37396	1317.6017
739.42474	1343.4758
739.47552	1465.4736
739.52637	1500.1606
739.57715	1591.4543
739.62793	1324.2755
739.67871	1728.8462
739.72949	1281.4813
739.78027	1186.832
739.83112	1417.7505
739.8819	1298.702
739.93268	1339.8562
739.98346	1311.2106
740.03424	1434.1705
740.08502	1271.6035
740.13586	1319.0646
740.18665	1421.3485
740.23743	1331.4646
740.28821	1774.7253
740.33899	1394.6471
740.38977	1226.1036
740.44061	1372.3875
740.49139	1457.0219
740.54218	1356.2686
740.59296	1319.061
740.64374	1378.8522
740.69452	1416.9364
740.74536	1426.0825
740.79614	1282.1399
740.84692	1429.8644
740.89771	1416.7909
740.94849	1353.4088
740.99927	1350.6135
741.05011	1272.2587
741.10089	1518.589
741.15167	1471.7021
741.20245	1374.136
741.25323	1409.6527
741.30402	1536.3817
741.35486	1880.4623
741.40564	1567.8931
741.45642	1338.5262
741.5072	1401.8334
741.55798	1659.4141
741.60876	1696.4591
741.65961	1500.7753
741.71039	1409.1342
741.76117	1307.4858
741.81195	1505.8771
741.86273	1560.486
741.91351	1306.545
741.96436	1291.8822
742.01514	1381.9406
742.06592	1403.1659
742.1167	1317.2023
742.16748	1315.6908
742.21826	1391.2361
742.2691	1355.116
742.31989	1276.0742
742.37067	1283.058
742.42145	1353.3698
742.47223	1394.6498
742.52301	1505.9116
742.57385	1754.6566
742.62463	1377.8761
742.67542	1314.1018
742.7262	1323.4066
742.77698	1367.351
742.82776	1387.9785
742.8786	1428.3796
742.92938	1334.2682
742.98016	1303.1176
743.03094	1325.7976
743.08173	1546.3337
743.13251	1419.5082
743.18335	1336.6274
743.23413	1525.1863
743.28491	1454.1042
743.33569	1346.8778
743.38647	1704.1255
743.43726	1319.9329
743.4881	1489.7716
743.53888	1344.7502
743.58966	1347.3334
743.64044	1293.8806
743.69122	1281.609
743.742	1338.3827
743.79285	1635.1469
743.84363	1373.5288
743.89441	1260.3905
743.94519	1409.6193
743.99597	1478.9771
744.04675	1357.3425
744.0976	1364.5771
744.14838	1448.5688
744.19916	1549.5865
744.24994	1343.0609
744.30072	1450.2917
744.3515	1605.4175
744.40234	1376.2266
744.45313	1317.8984
744.50391	1359.0455
744.55469	1454.1025
744.60547	1585.42
744.65625	1306.7524
744.70709	1326.3402
744.75787	1337.5369
744.80865	1368.635
744.85944	1306.4344
744.91022	1775.7703
744.961	1486.6653
745.01184	1340.2603
745.06262	1395.2704
745.1134	1498.0026
745.16418	1314.1539
745.21497	1345.9128
745.26575	1305.6166
745.31659	1323.3805
745.36737	1298.2823
745.41815	1278.554
745.46893	1425.4978
745.51971	1464.5313
745.5705	1393.8153
745.62134	1425.2849
745.67212	1369.0729
745.7229	1368.8533
745.77368	1386.4293
745.82446	1490.8698
745.87524	1429.249
745.92609	1275.7073
745.97687	1230.1874
746.02765	1271.0286
746.07843	1310.799
746.12921	1482.937
746.17999	1572.9519
746.23083	1383.6814
746.28162	1261.835
746.3324	1326.2821
746.38318	1398.0609
746.43396	1356.2305
746.48474	1366.2311
746.53558	1286.918
746.58636	1281.1918
746.63715	1428.1532
746.68793	1544.8876
746.73871	1399.8689
746.78949	1298.2379
746.84033	1238.6698
746.89111	1285.2416
746.94189	1380.7104
746.99268	1400
747.04346	1342.8859
747.09424	1254.0519
747.14508	1421.6324
747.19586	1603.3112
747.24664	1713.9072
747.29742	1221.7753
747.34821	1308.4109
747.39899	1331.5197
747.44983	1372.0867
747.50061	1404.528
747.55139	1332.8245
747.60217	1333.1519
747.65295	1374.4529
747.70374	1549.1202
747.75458	1408.6042
747.80536	1354.3136
747.85614	1354.3279
747.90692	1292.6079
747.9577	1448.7212
748.00848	1377.5588
748.05933	1324.0958
748.11011	1342.8936
748.16089	1392.1108
748.21167	1327.6482
748.26245	1379.6915
748.31323	1413.9919
748.36407	1296.2742
748.41486	1291.0651
748.46564	1385.5846
748.51642	1631.9758
748.5672	1367.3185
748.61798	1429.4285
748.66882	1310.9603
748.7196	1368.2606
748.77039	1273.0505
748.82117	1443.6422
748.87195	1747.2656
748.92273	1444.3844
748.97351	1312.949
749.02435	1383.7656
749.07513	1323.7419
749.12592	1422.469
749.1767	1477.0721
749.22748	1317.6162
749.27826	1374.306
749.3291	1674.5537
749.37988	1479.1014
749.43066	1316.1393
749.48145	1523.4458
749.53223	1514.4126
749.58301	1387.4729
749.63385	1336.7847
749.68463	1404.5216
749.73541	1464.2318
749.78619	1398.7671
749.83698	1406.9402
749.88776	1365.9525
749.9386	1319.4972
749.98938	1489.5787
750.04016	1456.8412
750.09094	1409.7927
750.14172	1378.0052
750.1925	1381.8113
750.24335	1482.9817
750.29413	1422.1163
750.34491	1401.9928
750.39569	1417.0726
750.44647	1326.9746
750.49725	1325.6896
750.5481	1327.8861
750.59888	1468.2649
750.64966	1588.0022
750.70044	1410.1067
750.75122	1288.2114
750.802	1349.5957
750.85284	1412.6235
750.90363	1376.9767
750.95441	1377.1569
751.00519	1438.2924
751.05597	1452.7769
751.10675	1446.0203
751.15759	1443.333
751.20837	1536.2072
751.25916	1481.7739
751.30994	1422.1521
751.36072	1385.4369
751.4115	1304.329
751.46234	1391.5706
751.51312	1367.6719
751.5639	1394.3027
751.61469	1415.431
751.66547	1478.4689
751.71625	1691.4772
751.76709	1483.4642
751.81787	1372.4767
751.86865	1329.1688
751.91943	1324.7535
751.97021	1318.3126
752.021	1300.465
752.07184	1323.1588
752.12262	1298.9397
752.1734	1358.765
752.22418	1505.5905
752.27496	1639.5365
752.32574	1941.8184
752.37659	1512.9685
752.42737	1425.092
752.47815	1427.2795
752.52893	1368.4207
752.57971	1381.0824
752.63049	1431.869
752.68134	1652.337
752.73212	1556.224
752.7829	1291.3118
752.83368	1291.4489
752.88446	1247.4945
752.93524	1321.2404
752.98608	1324.731
753.03687	1296.025
753.08765	1399.4379
753.13843	1261.5359
753.18921	1332.8394
753.23999	1333.9883
753.29083	1328.1344
753.34161	1609.6918
753.3924	1419.8788
753.44318	1363.6149
753.49396	1447.3092
753.54474	1376.0193
753.59558	1436.084
753.64636	1486.5055
753.69714	1351.6995
753.74792	1312.0212
753.79871	1352.9202
753.84949	1257.3453
753.90033	1376.9076
753.95111	1329.4055
754.00189	1300.2206
754.05267	1371.6472
754.10345	1433.7317
754.15424	1325.8378
754.20508	1288.4055
754.25586	1675.4622
754.30664	1626.0369
754.35742	1393.3673
754.4082	1449.673
754.45898	1405.4098
754.50983	1395.3019
754.56061	1291.2848
754.61139	1375.8844
754.66217	1416.8768
754.71295	1393.6201
754.76373	1514.6276
754.81458	1466.0365
754.86536	1343.5258
754.91614	1394.9481
754.96692	1306.2855
755.0177	1348.7361
755.06848	1383.7102
755.11932	1411.7561
755.1701	1513.7098
755.22089	1451.3199
755.27167	1425.9235
755.32245	1538.5718
755.37323	1442.4415
755.42407	1323.755
755.47485	1459.6583
755.52563	1459.6326
755.57642	1413.28
755.6272	1422.3134
755.67798	1367.3384
755.72882	1382.9479
755.7796	1408.442
755.83038	1358.5444
755.88116	1330.6919
755.93195	1340.9467
755.98273	1394.8687
756.03357	1410.58
756.08435	1377.3682
756.13513	1341.1769
756.18591	1424.2841
756.23669	1557.3981
756.28748	1423.1798
756.33832	1424.3313
756.3891	1539.2845
756.43988	1571.0916
756.49066	1358.1287
756.54144	1421.2859
756.59222	1627.3342
756.64307	1519.9432
756.69385	1450.3451
756.74463	1439.325
756.79541	1295.1194
756.84619	1334.6216
756.89697	1480.4977
756.94781	1430.8287
756.9986	1485.5229
757.04938	1355.7136
757.10016	1529.0613
757.15094	1648.9636
757.20172	1468.0736
757.25256	1350.9266
757.30334	1329.1198
757.35413	1356.7684
757.40491	1310.9313
757.45569	1403.3853
757.50647	1393.6018
757.55731	1476.5569
757.60809	1443.6316
757.65887	1763.2676
757.70966	1407.7186
757.76044	1520.1019
757.81122	1632.142
757.86206	1408.4189
757.91284	1372.3834
757.96362	1332.9424
758.0144	1330.4281
758.06519	1338.624
758.11597	1249.526
758.16681	1293.9075
758.21759	1361.3301
758.26837	1432.7137
758.31915	1397.0875
758.36993	1701.3419
758.42072	1462.495
758.47156	1395.0825
758.52234	1421.5176
758.57312	1918.6282
758.6239	1524.3212
758.67468	1295.7207
758.72546	1377.3103
758.77631	1373.2242
758.82709	1288.9303
758.87787	1327.817
758.92865	1491.0217
758.97943	1421.1548
759.03021	1344.36
759.08105	1406.6422
759.13184	1558.6403
759.18262	1438.6949
759.2334	1390.6854
759.28418	1571.9609
759.33496	1518.5443
759.3858	1732.6851
759.43658	1515.6799
759.48737	2150.5723
759.53815	2058.4727
759.58893	1753.3829
759.63971	1469.0691
759.69055	1362.6589
759.74133	1367.0656
759.79211	1441.467
759.8429	1468.083
759.89368	1526.7695
759.94446	1428.4189
759.9953	1615.8829
760.04608	1511.132
760.09686	1431.3188
760.14764	1558.6315
760.19843	1826.229
760.24921	1473.6476
760.30005	1452.5985
760.35083	1432.2405
760.40161	1376.0872
760.45239	1335.1868
760.50317	1453.8728
760.55396	1542.4767
760.6048	1416.9017
760.65558	1363.449
760.70636	1443.9218
760.75714	1457.5508
760.80792	1408.6409
760.8587	1343.7113
760.90955	1375.526
760.96033	1475.5825
761.01111	1497.5159
761.06189	1533.064
761.11267	1488.3481
761.16345	1370.7803
761.21429	1654.8075
761.26508	1668.9343
761.31586	1452.2167
761.36664	1407.933
761.41742	1569.8602
761.4682	1518.4829
761.51904	1349.6249
761.56982	1461.1417
761.62061	2070.2253
761.67139	2051.5386
761.72217	1508.8215
761.77295	1521.2906
761.82379	1448.7612
761.87457	1419.2418
761.92535	1471.3862
761.97614	1510.2231
762.02692	1434.5803
762.0777	1356.2136
762.12854	1359.6521
762.17932	1418.4971
762.2301	1495.722
762.28088	1376.4882
762.33167	1407.4683
762.38245	1504.4675
762.43329	1379.402
762.48407	1341.483
762.53485	1342.5355
762.58563	1396.5559
762.63641	1384.0527
762.68719	1337.0638
762.73804	1441.0635
762.78882	1493.2255
762.8396	1542.3888
762.89038	1564.7092
762.94116	1395.5155
762.99194	1455.9187
763.04279	1452.4677
763.09357	1395.7017
763.14435	1364.623
763.19513	1350.635
763.24591	1464.4583
763.29669	1585.0735
763.34753	1719.7576
763.39832	1352.5908
763.4491	1434.5984
763.49988	1454.8281
763.55066	1497.8394
763.60144	1722.2577
763.65228	1451.769
763.70306	1468.2262
763.75385	1645.1788
763.80463	1852.3468
763.85541	1334.7444
763.90619	1402.7599
763.95703	1418.996
764.00781	1384.2345
764.05859	1465.9893
764.10938	1566.4508
764.16016	2464.7292
764.21094	1521.8226
764.26178	1394.0626
764.31256	1510.6473
764.36334	1464.6088
764.41412	1459.8917
764.4649	1356.9187
764.51569	1467.5526
764.56653	1429.453
764.61731	1468.3269
764.66809	1490.231
764.71887	1452.308
764.76965	1439.5464
764.82043	1508.842
764.87128	1387.078
764.92206	1394.0873
764.97284	1336.5266
765.02362	1290.5308
765.0744	1439.1815
765.12518	1426.0078
765.17603	1401.0258
765.22681	1411.8914
765.27759	1459.7841
765.32837	1374.2848
765.37915	1333.6716
765.42993	1382.8535
765.48077	1512.8762
765.53156	1558.7638
765.58234	1728.4904
765.63312	1441.6151
765.6839	1391.2013
765.73468	1485.4337
765.78552	1395.6085
765.8363	1382.0435
765.88708	1612.1882
765.93787	1502.6852
765.98865	1442.4149
766.03943	1375.5405
766.09027	1510.7439
766.14105	1474.3303
766.19183	1561.8947
766.24261	1441.2197
766.2934	1377.7795
766.34418	1416.571
766.39502	1405.2408
766.4458	1399.4313
766.49658	1439.5519
766.54736	1377.4152
766.59814	1394.328
766.64893	1365.4749
766.69977	1336.0701
766.75055	1346.4236
766.80133	1344.0292
766.85211	1326.7972
766.90289	1336.1172
766.95367	1483.3984
767.00452	1559.7255
767.0553	1569.4794
767.10608	1494.0879
767.15686	1491.6726
767.20764	1555.7028
767.25842	1603.2581
767.30927	1452.571
767.36005	1418.5824
767.41083	1366.9004
767.46161	1339.2014
767.51239	1443.5292
767.56317	1384.5192
767.61401	1369.2527
767.66479	1392.0415
767.71558	1446.6334
767.76636	1481.8176
767.81714	1545.4078
767.86792	1401.6288
767.91876	1368.7972
767.96954	1417.8564
768.02032	1546.1946
768.07111	1443.3047
768.12189	1389.7059
768.17267	1406.4572
768.22351	1405.8075
768.27429	1454.4611
768.32507	1402.5735
768.37585	1338.6149
768.42664	1312.6527
768.47742	1453.2838
768.52826	1424.4972
768.57904	1436.63
768.62982	1661.6857
768.6806	1611.6333
768.73138	1486.6355
768.78217	1334.5206
768.83301	1382.1224
768.88379	1445.0629
768.93457	1379.1194
768.98535	1361.0785
769.03613	1350.0923
769.08691	1369.6625
769.13776	1400.4695
769.18854	1319.9126
769.23932	1329.1117
769.2901	1539.786
769.34088	1449.8192
769.39166	1427.366
769.4425	1328.464
769.49329	1334.5497
769.54407	1445.4824
769.59485	1399.3876
769.64563	1482.906
769.69641	1422.2722
769.74725	1393.7634
769.79803	1501.3663
769.84882	1562.132
769.8996	1469.6973
769.95038	1378.9807
770.00116	1339.2311
770.052	1425.8326
770.10278	1417.4004
770.15356	1413.1398
770.20435	1334.5154
770.25513	1442.254
770.30591	1426.1454
770.35675	1364.7781
770.40753	1322.3071
770.45831	1527.0863
770.50909	1351.0831
770.55988	1810.2081
770.61066	1731.2361
770.6615	1399.0283
770.71228	1447.3616
770.76306	1468.6821
770.81384	1389.729
770.86462	1476.0887
770.91541	1560.51
770.96625	1501.1147
771.01703	1463.1504
771.06781	1394.8193
771.11859	1358.5503
771.16937	1349.397
771.22015	1381.1821
771.271	1415.1976
771.32178	1485.4121
771.37256	1385.5977
771.42334	1417.7062
771.47412	1487.493
771.5249	1431.6058
771.57574	1544.7844
771.62653	1522.3721
771.67731	1380.5281
771.72809	1333.0204
771.77887	1355.4365
771.82965	1358.2367
771.88049	1403.3823
771.93127	1425.8468
771.98206	1410.2192
772.03284	1338.6825
772.08362	1381.1659
772.1344	1388.209
772.18524	1478.1101
772.23602	1540.8085
772.2868	1286.718
772.33759	1357.2404
772.38837	1459.184
772.43915	1456.8535
772.48999	1302.351
772.54077	1356.5538
772.59155	1366.6532
772.64233	1448.035
772.69312	1401.9462
772.7439	1344.455
772.79468	1490.2175
772.84552	1403.1027
772.8963	1325.0876
772.94708	1384.0353
772.99786	1404.2988
773.04865	1574.2814
773.09943	1431.546
773.15027	1397.7861
773.20105	1416.8516
773.25183	1617.9462
773.30261	1767.2706
773.35339	1326.0652
773.40417	1350.5317
773.45502	1421.853
773.5058	1710.6036
773.55658	1547.4956
773.60736	1418.7601
773.65814	1476.8687
773.70892	1315.6156
773.75977	1666.0054
773.81055	1354.309
773.86133	1333.322
773.91211	1396.6104
773.96289	1398.1266
774.01367	1335.4951
774.06451	1369.0139
774.1153	1319.7742
774.16608	1408.0208
774.21686	1376.476
774.26764	1328.3766
774.31842	1342.4656
774.36926	1430.933
774.42004	1350.3445
774.47083	1820.7944
774.52161	1392.3555
774.57239	1368.8812
774.62317	1453.6362
774.67401	1411.3737
774.72479	1359.111
774.77557	1463.8147
774.82635	1354.6724
774.87714	1378.3986
774.92792	1245.5021
774.97876	1490.4677
775.02954	1494.6788
775.08032	1357.2754
775.1311	1574.3553
775.18188	1572.8812
775.23267	1388.2014
775.28351	1607.26
775.33429	1426.1611
775.38507	1507.9404
775.43585	1405.4633
775.48663	1351.1313
775.53741	1340.411
775.58826	1341.7778
775.63904	1357.4911
775.68982	1618.9265
775.7406	1454.9229
775.79138	1363.4818
775.84216	1457.4382
775.89301	1435.6554
775.94379	1358.5782
775.99457	1323.3572
776.04535	1421.5039
776.09613	1497.9084
776.14691	1362.0865
776.19775	1417.7594
776.24854	1669.4987
776.29932	1473.38
776.3501	1301.3621
776.40088	1355.3751
776.45166	1442.4595
776.5025	1548.6477
776.55328	1378.8632
776.60406	1326.2279
776.65485	1385.8193
776.70563	1343.2369
776.75641	1297.4829
776.80725	1658.0006
776.85803	1626.6909
776.90881	1413.0475
776.95959	1466.1616
777.01038	1508.5166
777.06116	1383.7888
777.112	1285.6493
777.16278	1282.6759
777.21356	1358.7201
777.26434	1372.8588
777.31512	1291.5841
777.36591	1354.2577
777.41675	1494.4955
777.46753	1455.8727
777.51831	1425.5256
777.56909	1424.2156
777.61987	1381.0458
777.67065	1427.3521
777.7215	1467.41
777.77228	1500.5747
777.82306	1413.5083
777.87384	1360.843
777.92462	1335.7111
777.9754	1349.3848
778.02625	1452.6044
778.07703	1550.7528
778.12781	1375.8553
778.17859	1277.5135
778.22937	1382.0269
778.28015	1407.2273
778.33099	1359.1796
778.38177	1405.8146
778.43256	1335.8665
778.48334	1346.6321
778.53412	1466.9027
778.5849	1608.0973
778.63574	1342.1656
778.68652	1370.2645
778.7373	1294.0215
778.78809	1354.1901
778.83887	1368.2317
778.88965	1345.8639
778.94049	1370.6019
778.99127	1318.2086
779.04205	1433.8673
779.09283	1605.4016
779.14362	1702.7147
779.1944	1222.4198
779.24524	1387.1378
779.29602	1370.698
779.3468	1424.4436
779.39758	1354.0258
779.44836	1319.0941
779.49915	1355.2902
779.54999	1375.4847
779.60077	1602.6071
779.65155	1413.2065
779.70233	1408.2917
779.75311	1322.3698
779.80389	1355.8744
779.85474	1477.4131
779.90552	1416.9711
779.9563	1376.8187
780.00708	1274.3905
780.05786	1439.1285
780.10864	1400.9844
780.15948	1389.715
780.21027	1440.9186
780.26105	1231.5354
780.31183	1364.6104
780.36261	1446.3043
780.41339	1684.1902
780.46423	1311.8998
780.51501	1395.1588
780.5658	1462.6737
780.61658	1385.9404
780.66736	1241.9816
780.71814	1467.5042
780.76898	1827.2494
780.81976	1408.4722
780.87054	1257.0088
780.92133	1324.4481
780.97211	1304.6852
781.02289	1424.4216
781.07373	1488.2563
781.12451	1337.8914
781.17529	1361.0187
781.22607	1726.4674
781.27686	1454.8529
781.32764	1313.6387
781.37848	1549.4407
781.42926	1529.4458
781.48004	1282.8319
781.53082	1310.4911
781.5816	1423.4304
781.63239	1498.9879
781.68323	1414.4509
781.73401	1395.8237
781.78479	1318.4354
781.83557	1352.7318
781.88635	1486.7344
781.93713	1472.5535
781.98798	1394.9347
782.03876	1355.959
782.08954	1366.9862
782.14032	1433.1925
782.1911	1326.9781
782.24188	1402.5789
782.29272	1342.1389
782.34351	1388.2371
782.39429	1368.891
782.44507	1305.5311
782.49585	1487.3545
782.54663	1549.3167
782.59747	1441.88
782.64825	1342.8715
782.69904	1370.1168
782.74982	1410.2853
782.8006	1371.005
782.85138	1402.4612
782.90222	1402.4075
782.953	1420.4884
783.00378	1421.2931
783.05457	1464.7992
783.10535	1525.21
783.15613	1439.7185
783.20697	1434.1934
783.25775	1381.8711
783.30853	1395.269
783.35931	1452.6938
783.4101	1414.1835
783.46088	1413.3306
783.51172	1384.4301
783.5625	1562.7026
783.61328	1586.9442
783.66406	1428.0286
783.71484	1354.0031
783.76563	1335.8407
783.81647	1322.6073
783.86725	1307.2501
783.91803	1396.4043
783.96881	1394.3218
784.01959	1365.8906
784.07037	1449.8145
784.12122	1543.3566
784.172	1852.0583
784.22278	1806.5002
784.27356	1411.9089
784.32434	1374.6963
784.37512	1385.4745
784.42596	1370.5955
784.47675	1379.8705
784.52753	1476.7378
784.57831	1648.124
784.62909	1553.3219
784.67987	1351.7823
784.73071	1355.6782
784.78149	1342.8223
784.83228	1367.265
784.88306	1331.8945
784.93384	1364.7896
784.98462	1350.434
785.03546	1283.8206
785.08624	1310.8539
785.13702	1284.1135
785.18781	1463.4332
785.23859	1649.9929
785.28937	1459.7928
785.34021	1489.2882
785.39099	1475.3582
785.44177	1434.0161
785.49255	1435.1962
785.54333	1386.181
785.59412	1345.3016
785.64496	1360.3578
785.69574	1309.2642
785.74652	1258.1201
785.7973	1310.4283
785.84808	1357.1251
785.89886	1253.2908
785.94971	1357.9789
786.00049	1336.0264
786.05127	1277.8899
786.10205	1378.0981
786.15283	1755.3358
786.20361	1533.8147
786.25446	1355.9928
786.30524	1486.9896
786.35602	1393.9678
786.4068	1362.6738
786.45758	1344.3568
786.50836	1456.5326
786.5592	1404.1409
786.60999	1405.103
786.66077	1596.1232
786.71155	1376.6917
786.76233	1275.8199
786.81311	1329.7535
786.86395	1239.3503
786.91473	1353.7725
786.96552	1406.748
787.0163	1483.0629
787.06708	1574.6675
787.11786	1393.7357
787.1687	1574.3907
787.21948	2028.4218
787.27026	1429.5538
787.32104	1384.2118
787.37183	1587.0876
787.42261	1368.2919
787.47345	1445.6123
787.52423	1383
787.57501	1385.1388
787.62579	1423.7594
787.67657	1438.0051
787.72736	1414.7872
787.7782	1409.8535
787.82898	1436.7821
787.87976	1385.3383
787.93054	1348.5245
787.98132	1393.7682
788.0321	1351.0382
788.08295	1571.5287
788.13373	1427.8578
788.18451	1496.6575
788.23529	1369.2548
788.28607	1654.8612
788.33685	1358.2614
788.3877	1332.6224
788.43848	1693.9492
788.48926	1557.7224
788.54004	1420.1544
788.59082	1492.3644
788.6416	1316.0221
788.69244	1312.1589
788.74323	1552.5024
788.79401	1425.4053
788.84479	1505.0182
788.89557	1270.6597
788.94635	1471.3829
788.99719	1644.1381
789.04797	1502.6144
789.09875	1371.3346
789.14954	1351.7515
789.20032	1321.1914
789.2511	1267.5063
789.30194	1428.8672
789.35272	1383.1012
789.4035	1463.1841
789.45428	1386.2333
789.50507	1706.0265
789.55585	1456.7015
789.60669	1541.6033
789.65747	1705.9843
789.70825	1428.5016
789.75903	1370.5481
789.80981	1384.5756
789.8606	1395.8602
789.91144	1366.132
789.96222	1337.6985
790.013	1371.2693
790.06378	1339.056
790.11456	1449.6711
790.16534	1380.988
790.21619	1638.6594
790.26697	1559.4673
790.31775	1482.9252
790.36853	1444.0588
790.41931	1822.049
790.47009	1689.1775
790.52094	1375.5735
790.57172	1287.5454
790.6225	1382.3232
790.67328	1422.3146
790.72406	1425.5457
790.77484	1412.4741
790.82568	1389.2113
790.87646	1321.158
790.92725	1373.9846
790.97803	1562.8502
791.02881	1500.7621
791.07959	1372.0226
791.13043	1504.7427
791.18121	1577.5441
791.23199	1650.1345
791.28278	1511.7725
791.33356	1963.093
791.38434	2123.4814
791.43518	1798.1813
791.48596	1541.8401
791.53674	1423.1034
791.58752	1388.7473
791.63831	1456.7236
791.68909	1454.564
791.73993	1465.5233
791.79071	1388.1233
791.84149	1631.4092
791.89227	1544.2625
791.94305	1448.1805
791.99384	1530.9076
792.04468	1802.425
792.09546	1576.5916
792.14624	1402.8883
792.19702	1405.2177
792.2478	1349.6796
792.29858	1326.2289
792.34943	1427.1273
792.40021	1549.1455
792.45099	1412.9862
792.50177	1367.1165
792.55255	1437.2706
792.60333	1408.7529
792.65417	1407.2828
792.70496	1389.887
792.75574	1386.6996
792.80652	1483.2092
792.8573	1479.3915
792.90808	1484.0488
792.95892	1489.1925
793.0097	1365.8621
793.06049	1584.0577
793.11127	1697.0236
793.16205	1482.4445
793.21283	1427.6501
793.26367	1546.9341
793.31445	1538.1357
793.36523	1336.1349
793.41602	1452.3267
793.4668	2069.9153
793.51758	2141.2017
793.56842	1498.3097
793.6192	1514.7134
793.66998	1485.6877
793.72076	1442.6007
793.77155	1474.6375
793.82233	1506.3285
793.87317	1448.3156
793.92395	1364.8762
793.97473	1409.9451
794.02551	1486.6711
794.07629	1512.8436
794.12708	1470.8617
794.17792	1466.5311
794.2287	1465.4116
794.27948	1368.129
794.33026	1364.9778
794.38104	1415.4562
794.43182	1476.6443
794.48267	1420.3997
794.53345	1331.8729
794.58423	1451.6689
794.63501	1563.8567
794.68579	1549.5776
794.73657	1517.1682
794.78741	1353.1409
794.8382	1419.9006
794.88898	1406.986
794.93976	1414.5767
794.99054	1396.8711
795.04132	1349.4542
795.09216	1480.4454
795.14294	1580.7843
795.19373	1687.8169
795.24451	1420.5634
795.29529	1456.2155
795.34607	1466.6494
795.39691	1525.7119
795.44769	1701.2178
795.49847	1499.1923
795.54926	1529.6278
795.60004	1623.2247
795.65082	1768.3203
795.70166	1327.1169
795.75244	1395.9958
795.80322	1382.2192
795.854	1367.0837
795.90479	1412.9978
795.95557	1654.9269
796.00641	2369.2075
796.05719	1505.7035
796.10797	1349.4054
796.15875	1474.1803
796.20953	1440.7655
796.26031	1424.3705
796.31116	1368.8333
796.36194	1482.9629
796.41272	1391.6703
796.4635	1447.2277
796.51428	1523.5848
796.56506	1449.2025
796.61591	1472.9495
796.66669	1480.6167
796.71747	1395.9812
796.76825	1362.7059
796.81903	1343.7327
796.86981	1339.2841
796.92059	1463.6553
796.97144	1440.2242
797.02222	1389.4315
797.073	1445.7137
797.12378	1424.6783
797.17456	1392.303
797.22534	1360.6722
797.27618	1410.104
797.32697	1610.9795
797.37775	1512.8228
797.42853	1806.2701
797.47931	1384.0889
797.53009	1327.6747
797.58093	1488.3296
797.63171	1340.8674
797.6825	1407.4452
797.73328	1657.1957
797.78406	1448.1656
797.83484	1472.0813
797.88568	1350.9684
797.93646	1460.0693
797.98724	1464.0582
798.03802	1555.4486
798.08881	1404.9823
798.13959	1401.8301
798.19043	1471.9111
798.24121	1366.203
798.29199	1400.8623
798.34277	1465.521
798.39355	1357.6813
798.44434	1399.1375
798.49518	1334.1617
798.54596	1324.1569
798.59674	1338.2859
798.64752	1374.1381
798.6983	1353.276
798.74908	1336.6869
798.79993	1569.9413
798.85071	1650.3169
798.90149	1461.9901
798.95227	1460.8234
799.00305	1539.7865
799.05383	1466.3573
799.10468	1645.9261
799.15546	1393.3706
799.20624	1351.8177
799.25702	1301.3127
799.3078	1340.4617
799.35858	1484.5796
799.40942	1388.2551
799.46021	1383.165
799.51099	1407.84
799.56177	1481.4169
799.61255	1476.1198
799.66333	1535.7163
799.71417	1348.0222
799.76495	1464.2808
799.81573	1526.382
799.86652	1486.807
799.9173	1422.2872
799.96808	1450.5796
800.01892	1380.7789
800.0697	1370.6118
800.12048	1523.8204
800.17126	1332.2235
800.22205	1338.5735
800.27283	1418.2169
800.32367	1355.8627
800.37445	1434.4648
800.42523	1531.516
800.47601	1584.0067
800.52679	1594.6519
800.57758	1428.4417
800.62842	1404.2904
800.6792	1434.9646
800.72998	1381.2822
800.78076	1377.1851
800.83154	1293.3557
800.88232	1337.644
800.93317	1404.8978
800.98395	1370.7596
801.03473	1291.0104
801.08551	1449.2312
801.13629	1400.4351
801.18707	1472.9923
801.23792	1315.9795
801.2887	1295.9896
801.33948	1345.9918
801.39026	1374.0781
801.44104	1395.1439
801.49182	1473.1603
801.54266	1415.8655
801.59344	1426.3348
801.64423	1593.0696
801.69501	1523.5203
801.74579	1413.2634
801.79657	1338.9736
801.84741	1375.9729
801.89819	1403.8206
801.94897	1381.0588
801.99976	1382.2378
802.05054	1386.4606
802.10132	1434.6813
802.15216	1399.8604
802.20294	1298.2179
802.25372	1399.0072
802.3045	1466.9368
802.35529	1540.604
802.40607	1900.3485
802.45691	1374.7466
802.50769	1356.2072
802.55847	1413.5532
802.60925	1380.7729
802.66003	1351.4429
802.71082	1550.3813
802.76166	1551.7241
802.81244	1481.5238
802.86322	1398.8219
802.914	1380.0249
802.96478	1326.9182
803.01556	1337.4846
803.06641	1349.2279
803.11719	1388.73
803.16797	1405.5725
803.21875	1374.1318
803.26953	1468.2273
803.32031	1476.6812
803.37115	1412.587
803.42194	1562.6974
803.47272	1300.058
803.5235	1271.7072
803.57428	1283.9602
803.62506	1312.7892
803.6759	1327.7026
803.72668	1362.8616
803.77747	1415.326
803.82825	1356.9675
803.87903	1340.7424
803.92981	1399.6338
803.98065	1355.3524
804.03143	1607.5929
804.08221	1272.4286
804.133	1322.057
804.18378	1392.9001
804.23456	1446.1913
804.2854	1317.1366
804.33618	1299.7548
804.38696	1389.8322
804.43774	1492.3173
804.48853	1419.9564
804.53931	1286.7629
804.59015	1432.6249
804.64093	1382.9133
804.69171	1305.2257
804.74249	1371.2848
804.79327	1331.0078
804.84406	1558.5054
804.8949	1364.0767
804.94568	1377.2747
804.99646	1280.4532
805.04724	1564.042
805.09802	1864.6594
805.1488	1265.9482
805.19965	1364.0426
805.25043	1326.1549
805.30121	1793.2432
805.35199	1535.8359
805.40277	1349.2698
805.45355	1420.9463
805.50439	1241.9329
805.55518	1640.6259
805.60596	1386.3875
805.65674	1228.5095
805.70752	1254.0677
805.7583	1426.6844
805.80914	1368.7731
805.85992	1323.6921
805.91071	1320.7483
805.96149	1387.6023
806.01227	1347.9629
806.06305	1311.3032
806.11389	1304.8685
806.16467	1362.526
806.21545	1290.5857
806.26624	1752.2837
806.31702	1427.8765
806.3678	1316.2106
806.41864	1355.3611
806.46942	1341.0457
806.5202	1325.9944
806.57098	1441.2219
806.62177	1281.1724
806.67255	1336.5099
806.72339	1274.8262
806.77417	1405.3207
806.82495	1473.7051
806.87573	1267.4766
806.92651	1492.5708
806.97729	1532.7576
807.02814	1362.49
807.07892	1559.4738
807.1297	1358.3064
807.18048	1463.1355
807.23126	1325.3408
807.28204	1337.2073
807.33289	1324.4349
807.38367	1276.6165
807.43445	1264.5304
807.48523	1527.9492
807.53601	1383.5592
807.58679	1269.7367
807.63763	1329.3903
807.68842	1404.1252
807.7392	1348.0277
807.78998	1273.1869
807.84076	1371.853
807.89154	1499.626
807.94238	1349.0717
807.99316	1386.9039
808.04395	1581.522
808.09473	1471.3472
808.14551	1275.528
808.19629	1279.4248
808.24713	1378.0433
808.29791	1539.0614
808.34869	1410.8165
808.39948	1289.1249
808.45026	1299.3853
808.50104	1329.3993
808.55188	1275.4497
808.60266	1634.6278
808.65344	1531.1726
808.70422	1383.3719
808.755	1411.5494
808.80579	1398.12
808.85663	1292.0028
808.90741	1258.8613
808.95819	1297.9626
809.00897	1356.5591
809.05975	1317.0239
809.11053	1251.1528
809.16138	1330.6582
809.21216	1422.8688
809.26294	1361.1219
809.31372	1387.7843
809.3645	1315.6752
809.41528	1374.2858
809.46613	1336.1394
809.51691	1403.1853
809.56769	1444.3705
809.61847	1330.5685
809.66925	1267.9749
809.72003	1214.6332
809.77087	1198.5179
809.82166	1437.3401
809.87244	1578.7861
809.92322	1370.8127
809.974	1236.7687
810.02478	1331.3727
810.07562	1366.6395
810.1264	1349.571
810.17719	1362.3287
810.22797	1326.4315
810.27875	1285.1254
810.32953	1419.9583
810.38037	1471.2312
810.43115	1362.8344
810.48193	1311.5237
810.53271	1277.9537
810.5835	1327.3119
810.63428	1343.8119
810.68512	1366.6316
810.7359	1301.0234
810.78668	1243.588
810.83746	1404.5574
810.88824	1656.9076
810.93903	1559.2181
810.98987	1220.7937
811.04065	1260.3086
811.09143	1293.4712
811.14221	1324.5669
811.19299	1319.3821
811.24377	1295.9937
811.29462	1340.8551
811.3454	1435.8557
811.39618	1441.6011
811.44696	1340.6808
811.49774	1330.3381
811.54852	1242.7125
811.59937	1285.2257
811.65015	1349.6686
811.70093	1267.8317
811.75171	1264.4014
811.80249	1282.6526
811.85327	1325.7965
811.90411	1269.3926
811.9549	1301.9668
812.00568	1309.4025
812.05646	1281.6565
812.10724	1334.5786
812.15802	1538.5173
812.20886	1601.4257
812.25964	1321.1609
812.31042	1327.5536
812.36121	1389.6541
812.41199	1391.4313
812.46277	1354.5997
812.51361	1531.0988
812.56439	1663.4955
812.61517	1316.23
812.66595	1230.1686
812.71674	1279.2284
812.76752	1268.041
812.81836	1426.1974
812.86914	1432.5135
812.91992	1280.3483
812.9707	1436.4215
813.02148	1629.0675
813.07227	1326.8492
813.12311	1292.9517
813.17389	1438.3401
813.22467	1372.5471
813.27545	1288.2966
813.32623	1390.0305
813.37701	1437.4775
813.42786	1436.6511
813.47864	1406.4264
813.52942	1327.5991
813.5802	1318.677
813.63098	1364.2103
813.68176	1471.2275
813.7326	1366.8909
813.78339	1280.6727
813.83417	1328.3368
813.88495	1416.2092
813.93573	1433.8436
813.98651	1260.2855
814.03735	1331.3495
814.08813	1297.9807
814.13892	1325.1753
814.1897	1272.166
814.24048	1233.9744
814.29126	1471.0502
814.3421	1558.3021
814.39288	1279.7717
814.44366	1273.4227
814.49445	1366.0311
814.54523	1410.2191
814.59601	1322.5924
814.64685	1324.6997
814.69763	1330.397
814.74841	1409.5084
814.79919	1405.3225
814.84998	1478
814.90076	1461.2931
814.9516	1352.4518
815.00238	1371.3951
815.05316	1243.6306
815.10394	1373.5277
815.15472	1441.9036
815.20551	1277.6711
815.25635	1396.3607
815.30713	1318.1786
815.35791	1651.9869
815.40869	1375.4873
815.45947	1338.9573
815.51025	1315.015
815.5611	1278.1177
815.61188	1225.4241
815.66266	1253.2485
815.71344	1383.8136
815.76422	1297.6267
815.815	1388.2632
815.86584	1395.8549
815.91663	1489.111
815.96741	2021.6882
816.01819	1487.1797
816.06897	1347.2214
816.11975	1368.1925
816.17059	1310.2839
816.22137	1340.0183
816.27216	1371.2266
816.32294	1541.0262
816.37372	1564.7433
816.4245	1356.8093
816.47534	1279.7329
816.52612	1352.9312
816.5769	1398.4619
816.62769	1367.2853
816.67847	1316.2937
816.72925	1340.9189
816.78009	1201.6024
816.83087	1349.8104
816.88165	1232.2584
816.93243	1276.7993
816.98322	1646.9851
817.034	1389.7686
817.08484	1440.2362
817.13562	1499.0209
817.1864	1304.0408
817.23718	1372.3229
817.28796	1377.8949
817.33875	1272.1315
817.38959	1217.7133
817.44037	1324.1027
817.49115	1199.9519
817.54193	1253.5103
817.59271	1308.6185
817.64349	1281.4531
817.69434	1337.9886
817.74512	1337.2073
817.7959	1247.26
817.84668	1233.521
817.89746	1687.8129
817.94824	1600.9187
817.99908	1276.4999
818.04987	1461.6563
818.10065	1419.4858
818.15143	1347.4658
818.20221	1286.6385
818.25299	1365.7434
818.30383	1306.0791
818.35461	1314.6271
818.4054	1527.5273
818.45618	1377.9569
818.50696	1232.3762
818.55774	1374.3596
818.60858	1218.0427
818.65936	1278.9563
818.71014	1342.653
818.76093	1450.7389
818.81171	1570.6759
818.86249	1410.0602
818.91333	1474.7316
818.96411	1969.6539
819.01489	1406.4561
819.06567	1277.1144
819.11646	1468.5757
819.16724	1310.4683
819.21808	1324.722
819.26886	1394.2745
819.31964	1295.093
819.37042	1365.9144
819.4212	1472.823
819.47198	1357.7303
819.52283	1395.8223
819.57361	1359.1307
819.62439	1334.0052
819.67517	1335.2365
819.72595	1253.2031
819.77673	1268.3275
819.82758	1463.8395
819.87836	1424.6193
819.92914	1415.0107
819.97992	1382.6923
820.0307	1577.7532
820.08148	1366.5132
820.13232	1272.6809
820.18311	1582.1243
820.23389	1525.92
820.28467	1403.9626
820.33545	1354.4102
820.38623	1322.7531
820.43707	1265.845
820.48785	1450.1464
820.53864	1351.3118
820.58942	1369.4366
820.6402	1263.3518
820.69098	1379.0701
820.74176	1638.6617
820.7926	1555.6178
820.84338	1391.908
820.89417	1342.4601
820.94495	1277.4366
820.99573	1245.1154
821.04651	1344.4897
821.09735	1326.5609
821.14813	1378.8826
821.19891	1365.521
821.24969	1647.4456
821.30048	1404.0016
821.35126	1399.7279
821.4021	1626.2948
821.45288	1428.7257
821.50366	1362.7048
821.55444	1375.0876
821.60522	1351.9082
821.65601	1344.1761
821.70685	1281.1279
821.75763	1272.8722
821.80841	1306.6354
821.85919	1382.1392
821.90997	1412.8361
821.96075	1639.9442
822.0116	1470.5796
822.06238	1359.8611
822.11316	1397.2675
822.16394	1799.7651
822.21472	1676.4751
822.2655	1311.4204
822.31635	1318.9982
822.36713	1361.5699
822.41791	1343.2517
822.46869	1304.9788
822.51947	1366.3877
822.57025	1371.012
822.62109	1310.8646
822.67188	1375.158
822.72266	1526.766
822.77344	1412.3721
822.82422	1297.006
822.875	1468.6581
822.92584	1446.697
822.97662	1583.1429
823.0274	1427.8677
823.07819	2005.828
823.12897	2075.2346
823.17975	1788.8136
823.23059	1511.6482
823.28137	1364.486
823.33215	1309.0663
823.38293	1336.3119
823.43372	1397.5048
823.4845	1443.7383
823.53534	1290.6342
823.58612	1542.6383
823.6369	1477.6456
823.68768	1426.8738
823.73846	1529.9619
823.78925	1791.8357
823.84009	1436.8601
823.89087	1404.459
823.94165	1310.7965
823.99243	1281.865
824.04321	1301.8955
824.09399	1400.6913
824.14484	1596.106
824.19562	1414.1676
824.2464	1351.9972
824.29718	1415.3029
824.34796	1389.0322
824.39874	1408.4338
824.44958	1345.9812
824.50037	1386.8761
824.55115	1446.5409
824.60193	1450.5078
824.65271	1553.6803
824.70349	1424.2936
824.75433	1295.5352
824.80511	1648.4852
824.8559	1574.2262
824.90668	1433.2426
824.95746	1330.9233
825.00824	1557.2834
825.05908	1446.322
825.10986	1328.1182
825.16064	1443.5045
825.21143	2222.9033
825.26221	1812.0486
825.31299	1474.1057
825.36383	1459.7329
825.41461	1415.412
825.46539	1393.4174
825.51617	1425.5363
825.56696	1472.6735
825.61774	1346.3245
825.66858	1321.1428
825.71936	1334.1456
825.77014	1417.6259
825.82092	1435.5895
825.8717	1380.7474
825.92249	1469.4774
825.97333	1408.9312
826.02411	1371.8955
826.07489	1421.0176
826.12567	1411.9816
826.17645	1382.5117
826.22723	1292.1611
826.27808	1301.2079
826.32886	1424.8507
826.37964	1438.1359
826.43042	1613.962
826.4812	1420.088
826.53198	1355.6886
826.58282	1417.9629
826.63361	1366.2081
826.68439	1319.7657
826.73517	1305.557
826.78595	1403.5753
826.83673	1461.9445
826.88757	1656.109
826.93835	1474.0278
826.98914	1342.672
827.03992	1402.8679
827.0907	1453.5369
827.14148	1634.601
827.19232	1565.6879
827.2431	1481.4502
827.29388	1523.9141
827.34467	1718.6288
827.39545	1477.5763
827.44623	1326.7765
827.49707	1332.932
827.54785	1290.9336
827.59863	1306.5193
827.64941	1397.3633
827.7002	2056.0256
827.75098	1843.9532
827.80182	1380.3925
827.8526	1408.3817
827.90338	1436.6414
827.95416	1428.5455
828.00494	1359.2434
828.05573	1355.6647
828.10657	1377.0647
828.15735	1386.395
828.20813	1445.2501
828.25891	1439.2352
828.30969	1392.3574
828.36047	1442.4918
828.41132	1419
828.4621	1363.9658
828.51288	1328.7948
828.56366	1315.8143
828.61444	1417.7245
828.66522	1460.8844
828.71606	1360.359
828.76685	1360.6495
828.81763	1447.8765
828.86841	1430.7085
828.91919	1328.2576
828.96997	1356.1722
829.02081	1485.9078
829.07159	1526.3876
829.12238	1616.2595
829.17316	1453.3275
829.22394	1303.62
829.27472	1434.0118
829.32556	1426.3002
829.37634	1362.9055
829.42712	1494.9225
829.47791	1469.4901
829.52869	1396.0082
829.57947	1368.8345
829.63031	1421.1876
829.68109	1454.2705
829.73187	1475.8485
829.78265	1412.8378
829.83344	1339.4103
829.88422	1363.4382
829.93506	1349.8708
829.98584	1343.8682
830.03662	1404.4927
830.0874	1379.9172
830.13818	1367.0402
830.18896	1307.1643
830.23981	1300.6897
830.29059	1312.4625
830.34137	1284.571
830.39215	1311.3358
830.44293	1332.5583
830.49371	1470.1097
830.54456	1561.2928
830.59534	1530.7423
830.64612	1464.05
830.6969	1478.207
830.74768	1461.9674
830.79846	1519.838
830.8493	1461.2214
830.90009	1385.0083
830.95087	1325.567
831.00165	1316.7555
831.05243	1415.0332
831.10321	1406.3932
831.15405	1397.201
831.20483	1398.4194
831.25562	1428.2151
831.3064	1448.0736
831.35718	1489.1014
831.40796	1366.7185
831.4588	1399.3865
831.50958	1483.1052
831.56036	1505.7692
831.61115	1380.2407
831.66193	1384.3176
831.71271	1400.6533
831.76355	1360.7046
831.81433	1483.871
831.86511	1387.4233
831.91589	1281.449
831.96667	1336.8815
832.01746	1388.9044
832.0683	1374.1877
832.11908	1454.4791
832.16986	1597.7157
832.22064	1579.9961
832.27142	1448.0259
832.3222	1338.1255
832.37305	1409.1649
832.42383	1401.5248
832.47461	1353.5631
832.52539	1316.0118
832.57617	1329.2201
832.62695	1365.516
832.6778	1384.8789
832.72858	1320.52
832.77936	1391.0725
832.83014	1480.7262
832.88092	1418.3683
832.9317	1314.3751
832.98254	1274.6179
833.03333	1353.1393
833.08411	1407.7637
833.13489	1370.3853
833.18567	1472.6495
833.23645	1379.8544
833.28729	1386.7542
833.33807	1516.8427
833.38885	1489.63
833.43964	1381.7944
833.49042	1364.8043
833.5412	1341.7727
833.59204	1390.3352
833.64282	1363.6735
833.6936	1396.2567
833.74438	1397.724
833.79517	1435.5526
833.84595	1362.4694
833.89679	1323.6046
833.94757	1383.3578
833.99835	1487.666
834.04913	1432.8267
834.09991	1927.6267
834.1507	1454.5638
834.20154	1344.7745
834.25232	1393.1458
834.3031	1362.6421
834.35388	1376.7861
834.40466	1565.979
834.45544	1508.1385
834.50629	1438.1542
834.55707	1392.1997
834.60785	1323.855
834.65863	1320.717
834.70941	1301.86
834.76019	1368.2703
834.81104	1372.1825
834.86182	1349.8197
834.9126	1361.1384
834.96338	1486.244
835.01416	1490.6606
835.06494	1427.7312
835.11578	1617.4409
835.16656	1331.1088
835.21735	1306.2714
835.26813	1293.088
835.31891	1290.6769
835.36969	1324.8208
835.42053	1363.2756
835.47131	1388.8895
835.52209	1305.861
835.57288	1329.5719
835.62366	1339.3212
835.67444	1354.9724
835.72528	1617.7721
835.77606	1333.9452
835.82684	1345.5634
835.87762	1411.0977
835.92841	1467.3916
835.97919	1308.3147
836.03003	1322.7737
836.08081	1319.0991
836.13159	1362.2037
836.18237	1409.0367
836.23315	1271.5898
836.28394	1435.4199
836.33478	1338.9542
836.38556	1296.762
836.43634	1314.0591
836.48712	1268.9429
836.5379	1568.788
836.58868	1410.2322
836.63953	1360.6935
836.69031	1351.8448
836.74109	1584.8574
836.79187	1816.1167
836.84265	1297.3333
836.89343	1308.1984
836.94427	1342.0281
836.99506	1700.1443
837.04584	1482.8104
837.09662	1376.9889
837.1474	1454.8341
837.19818	1279.4717
837.24902	1676.9331
837.2998	1350.38
837.35059	1235.573
837.40137	1297.2645
837.45215	1408.4158
837.50293	1283.4299
837.55377	1359.6827
837.60455	1391.4519
837.65533	1375.2565
837.70612	1364.5209
837.7569	1292.8063
837.80768	1341.8085
837.85852	1362.6516
837.9093	1390.4921
837.96008	1749.3927
838.01086	1296.067
838.06165	1274.5582
838.11243	1392.3658
838.16327	1340.238
838.21405	1343.9333
838.26483	1463.8353
838.31561	1261.8007
838.36639	1340.5735
838.41718	1284.1943
838.46802	1532.7206
838.5188	1466.4728
838.56958	1273.3876
838.62036	1524.2572
838.67114	1528.9377
838.72192	1409.6393
838.77277	1647.9236
838.82355	1279.2765
838.87433	1451.0101
838.92511	1336.907
838.97589	1345.2045
839.02667	1287.6399
839.07751	1273.41
839.1283	1372.3622
839.17908	1653.1327
839.22986	1329.1613
839.28064	1259.7799
839.33142	1428.1917
839.38226	1443.7759
839.43304	1283.0955
839.48383	1339.8708
839.53461	1423.9579
839.58539	1427.863
839.63617	1323.6622
839.68701	1479.8156
839.73779	1617.8549
839.78857	1360.6085
839.83936	1264.5281
839.89014	1420.4175
839.94092	1404.5205
839.99176	1551.5985
840.04254	1335.7526
840.09332	1338.9158
840.1441	1327.2388
840.19489	1420.9716
840.24567	1196.6851
840.29651	1869.7797
840.34729	1393.4314
840.39807	1439.3553
840.44885	1437.1267
840.49963	1395.9218
840.55042	1211.876
840.60126	1236.3436
840.65204	1264.0629
840.70282	1376.2115
840.7536	1245.892
840.80438	1301.8528
840.85516	1415.6781
840.90601	1412.7271
840.95679	1365.5681
841.00757	1465.2855
841.05835	1313.4969
841.10913	1386.0563
841.15991	1309.0958
841.21075	1539.7925
841.26154	1353.3495
841.31232	1219.5906
841.3631	1279.3646
841.41388	1272.5848
841.46466	1253.0881
841.5155	1528.6965
841.56628	1393.1576
841.61707	1180.5532
841.66785	1237.6078
841.71863	1447.0375
841.76941	1311.5789
841.82025	1370.484
841.87103	1310.354
841.92181	1311.614
841.9726	1323.2131
842.02338	1639.7971
842.07416	1326.998
842.125	1304.8639
842.17578	1212.8627
842.22656	1256.2502
842.27734	1368.7406
842.32813	1328.7352
842.37891	1455.6975
842.42975	1272.297
842.48053	1289.3979
842.53131	1478.7334
842.58209	1767.5916
842.63287	1238.8795
842.68365	1234.4861
842.7345	1319.1169
842.78528	1402.4131
842.83606	1280.2836
842.88684	1298.4167
842.93762	1323.0352
842.9884	1300.2439
843.03925	1484.1018
843.09003	1370.9819
843.14081	1381.8871
843.19159	1322.7388
843.24237	1277.6891
843.29315	1493.1378
843.34399	1304.9384
843.39478	1305.0596
843.44556	1260.5054
843.49634	1342.5001
843.54712	1323.6886
843.5979	1331.911
843.64874	1329.3635
843.69952	1230.938
843.75031	1277.2859
843.80109	1394.5253
843.85187	1689.7534
843.90265	1421.1115
843.95349	1398.1476
844.00427	1318.4327
844.05505	1364.2476
844.10583	1265.1389
844.15662	1385.8167
844.2074	1732.1936
844.25824	1399.713
844.30902	1298.6949
844.3598	1324.4501
844.41058	1279.3269
844.46136	1425.2395
844.51215	1402.3965
844.56293	1295.3953
844.61377	1399.0625
844.66455	1665.4525
844.71533	1410.8997
844.76611	1279.2449
844.81689	1533.6836
844.86768	1441.9508
844.91852	1277.2395
844.9693	1341.6587
845.02008	1453.2935
845.07086	1446.1798
845.12164	1383.0695
845.17242	1357.184
845.22327	1315.5776
845.27405	1261.724
845.32483	1505.0579
845.37561	1364.8866
845.42639	1305.6368
845.47717	1313.5242
845.52802	1374.0399
845.5788	1409.6243
845.62958	1259.1509
845.68036	1395.7373
845.73114	1397.9009
845.78192	1293.1483
845.83276	1251.4872
845.88354	1231.9028
845.93433	1471.4485
845.98511	1557.2299
846.03589	1269.8146
846.08667	1331.5676
846.13751	1322.4355
846.18829	1436.2294
846.23907	1331.9873
846.28986	1351.078
846.34064	1371.0913
846.39142	1449.8777
846.44226	1297.2059
846.49304	1452.3015
846.54382	1578.4705
846.5946	1381.8552
846.64539	1339.1251
846.69617	1255.6725
846.74701	1433.897
846.79779	1430.0497
846.84857	1320.5187
846.89935	1427.8986
846.95013	1364.1586
847.00092	1722.7185
847.05176	1545.6498
847.10254	1413.3972
847.15332	1316.7961
847.2041	1301.6255
847.25488	1294.7224
847.30566	1370.2346
847.35651	1401.421
847.40729	1351.0885
847.45807	1349.4893
847.50885	1448.7728
847.55963	1450.1232
847.61041	1935.3279
847.66125	1570.1541
847.71204	1449.2827
847.76282	1384.2977
847.8136	1331.1937
847.86438	1346.7019
847.91516	1350.8022
847.966	1496.0952
848.01678	1623.746
848.06757	1357.2124
848.11835	1334.2185
848.16913	1314.2228
848.21991	1321.0343
848.27075	1337.3577
848.32153	1313.6754
848.37231	1375.2217
848.4231	1216.2787
848.47388	1316.7355
848.52466	1304.5188
848.5755	1211.3213
848.62628	1646.8425
848.67706	1516.7721
848.72784	1419.9194
848.77863	1448.3618
848.82941	1339.1472
848.88025	1416.3932
848.93103	1362.1176
848.98181	1311.2924
849.03259	1316.1248
849.08337	1327.0487
849.13416	1280.4357
849.185	1246.7275
849.23578	1350.2362
849.28656	1309.5652
849.33734	1336.1801
849.38812	1380.3157
849.4389	1284.7163
849.48975	1289.7903
849.54053	1756.7346
849.59131	1541.7192
849.64209	1359.6331
849.69287	1453.0358
849.74365	1375.1543
849.79449	1351.349
849.84528	1363.8766
849.89606	1402.9736
849.94684	1419.9103
849.99762	1298.4353
850.0484	1432.9282
850.09924	1353.8239
850.15002	1196.2074
850.20081	1308.9539
850.25159	1210.6875
850.30237	1340.3448
850.35315	1381.8065
850.40399	1447.6158
850.45477	1559.7109
850.50555	1402.8879
850.55634	1443.6423
850.60712	2018.5914
850.6579	1445.0477
850.70874	1369.302
850.75952	1534.9641
850.8103	1340.9264
850.86108	1458.5955
850.91187	1291.73
850.96265	1357.8629
851.01349	1368.6461
851.06427	1414.6298
851.11505	1295.1713
851.16583	1332.8359
851.21661	1369.3484
851.2674	1438.8254
851.31824	1368.3529
851.36902	1347.7628
851.4198	1231.9453
851.47058	1593.7031
851.52136	1435.9978
851.57214	1386.6592
851.62299	1332.9733
851.67377	1676.7516
851.72455	1306.0702
851.77533	1293
851.82611	1594.4612
851.87689	1472.0126
851.92773	1454.3967
851.97852	1369.2618
852.0293	1345.5457
852.08008	1268.8434
852.13086	1544.6196
852.18164	1318.7684
852.23248	1359.0535
852.28326	1195.0497
852.33405	1430.7634
852.38483	1626.4458
852.43561	1603.4602
852.48639	1356.0789
852.53723	1319.453
852.58801	1343.6931
852.63879	1222.5513
852.68958	1370.1908
852.74036	1365.2925
852.79114	1497.6879
852.84198	1312.8492
852.89276	1698.2834
852.94354	1305.8365
852.99432	1516.4126
853.0451	1650.6974
853.09589	1363.2057
853.14673	1416.229
853.19751	1334.98
853.24829	1350.7845
853.29907	1358.7565
853.34985	1315.2183
853.40063	1253.8269
853.45148	1334.9713
853.50226	1452.0642
853.55304	1477.7216
853.60382	1607.6588
853.6546	1405.9059
853.70538	1331.0249
853.75623	1431.0852
853.80701	2002.2476
853.85779	1529.8296
853.90857	1265.4056
853.95935	1277.0317
854.01013	1371.5911
854.06097	1345.2522
854.11176	1318.8066
854.16254	1323.5389
854.21332	1407.1877
854.2641	1288.3462
854.31488	1439.7772
854.36572	1620.4004
854.4165	1370.1356
854.46729	1396.4521
854.51807	1628.9669
854.56885	1432.4114
854.61963	1611.5651
854.67047	1478.0874
854.72125	2316.564
854.77203	1915.9573
854.82281	1626.021
854.8736	1412.7522
854.92438	1326.1331
854.97522	1348.4965
855.026	1357.7025
855.07678	1446.3346
855.12756	1424.0568
855.17834	1459.752
855.22913	1529.8572
855.27997	1420.1366
855.33075	1481.6266
855.38153	1653.0811
855.43231	1863.1318
855.48309	1336.5287
855.53387	1392.704
855.58472	1348.0487
855.6355	1364.8192
855.68628	1324.0792
855.73706	1540.8875
855.78784	1491.5745
855.83862	1365.665
855.88947	1368.8695
855.94025	1488.578
855.99103	1360.6122
856.04181	1366.6677
856.09259	1278.6782
856.14337	1460.0237
856.19421	1463.4332
856.245	1465.5654
856.29578	1570.6149
856.34656	1409.1123
856.39734	1399.8787
856.44812	1761.4731
856.49896	1445.3849
856.54974	1503.6086
856.60052	1433.2465
856.65131	1615.5511
856.70209	1269.4257
856.75287	1351.6782
856.80371	1690.9006
856.85449	2389.5911
856.90527	1509.3125
856.95605	1495.0424
857.00684	1488.845
857.05762	1444.0833
857.10846	1446.6323
857.15924	1448.3315
857.21002	1434.8956
857.2608	1325.5292
857.31158	1351.0107
857.36237	1329.6407
857.41321	1524.8716
857.46399	1476.9391
857.51477	1411.7081
857.56555	1445.2001
857.61633	1339.7605
857.66711	1386.8625
857.71796	1396.715
857.76874	1412.3541
857.81952	1394.7322
857.8703	1331.5961
857.92108	1394.7278
857.97186	1504.8672
858.02271	1555.8783
858.07349	1544.5159
858.12427	1362.9167
858.17505	1412.6027
858.22583	1431.6495
858.27661	1385.687
858.32745	1297.8461
858.37823	1333.1531
858.42902	1442.9719
858.4798	1589.4067
858.53058	1619.2686
858.58136	1415.7368
858.6322	1390.6554
858.68298	1422.7659
858.73376	1540.6348
858.78455	1677.0848
858.83533	1500.0846
858.88611	1552.3595
858.93695	1620.6769
858.98773	1732.4618
859.03851	1346.4073
859.08929	1407.2799
859.14008	1357.5764
859.19086	1355.1243
859.2417	1415.4052
859.29248	1750.6676
859.34326	2266.7083
859.39404	1466.0743
859.44482	1382.4663
859.49561	1461.0564
859.54645	1391.2073
859.59723	1390.6644
859.64801	1370.8424
859.69879	1455.2964
859.74957	1389.0422
859.80035	1447.246
859.8512	1469.4744
859.90198	1390.1815
859.95276	1408.3513
860.00354	1420.4053
860.05432	1368.9601
860.1051	1354.9396
860.15594	1317.3655
860.20673	1364.1571
860.25751	1453.704
860.30829	1420.9534
860.35907	1381.5328
860.40985	1435.469
860.46069	1427.2596
860.51147	1370.0422
860.56226	1374.6635
860.61304	1515.8643
860.66382	1551.739
860.7146	1632.389
860.76544	1608.0583
860.81622	1349.2284
860.867	1417.0344
860.91779	1430.3867
860.96857	1371.3077
861.01935	1529.9633
861.07019	1525.7781
861.12097	1403.0165
861.17175	1397.6754
861.22253	1399.0607
861.27332	1444.9032
861.3241	1481.5461
861.37494	1492.2988
861.42572	1353.205
861.4765	1378.3574
861.52728	1378.4347
861.57806	1344.24
861.62885	1404.6639
861.67969	1404.7502
861.73047	1388.7148
861.78125	1342.6359
861.83203	1320.9943
861.88281	1333.2695
861.93359	1344.0698
861.98444	1339.3804
862.03522	1292.6543
862.086	1416.9955
862.13678	1589.4202
862.18756	1549.8116
862.23834	1478.6833
862.28918	1519.2974
862.33997	1496.9772
862.39075	1543.7222
862.44153	1498.069
862.49231	1401.3329
862.54309	1349.3612
862.59393	1339.4722
862.64471	1429.1993
862.6955	1406.6138
862.74628	1413.1356
862.79706	1424.3768
862.84784	1434.9261
862.89868	1435.2529
862.94946	1489.4105
863.00024	1370.5414
863.05103	1380.512
863.10181	1501.7052
863.15259	1508.8815
863.20343	1394.1898
863.25421	1369.3285
863.30499	1414.6633
863.35577	1406.2371
863.40656	1478.1259
863.45734	1396.8639
863.50818	1294.368
863.55896	1412.9023
863.60974	1448.4491
863.66052	1394.3406
863.7113	1487.5255
863.76208	1555.3862
863.81293	1561.4324
863.86371	1462.3258
863.91449	1361.1708
863.96527	1359.6093
864.01605	1357.8754
864.06683	1367.4773
864.11768	1337.7773
864.16846	1337.1356
864.21924	1380.1191
864.27002	1401.3236
864.3208	1329.1746
864.37158	1402.6654
864.42242	1413.9822
864.47321	1496.5997
864.52399	1404.9777
864.57477	1298.5426
864.62555	1341.5681
864.67633	1396.7047
864.72717	1390.3237
864.77795	1477.0028
864.82874	1459.8804
864.87952	1507.7433
864.9303	1585.5239
864.98108	1510.6614
865.03192	1416.4434
865.0827	1371.5635
865.13348	1387.5266
865.18427	1377.3383
865.23505	1372.4365
865.28583	1368.7585
865.33667	1418.2048
865.38745	1468.8064
865.43823	1358.0255
865.48901	1257.7744
865.53979	1412.0587
865.59058	1414.1665
865.64142	1632.8904
865.6922	1806.2347
865.74298	1414.0824
865.79376	1447.7487
865.84454	1423.5
865.89532	1411.1624
865.94617	1422.5756
865.99695	1543.1443
866.04773	1508.4628
866.09851	1433.0381
866.14929	1369.4883
866.20007	1384.5396
866.25092	1378.5015
866.3017	1365.8387
866.35248	1368.5646
866.40326	1396.3778
866.45404	1345.4324
866.50482	1366.8461
866.55566	1502.0924
866.60645	1439.1804
866.65723	1506.0043
866.70801	1476.9895
866.75879	1332.7257
866.80957	1311.8472
866.86041	1319.9911
866.91119	1312.995
866.96198	1325.0089
867.01276	1374.7935
867.06354	1362.0675
867.11432	1318.9952
867.16516	1427.0538
867.21594	1384.53
867.26672	1460.214
867.3175	1507.8401
867.36829	1303.2754
867.41907	1361.6168
867.46991	1439.5934
867.52069	1431.1602
867.57147	1329.0475
867.62225	1376.0956
867.67303	1425.7096
867.72382	1441.1541
867.77466	1350.8734
867.82544	1385.7034
867.87622	1440.2777
867.927	1353.8265
867.97778	1309.1953
868.02856	1341.2104
868.07941	1445.4221
868.13019	1454.504
868.18097	1386.2067
868.23175	1379.8395
868.28253	1471.9672
868.33331	1723.2145
868.38409	1550.1527
868.43494	1322.8494
868.48572	1317.1432
868.5365	1556.1877
868.58728	1659.8284
868.63806	1445.865
868.68884	1415.0936
868.73969	1340.8535
868.79047	1511.9838
868.84125	1530.7108
868.89203	1300.3752
868.94281	1323.701
868.99359	1394.6582
869.04443	1370.6409
869.09521	1314.6174
869.146	1318.671
869.19678	1379.8608
869.24756	1354.9888
869.29834	1327.6434
869.34918	1345.7579
869.39996	1412.276
869.45074	1376.993
869.50153	1700.04
869.55231	1591.3455
869.60309	1353.1791
869.65393	1330.1199
869.70471	1355.8065
869.75549	1303.644
869.80627	1405.4718
869.85706	1389.7369
869.90784	1363.6044
869.95868	1341.2883
870.00946	1426.8483
870.06024	1479.9581
870.11102	1406.5669
870.1618	1422.1686
870.21259	1519.0731
870.26343	1399.3739
870.31421	1485.1431
870.36499	1442.1707
870.41577	1437.1848
870.46655	1394.4554
870.51733	1326.1622
870.56818	1305.7909
870.61896	1302.38
870.66974	1314.6206
870.72052	1543.3896
870.7713	1487.2665
870.82208	1287.5741
870.87292	1364.6801
870.92371	1409.3794
870.97449	1325.4006
871.02527	1271.7489
871.07605	1368.6053
871.12683	1497.572
871.17767	1415.6139
871.22845	1410.8019
871.27924	1562.6594
871.33002	1468.1432
871.3808	1308.2256
871.43158	1314.4264
871.48242	1388.5237
871.5332	1563.3745
871.58398	1441.4692
871.63477	1318.4393
871.68555	1311.4266
871.73633	1334.936
871.78717	1329.9254
871.83795	1736.2119
871.88873	1602.6539
871.93951	1421.1136
871.9903	1403.9497
872.04108	1409.6283
872.09192	1291.9014
872.1427	1318.6967
872.19348	1310.2245
872.24426	1367.9932
872.29504	1356.6486
872.34583	1273.6284
872.39667	1414.23
872.44745	1558.7018
872.49823	1398.0242
872.54901	1498.7719
872.59979	1344.7487
872.65057	1359.2803
872.70142	1379.7841
872.7522	1479.9022
872.80298	1362.371
872.85376	1305.5983
872.90454	1293.896
872.95532	1343.564
873.00616	1313.5972
873.05695	1545.3191
873.10773	1482.5945
873.15851	1288.5829
873.20929	1245.6122
873.26007	1413.1001
873.31091	1335.2061
873.36169	1347.1583
873.41248	1338.1849
873.46326	1288.3691
873.51404	1344.0115
873.56482	1576.4467
873.61566	1359.2034
873.66644	1337.5358
873.71722	1278.4939
873.76801	1290.4556
873.81879	1388.6455
873.86957	1354.1642
873.92041	1381.5907
873.97119	1226.0287
874.02197	1321.0055
874.07275	1475.2521
874.12354	1752.9946
874.17432	1337.1528
874.22516	1223.3662
874.27594	1331.8439
874.32672	1402.7429
874.3775	1308.5769
874.42828	1334.8842
874.47906	1315.0106
874.52991	1310.2289
874.58069	1482.0316
874.63147	1356.1116
874.68225	1415.1677
874.73303	1282.1843
874.78381	1310.5095
874.83466	1491.4915
874.88544	1364.6233
874.93622	1323.5208
874.987	1335.3505
875.03778	1378.1752
875.08856	1354.0659
875.1394	1365.723
875.19019	1414.7118
875.24097	1298.0632
875.29175	1328.0002
875.34253	1396.9108
875.39331	1614.1276
875.44415	1429.0537
875.49493	1348.1333
875.54572	1327.9652
875.5965	1348.6595
875.64728	1282.004
875.69806	1383.5736
875.7489	1770.3702
875.79968	1367.0695
875.85046	1261.8202
875.90125	1324.6575
875.95203	1303.4572
876.00281	1346.6824
876.05365	1461.9459
876.10443	1256.8531
876.15521	1362.9873
876.20599	1728.0101
876.25677	1409.9473
876.30756	1252.1654
876.3584	1539.5608
876.40918	1416.0643
876.45996	1284.2043
876.51074	1371.0198
876.56152	1426.6624
876.6123	1393.3636
876.66315	1364.6284
876.71393	1366.7814
876.76471	1361.3064
876.81549	1270.5107
876.86627	1579.6012
876.91705	1372.3131
876.9679	1316.7633
877.01868	1317.9005
877.06946	1321.8817
877.12024	1505.1145
877.17102	1323.2793
877.2218	1466.1766
877.27264	1371.5088
877.32343	1276.1074
877.37421	1261.113
877.42499	1190.319
877.47577	1456.7568
877.52655	1528.3527
877.57739	1287.3656
877.62817	1335.8455
877.67896	1323.3163
877.72974	1411.1807
877.78052	1366.1284
877.8313	1328.4969
877.88214	1389.0149
877.93292	1485.4784
877.9837	1358.874
878.03448	1436.7227
878.08527	1518.2607
878.13605	1395.7219
878.18689	1402.7052
878.23767	1287.5784
878.28845	1543.9182
878.33923	1471.5299
878.39001	1353.6345
878.4408	1436.0823
878.49164	1356.2151
878.54242	1615.9556
878.5932	1464.0815
878.64398	1340.0386
878.69476	1395.6121
878.74554	1317.9728
878.79639	1275.8224
878.84717	1256.9843
878.89795	1406.0398
878.94873	1289.9332
878.99951	1415.3881
879.05029	1419.6511
879.10114	1603.5149
879.15192	1980.1477
879.2027	1554.4014
879.25348	1429.2693
879.30426	1408.2168
879.35504	1378.9574
879.40588	1344.1879
879.45667	1385.4093
879.50745	1580.9215
879.55823	1552.2032
879.60901	1289.8521
879.65979	1285.7606
879.71063	1331.1667
879.76141	1391.4974
879.81219	1385.6918
879.86298	1314.5366
879.91376	1324.8956
879.96454	1267.1228
880.01538	1333.6649
880.06616	1279.1101
880.11694	1341.8583
880.16772	1619.0593
880.21851	1478.4661
880.26929	1426
880.32013	1419.6915
880.37091	1406.0535
880.42169	1431.8269
880.47247	1400.5748
880.52325	1314.7029
880.57404	1319.5045
880.62488	1309.6953
880.67566	1281.1532
880.72644	1281.4948
880.77722	1303.1056
880.828	1303.4677
880.87878	1393.4093
880.92963	1378.9359
880.98041	1275.3795
881.03119	1411.092
881.08197	1742.1255
881.13275	1439.4547
881.18353	1359.5839
881.23438	1447.1434
881.28516	1329.0298
881.33594	1325.9589
881.38672	1397.0752
881.4375	1435.67
881.48828	1372.7843
881.53912	1392.7885
881.5899	1445.8525
881.64069	1357.6398
881.69147	1312.1331
881.74225	1342.465
881.79303	1336
881.84387	1361.4169
881.89465	1406.3679
881.94543	1486.0095
881.99622	1515.9476
882.047	1362.8202
882.09778	1664.4327
882.14862	1823.9111
882.1994	1397
882.25018	1474.882
882.30096	1482.9381
882.35175	1340.6196
882.40253	1383.7919
882.45337	1382.2567
882.50415	1336.5869
882.55493	1356.1599
882.60571	1361.8265
882.65649	1348.7278
882.70728	1358.505
882.75812	1368.1906
882.8089	1387.6738
882.85968	1395.6068
882.91046	1358.6044
882.96124	1361.3655
883.01202	1435.0171
883.06287	1408.1884
883.11365	1368.4526
883.16443	1464.6715
883.21521	1442.7294
883.26599	1315.6084
883.31677	1503.1041
883.36761	1618.2238
883.4184	1512.0432
883.46918	1414.2593
883.51996	1372.7068
883.57074	1294.5323
883.62152	1389.2198
883.67236	1449.5033
883.72314	1393.0283
883.77393	1313.01
883.82471	1357.7623
883.87549	1569.6835
883.92627	1619.5343
883.97711	1423.2063
884.02789	1333.7069
884.07867	1323.2393
884.12946	1254.6287
884.18024	1371.176
884.23102	1336.9919
884.28186	1351.8446
884.33264	1390.0897
884.38342	1634.1301
884.4342	1491.178
884.48499	1430.9376
884.53577	1593.386
884.58661	1419.2712
884.63739	1369.7421
884.68817	1318.0137
884.73895	1315.5554
884.78973	1310.0292
884.84052	1302.1729
884.89136	1308.2142
884.94214	1318.8678
884.99292	1395.2017
885.0437	1417.8602
885.09448	1587.151
885.14526	1405.3125
885.19611	1365.4734
885.24689	1398.4408
885.29767	1870.1425
885.34845	1718.1787
885.39923	1382.5842
885.45001	1300.8645
885.50085	1374.8077
885.55164	1358.9908
885.60242	1354.7494
885.6532	1372.0693
885.70398	1397.6337
885.75476	1348.2029
885.8056	1419.1307
885.85638	1553.8754
885.90717	1431.6921
885.95795	1321.6495
886.00873	1550.483
886.05951	1497.2609
886.11035	1652.4014
886.16113	1386.4633
886.21191	2179.1687
886.2627	2076.3933
886.31348	1694.848
886.36426	1479.049
886.4151	1319.0657
886.46588	1408.3503
886.51666	1387.4155
886.56744	1465.6276
886.61823	1458.1327
886.66901	1432.1876
886.71985	1598.7997
886.77063	1404.8226
886.82141	1371.7188
886.87219	1543.8536
886.92297	1869.6335
886.97375	1322.9937
887.0246	1443.7993
887.07538	1256.7136
887.12616	1309.5449
887.17694	1303.2266
887.22772	1490.7899
887.2785	1536.2501
887.32935	1304.179
887.38013	1403.2524
887.43091	1421.0952
887.48169	1372.7473
887.53247	1442.4139
887.58325	1311.3055
887.63409	1461.5316
887.68488	1440.3484
887.73566	1496.1633
887.78644	1600.9746
887.83722	1355.1982
887.888	1345.4493
887.93884	1830.304
887.98962	1443.5011
888.04041	1450.2065
888.09119	1389.9327
888.14197	1629.3467
888.19275	1289.5458
888.24359	1369.0854
888.29437	1621.3375
888.34515	2531.3213
888.39594	1459.0968
888.44672	1449.4818
888.4975	1510.4131
888.54834	1353.2839
888.59912	1406.3744
888.6499	1438.0911
888.70068	1368.7064
888.75146	1265.4071
888.80225	1436.2546
888.85309	1408.3414
888.90387	1475.2709
888.95465	1462.3822
889.00543	1361.1698
889.05621	1431.6782
889.10699	1364.5574
889.15784	1351.1636
889.20862	1411.5995
889.2594	1425.3657
889.31018	1370.9771
889.36096	1304.351
889.41174	1416.7499
889.46259	1518.4943
889.51337	1537.923
889.56415	1542.3519
889.61493	1405.5826
889.66571	1431.7831
889.71649	1456.1328
889.76733	1382.3754
889.81812	1322.5242
889.8689	1348.0869
889.91968	1455.2151
889.97046	1597.6149
890.02124	1592.8755
890.07208	1372.0889
890.12286	1403.6223
890.17365	1429.2622
890.22443	1539.7822
890.27521	1659.3785
890.32599	1474.9261
890.37683	1537.6152
890.42761	1699.4067
890.47839	1681.4625
890.52917	1341.0488
890.57996	1390.6299
890.63074	1384.6776
890.68158	1408.9454
890.73236	1430.5173
890.78314	1879.3196
890.83392	2154.2854
890.8847	1445.5159
890.93549	1410.4136
890.98633	1448.1804
891.03711	1415.6621
891.08789	1384.6464
891.13867	1380.3815
891.18945	1411.7041
891.24023	1405.4872
891.29108	1474.0142
891.34186	1465.8883
891.39264	1424.4117
891.44342	1464.574
891.4942	1433.9993
891.54498	1413.6436
891.59583	1393.4381
891.64661	1333.6353
891.69739	1417.8796
891.74817	1443.3829
891.79895	1342.774
891.84973	1393.5903
891.90057	1467.2299
891.95135	1426.6074
892.00214	1372.8342
892.05292	1394.5403
892.1037	1499.6827
892.15448	1522.5028
892.20532	1669.7506
892.2561	1537.5388
892.30688	1348.8361
892.35767	1444.848
892.40845	1360.4388
892.45923	1344.3369
892.51001	1560.8358
892.56085	1486.9705
892.61163	1399.7279
892.66241	1370.854
892.7132	1463.5125
892.76398	1469.1818
892.81476	1511.5437
892.8656	1430.493
892.91638	1361.4684
892.96716	1361.9269
893.01794	1325.5747
893.06873	1386.4688
893.11951	1426.113
893.17035	1370.5303
893.22113	1376.2019
893.27191	1373.7028
893.32269	1328.2399
893.37347	1340.5288
893.42426	1353.8308
893.4751	1314.5728
893.52588	1312.5763
893.57666	1532.8468
893.62744	1610.5321
893.67822	1492.3612
893.729	1489.0096
893.77985	1529.0896
893.83063	1461.7769
893.88141	1597.5122
893.93219	1444.4613
893.98297	1408.3655
894.03375	1331.2054
894.08459	1361.9594
894.13538	1471.1497
894.18616	1374.0267
894.23694	1387.9968
894.28772	1404.224
894.3385	1476.5925
894.38934	1454.6692
894.44012	1521.2253
894.49091	1369.4608
894.54169	1473.5343
894.59247	1537.2821
894.64325	1518.0571
894.69409	1359.8845
894.74487	1421.9266
894.79565	1398.8086
894.84644	1371.4883
894.89722	1523.7734
894.948	1299.0476
894.99884	1300.679
895.04962	1484.1577
895.1004	1398.5914
895.15118	1417.163
895.20197	1640.541
895.25275	1589.1769
895.30359	1539.5433
895.35437	1351.5574
895.40515	1392.5477
895.45593	1377.4517
895.50671	1383.2245
895.5575	1350.7937
895.60834	1326.7853
895.65912	1361.9006
895.7099	1427.915
895.76068	1354.8
895.81146	1299.5774
895.86224	1476.8904
895.91309	1431.0601
895.96387	1473.3604
896.01465	1255.0627
896.06543	1327.9882
896.11621	1431.2382
896.16699	1353.1252
896.21783	1461.8793
896.26862	1475.296
896.3194	1423.4304
896.37018	1541.317
896.42096	1546.1593
896.47174	1419.9996
896.52258	1376.5823
896.57336	1391.193
896.62415	1433.1984
896.67493	1396.5385
896.72571	1420.3263
896.77649	1345.5146
896.82733	1451.0078
896.87811	1415.1765
896.92889	1322.749
896.97968	1296.5575
897.03046	1567.7891
897.08124	1287.1017
897.13208	2001.0925
897.18286	1500.3829
897.23364	1388.8966
897.28442	1450.0355
897.33521	1413.7924
897.38599	1353.7451
897.43683	1523.1893
897.48761	1510.696
897.53839	1542.3618
897.58917	1437.4442
897.63995	1398.61
897.69073	1390.0369
897.74158	1328.4117
897.79236	1350.4178
897.84314	1349.9075
897.89392	1437.6365
897.9447	1371.4921
897.99548	1484.3792
898.04633	1570.8679
898.09711	1399.2507
898.14789	1646.9135
898.19867	1344.4497
898.24945	1306.2141
898.30023	1326.873
898.35107	1304.3273
898.40186	1353.5454
898.45264	1406.5531
898.50342	1386.7279
898.5542	1345.8239
898.60498	1369.1127
898.65582	1384.1078
898.7066	1356.1154
898.75739	1645.7186
898.80817	1332.0714
898.85895	1371.5869
898.90973	1397.5554
898.96057	1489.9915
899.01135	1279.1868
899.06213	1313.8513
899.11292	1412.8226
899.1637	1468.5201
899.21448	1468.0099
899.26532	1311.6128
899.3161	1450.3304
899.36688	1381.4286
899.41766	1311.0953
899.46844	1332.9089
899.51923	1338.3474
899.57007	1537.6617
899.62085	1399.5669
899.67163	1360.4475
899.72241	1430.5795
899.77319	1642.8143
899.82397	1757.1339
899.87482	1304.9172
899.9256	1330.1412
899.97638	1436.9701
900.02716	1677.9198
900.07794	1520.3756
900.12872	1413.4478
900.17957	1373.2366
900.23035	1346.6647
900.28113	1614.2416
900.33191	1334.8037
900.38269	1301.0652
900.43347	1405.7195
900.48431	1417.8209
900.5351	1333.1721
900.58588	1306.4633
900.63666	1351.4918
900.68744	1373.8933
900.73822	1317.2405
900.78906	1271.9639
900.83984	1369.2472
900.89063	1397.101
900.94141	1545.0035
900.99219	1690.01
901.04297	1318.9982
901.09381	1303.8981
901.14459	1387.2488
901.19537	1363.1155
901.24615	1407.2759
901.29694	1410.8782
901.34772	1334.2391
901.39856	1318.5273
901.44934	1368.0725
901.50012	1492.0459
901.5509	1406.5469
901.60168	1415.6355
901.65247	1564.0682
901.70331	1409.7344
901.75409	1453.432
901.80487	1502.6167
901.85565	1386.1527
901.90643	1416.1121
901.95721	1347.7533
902.00806	1307.9309
902.05884	1276.5282
902.10962	1322.0157
902.1604	1494.9607
902.21118	1511.7301
902.26196	1370.6797
902.31281	1400.5156
902.36359	1490.1696
902.41437	1414.9017
902.46515	1331.3915
902.51593	1445.4441
902.56671	1513.9479
902.61755	1430.2924
902.66833	1398.2162
902.71912	1516.8851
902.7699	1451.344
902.82068	1288.0426
902.87146	1372.6696
902.9223	1402.3239
902.97308	1491.6149
903.02386	1422.6084
903.07465	1345.3649
903.12543	1373.4215
903.17621	1393.1056
903.22705	1413.2048
903.27783	1676.9399
903.32861	1595.5345
903.37939	1423.6721
903.43018	1461.3723
903.48096	1510.6653
903.5318	1362.5647
903.58258	1336.1604
903.63336	1364.7729
903.68414	1415.3066
903.73492	1351.4342
903.78571	1362.4468
903.83655	1427.7938
903.88733	1475.5615
903.93811	1459.9427
903.98889	1511.2526
904.03967	1416.5554
904.09045	1462.0341
904.1413	1389.876
904.19208	1485.2305
904.24286	1393.4961
904.29364	1333.5778
904.34442	1290.4049
904.3952	1270.2313
904.44604	1310.8237
904.49683	1600.307
904.54761	1560.4774
904.59839	1319.7792
904.64917	1256.1147
904.69995	1438.4407
904.75079	1384.9587
904.80157	1431.1172
904.85236	1419.155
904.90314	1346.6013
904.95392	1330.6371
905.0047	1529.5388
905.05554	1338.2262
905.10632	1397.8297
905.1571	1331.639
905.20789	1359.4052
905.25867	1376.2988
905.30945	1361.248
905.36029	1422.9486
905.41107	1327.0193
905.46185	1363.8093
905.51263	1501.7617
905.56342	1787.0576
905.6142	1342.3562
905.66504	1342.0374
905.71582	1365.9763
905.7666	1422.2155
905.81738	1354.4838
905.86816	1333.4015
905.91895	1350.6583
905.96979	1361.0944
906.02057	1531.4398
906.07135	1466.0005
906.12213	1421.3248
906.17291	1351.5254
906.22369	1379.0591
906.27454	1459.5521
906.32532	1300.1831
906.3761	1327.6096
906.42688	1328.7262
906.47766	1457.4103
906.52844	1453.4934
906.57928	1441.0449
906.63007	1429.0985
906.68085	1302.3141
906.73163	1311.4532
906.78241	1489.1597
906.83319	1600.1187
906.88403	1386.4203
906.93481	1388.967
906.9856	1400.6014
907.03638	1382.9562
907.08716	1341.8549
907.13794	1430.4987
907.18878	1697.281
907.23956	1357.1531
907.29034	1313.5559
907.34113	1394.2927
907.39191	1262.7661
907.44269	1411.2231
907.49353	1430.6779
907.54431	1293.9989
907.59509	1416.6017
907.64587	1754.6945
907.69666	1493.0709
907.74744	1373.7322
907.79828	1566.8672
907.84906	1457.6926
907.89984	1315.9612
907.95062	1393.4811
908.0014	1457.756
908.05219	1395.2947
908.10303	1462.2156
908.15381	1371.4218
908.20459	1339.4993
908.25537	1423.5509
908.30615	1471.4491
908.35693	1323.2566
908.40778	1284.1427
908.45856	1336.4816
908.50934	1474.8876
908.56012	1474.5112
908.6109	1364.5486
908.66168	1461.4132
908.71252	1379.9102
908.76331	1315.3331
908.81409	1331.9617
908.86487	1375.7916
908.91565	1517.1329
908.96643	1449.8365
909.01727	1302.1581
909.06805	1377.6644
909.11884	1428.3547
909.16962	1380.204
909.2204	1307.813
909.27118	1378.0912
909.32202	1389.3658
909.3728	1373.1234
909.42358	1388.387
909.47437	1433.868
909.52515	1449.2043
909.57593	1408.2435
909.62677	1331.3582
909.67755	1350.5342
909.72833	1407.2046
909.77911	1372.8855
909.8299	1384.5038
909.88068	1414.4811
909.93152	1510.1683
909.9823	1491.9143
910.03308	1424.6135
910.08386	1389.7886
910.13464	1319.4495
910.18542	1259.6447
910.23627	1400.7308
910.28705	1375.7305
910.33783	1414.3544
910.38861	1363.6219
910.43939	1399.4796
910.49017	1524.2443
910.54102	1675.327
910.5918	1584.636
910.64258	1518.4762
910.69336	1395.6052
910.74414	1360.2581
910.79492	1363.3237
910.84576	1422.3003
910.89655	1496.6344
910.94733	1653.7041
910.99811	1445.5377
911.04889	1318.6458
911.09967	1306.3971
911.15051	1343.559
911.20129	1379.5975
911.25208	1296.973
911.30286	1308.6511
911.35364	1279.1398
911.40442	1308.3964
911.45526	1310.0743
911.50604	1262.5267
911.55682	1507.8926
911.6076	1470.417
911.65839	1401.2
911.70917	1399.2098
911.76001	1383.2488
911.81079	1430.2227
911.86157	1385.9222
911.91235	1390.0765
911.96313	1297.9146
912.01392	1349.5992
912.06476	1305.3402
912.11554	1280.8993
912.16632	1316.8556
912.2171	1354.4666
912.26788	1356.5004
912.31866	1361.0818
912.36951	1281.6006
912.42029	1320.9104
912.47107	1670.7471
912.52185	1516.1266
912.57263	1288.532
912.62341	1440.35
912.67426	1322.7999
912.72504	1484.6669
912.77582	1326.7415
912.8266	1391.8613
912.87738	1365.5787
912.92816	1346.7004
912.979	1445.0306
913.02979	1353.0214
913.08057	1286.089
913.13135	1356.723
913.18213	1274.6295
913.23291	1318.6433
913.28375	1432.0354
913.33453	1589.2882
913.38531	1504.8336
913.4361	1376.8752
913.48688	1465.1605
913.53766	1796.072
913.5885	1387.4166
913.63928	1373.8429
913.69006	1445.618
913.74084	1311.9703
913.79163	1334.6918
913.84241	1404.1112
913.89325	1343.2749
913.94403	1366.7885
913.99481	1398.0012
914.04559	1258.8833
914.09637	1324.4698
914.14716	1310.9065
914.198	1354.533
914.24878	1342.9521
914.29956	1315.8871
914.35034	1361.0508
914.40112	1487.4821
914.4519	1451.5682
914.50275	1483.9528
914.55353	1495.1774
914.60431	1472.8276
914.65509	1286.2054
914.70587	1417.5028
914.75665	1541.7534
914.8075	1450.0242
914.85828	1386.9288
914.90906	1377.8396
914.95984	1346.6737
915.01062	1344.4702
915.0614	1357.6791
915.11224	1387.2374
915.16302	1416.4426
915.21381	1457.7411
915.26459	1639.382
915.31537	1502.5475
915.36615	1395.1161
915.41699	1330.8312
915.46777	1308.9034
915.51855	1345.0753
915.56934	1404.0186
915.62012	1410.9585
915.6709	1428.1941
915.72174	1392.4725
915.77252	1435.3126
915.8233	1407.6375
915.87408	1393.3168
915.92487	1490.2388
915.97565	1403.8752
916.02649	1342.363
916.07727	1376.863
916.12805	1431.0742
916.17883	1378.7396
916.22961	1391.5309
916.2804	1371.3997
916.33118	1291.9865
916.38202	1320.2662
916.4328	1327.7491
916.48358	1368.9551
916.53436	1367.8705
916.58514	1351.9998
916.63593	1333.6704
916.68677	1552.1968
916.73755	1490.6841
916.78833	1305.1624
916.83911	1427.0562
916.88989	1418.9476
916.94067	1342.0145
916.99152	1312.6172
917.0423	1374.4785
917.09308	1370.6028
917.14386	1318.5073
917.19464	1356.9358
917.24542	1416.9779
917.29626	1400.2142
917.34705	1317.3624
917.39783	1509.225
917.44861	1430.6455
917.49939	1478.8157
917.55017	1288.6132
917.60101	1754.0817
917.65179	1824.3936
917.70258	1555.931
917.75336	1382.0929
917.80414	1294.3824
917.85492	1451.7354
917.90576	1602.5428
917.95654	1368.9071
918.00732	1312.1208
918.05811	1350.4575
918.10889	1602.9541
918.15967	1501.9487
918.21051	1345.7688
918.26129	1481.1953
918.31207	1582.4553
918.36285	1472.6606
918.41364	1363.0327
918.46442	1222.8995
918.51526	1269.4476
918.56604	1360.7782
918.61682	1405.7837
918.6676	1290.7346
918.71838	1304.1113
918.76917	1322.3531
918.82001	1288.3644
918.87079	1268.0184
918.92157	1350.7339
918.97235	1357.969
919.02313	1383.2981
919.07391	1701.673
919.12476	1403.809
919.17554	1439.1819
919.22632	1355.6981
919.2771	1387.266
919.32788	1588.0654
919.37866	1425.6273
919.4295	1329.6351
919.48029	1353.2869
919.53107	1413.8082
919.58185	1359.4733
919.63263	1378.4834
919.68341	1587.1133
919.73425	2003.8575
919.78503	1454.3765
919.83582	1362.9102
919.8866	1528.2086
919.93738	1338.7168
919.98816	1389.1234
920.039	1375.3511
920.08978	1330.0834
920.14056	1254.5166
920.19135	1293.5273
920.24213	1395.1213
920.29291	1530.6362
920.34375	1332.3154
920.39453	1362.9012
920.44531	1416.37
920.49609	1353.838
920.54688	1293.9357
920.59766	1312.838
920.6485	1399.847
920.69928	1384.6577
920.75006	1297.1078
920.80084	1441.9484
920.85162	1510.5077
920.9024	1351.832
920.95325	1299.8092
921.00403	1354.8728
921.05481	1443.5599
921.10559	1415.8185
921.15637	1287.0479
921.20715	1283.6158
921.258	1350.8704
921.30878	1372.4098
921.35956	1503.0741
921.41034	1599.1013
921.46112	1349.705
921.5119	1346.3583
921.56274	1429.2146
921.61353	1528.0117
921.66431	1398.5353
921.71509	1334.6351
921.76587	1280.5601
921.81665	1522.5803
921.86749	1334.4719
921.91827	1298.1653
921.96906	1394.502
922.01984	1354.4833
922.07062	1374.4858
922.1214	1378.8875
922.17224	1946.4487
922.22302	1524.7212
922.2738	1388.3275
922.32458	1444.0385
922.37537	1379.512
922.42615	1371.5784
922.47699	1333.3094
922.52777	1353.8326
922.57855	1418.6967
922.62933	1448.9594
922.68011	1368.7883
922.7309	1275.205
922.78174	1357.1561
922.83252	1408.0145
922.8833	1337.6864
922.93408	1342.3419
922.98486	1321.5906
923.03564	1297.6249
923.08649	1433.3456
923.13727	1405.2571
923.18805	1346.5037
923.23883	1310.8472
923.28961	1334.6945
923.34039	1331.0813
923.39124	1344.8873
923.44202	1412.5447
923.4928	1288.1879
923.54358	1369.7343
923.59436	1491.6571
923.64514	1567.6772
923.69598	1334.7737
923.74677	1252.788
923.79755	1285.271
923.84833	1385.6649
923.89911	1375.7299
923.94989	1256.0112
924.00073	1310.0398
924.05151	1301.7687
924.10229	1484.4751
924.15308	1371.1012
924.20386	1382.5454
924.25464	1320.8494
924.30548	1321.5708
924.35626	1440.9801
924.40704	1375.9364
924.45782	1284.9587
924.50861	1294.1483
924.55939	1372.3
924.61023	1313.2389
924.66101	1281.8124
924.71179	1327.0911
924.76257	1324.1772
924.81335	1276.6499
924.86414	1383.4966
924.91498	1673.6968
924.96576	1502.7261
925.01654	1460.6061
925.06732	1424.5162
925.1181	1393.4443
925.16888	1359.619
925.21973	1490.3632
925.27051	1732.0229
925.32129	1311.9198
925.37207	1305.1667
925.42285	1315.9114
925.47363	1260.6176
925.52448	1404.9833
925.57526	1363.0258
925.62604	1235.859
925.67682	1392.4795
925.7276	1633.4255
925.77838	1430.6552
925.82922	1305.6416
925.88	1497.4609
925.93079	1455.3352
925.98157	1316.1506
926.03235	1387.3975
926.08313	1446.7517
926.13397	1388.0167
926.18475	1372.4412
926.23553	1432.9979
926.28632	1321.7974
926.3371	1352.6433
926.38788	1484.97
926.43872	1388.6604
926.4895	1398.9924
926.54028	1348.9783
926.59106	1413.7372
926.64185	1502.3901
926.69263	1321.1224
926.74347	1386.9906
926.79425	1318.9766
926.84503	1272.4183
926.89581	1288.9874
926.94659	1318.964
926.99738	1464.4878
927.04822	1411.0383
927.099	1264.6821
927.14978	1275.6407
927.20056	1333.6071
927.25134	1308.3179
927.30212	1406.3579
927.35297	1310.387
927.40375	1366.4553
927.45453	1346.67
927.50531	1392.3837
927.55609	1462.6813
927.60687	1419.4587
927.65771	1386.4628
927.7085	1317.8562
927.75928	1356.9825
927.81006	1444.3518
927.86084	1432.3278
927.91162	1358.951
927.96246	1335.0065
928.01324	1470.0818
928.06403	1520.4496
928.11481	1383.353
928.16559	1364.9979
928.21637	1303.9327
928.26721	1282.1514
928.31799	1303.6802
928.36877	1406.0806
928.41956	1336.4432
928.47034	1380.832
928.52112	1449.5071
928.57196	1443.9625
928.62274	1789.0941
928.67352	1589.2793
928.7243	1399.5607
928.77509	1361.8416
928.82587	1337.3032
928.87671	1338.7083
928.92749	1334.1621
928.97827	1470.5377
929.02905	1527.1754
929.07983	1359.9601
929.13062	1310.2734
929.18146	1333.2367
929.23224	1340.2063
929.28302	1339.8337
929.3338	1310.7675
929.38458	1361.6243
929.43536	1282.0891
929.48621	1322.0166
929.53699	1309.2339
929.58777	1316.6519
929.63855	1589.7096
929.68933	1450.4092
929.74011	1464.9607
929.79095	1369.9364
929.84174	1285.5638
929.89252	1383.7813
929.9433	1389.897
929.99408	1349.4338
930.04486	1315.0569
930.0957	1355.3861
930.14648	1366.3317
930.19727	1247.7665
930.24805	1328.722
930.29883	1287.344
930.34961	1319.9556
930.40045	1319.4521
930.45123	1330.2952
930.50201	1316.2749
930.5528	1699.5566
930.60358	1450.7722
930.65436	1290.5708
930.7052	1394.1875
930.75598	1287.4708
930.80676	1316.3478
930.85754	1298.5612
930.90833	1383.4227
930.95911	1371.9951
931.00995	1408.7396
931.06073	1471.5787
931.11151	1327.6056
931.16229	1278.5713
931.21307	1336.0817
931.26385	1229.2643
931.3147	1294.2374
931.36548	1395.0927
931.41626	1485.233
931.46704	1480.3217
931.51782	1398.4547
931.5686	1590.9711
931.61945	1743.3442
931.67023	1315.8723
931.72101	1386.2554
931.77179	1388.1274
931.82257	1340.5062
931.87335	1386.7045
931.92419	1382.9503
931.97498	1355.7909
932.02576	1381.0676
932.07654	1378.7201
932.12732	1338.2899
932.1781	1368.6439
932.22894	1359.1443
932.27972	1358.7816
932.33051	1316.3171
932.38129	1296.2993
932.43207	1390.0255
932.48285	1441.2264
932.53369	1375.3931
932.58447	1364.9043
932.63525	1501.7654
932.68604	1413.6992
932.73682	1290.5707
932.7876	1488.3339
932.83844	1578.5549
932.88922	1445.3091
932.94	1400.3811
932.99078	1331.5674
933.04156	1225.7151
933.09235	1381.0028
933.14319	1406.5442
933.19397	1402.2902
933.24475	1305.0844
933.29553	1356.405
933.34631	1525.9296
933.39709	1497.3286
933.44794	1330.7874
933.49872	1327.2252
933.5495	1326.3254
933.60028	1264.8922
933.65106	1292.8431
933.70184	1277.775
933.75269	1424.8782
933.80347	1348.2805
933.85425	1583.3867
933.90503	1349.995
933.95581	1464.1484
934.00659	1592.0364
934.05743	1376.7112
934.10822	1370.8627
934.159	1346.5988
934.20978	1334.7446
934.26056	1294.864
934.31134	1311.2915
934.36218	1317.962
934.41296	1274.4194
934.46375	1387.437
934.51453	1368.0073
934.56531	1528.3804
934.61609	1393.126
934.66693	1341.8555
934.71771	1467.5258
934.76849	1992.174
934.81927	1444.3641
934.87006	1196.3782
934.92084	1232.1786
934.97168	1311.8679
935.02246	1219.5808
935.07324	1300.8625
935.12402	1348.829
935.1748	1302.5413
935.22559	1281.6772
935.27643	1461.6804
935.32721	1502.5948
935.37799	1312.267
935.42877	1335.1473
935.47955	1563.6001
935.53033	1436.9812
935.58118	1535.6665
935.63196	1570.3889
935.68274	2284.595
935.73352	1982.7516
935.7843	1639.85
935.83508	1340.4556
935.88593	1268.5798
935.93671	1365.2605
935.98749	1360.9534
936.03827	1344.0415
936.08905	1342.4069
936.13983	1372.4016
936.19067	1425.5614
936.24146	1400.1289
936.29224	1482.4486
936.34302	1762.7764
936.3938	1626.4877
936.44458	1239.4075
936.49542	1267.7307
936.5462	1271.7511
936.59698	1283.8562
936.64777	1335.3907
936.69855	1405.0875
936.74933	1365.7552
936.80017	1347.4418
936.85095	1420.3101
936.90173	1383.7885
936.95251	1362.7385
937.0033	1318.1102
937.05408	1315.3271
937.10492	1341.28
937.1557	1380.8875
937.20648	1533.701
937.25726	1466.5558
937.30804	1355.1417
937.35883	1781.6399
937.40967	1592.1429
937.46045	1382.1154
937.51123	1297.8829
937.56201	1465.9353
937.61279	1335.3341
937.66357	1331.6404
937.71442	1501.7869
937.7652	2670.8643
937.81598	1685.3016
937.86676	1307.2588
937.91754	1431.03
937.96832	1348.2935
938.01917	1309.791
938.06995	1419.0922
938.12073	1380.4183
938.17151	1232.7993
938.22229	1367.3325
938.27307	1242.9692
938.32391	1437.1174
938.37469	1486.6252
938.42548	1349.0802
938.47626	1385.6605
938.52704	1313.7286
938.57782	1233.7439
938.62866	1369.6212
938.67944	1389.7976
938.73022	1328.6492
938.78101	1194.8248
938.83179	1329.2509
938.88257	1576.9314
938.93341	1447.6133
938.98419	1316.3922
939.03497	1274.0743
939.08575	1366.0707
939.13654	1393.4503
939.18732	1283.1541
939.23816	1247.1229
939.28894	1250.2222
939.33972	1428.9188
939.3905	1497.0106
939.44128	1460.3766
939.49207	1340.3728
939.54291	1283.442
939.59369	1417.2473
939.64447	1564.6812
939.69525	1831.4955
939.74603	1506.9473
939.79681	1382.4301
939.84766	1491.532
939.89844	1842.1631
939.94922	1300.9336
940	1331.5938
