740	1759.756
740.05078	1773.9615
740.10156	2091.0564
740.1524	1831.2627
740.20319	1799.3907
740.25397	1853.3103
740.30475	1893.1479
740.35559	1819.4849
740.40637	1774.364
740.45715	1744.1747
740.50793	1646.4507
740.55878	1692.7245
740.60956	1834.1254
740.66034	2254.0154
740.71112	1647.6283
740.76196	1645.526
740.81274	1920.3723
740.86353	1636.675
740.91431	1786.3833
740.96515	1873.6295
741.01593	1832.7358
741.06671	1647.5648
741.11749	1675.8513
741.16833	1633.71
741.21912	1695.407
741.2699	1699.1123
741.32068	1935.3586
741.37152	1947.9745
741.4223	1616.548
741.47308	1690.3773
741.52386	1682.3477
741.57471	1643.2228
741.62549	2060.5139
741.67627	1764.9233
741.72705	1590.0059
741.77789	1563.4698
741.82867	1590.4009
741.87946	1617.9144
741.93024	1601.3246
741.98108	1619.7195
742.03186	1606.7115
742.08264	1534.1862
742.13342	1560.4558
742.18427	1595.4937
742.23505	1699.3601
742.28583	1643.7075
742.33661	1572.9932
742.38745	1547.7261
742.43823	1526.6692
742.48901	1569.4353
742.53979	1521.0784
742.59064	1529.3925
742.64142	1581.9523
742.6922	1639.4885
742.74298	1680.6362
742.79382	1594.2197
742.8446	1548.4735
742.89539	1700.6278
742.94617	1846.9084
742.99701	1823.5616
743.04779	2128.335
743.09857	1520.6636
743.14935	1486.7086
743.20013	1458.4041
743.25098	1419.359
743.30176	1549.5967
743.35254	1857.939
743.40332	1475.5293
743.45416	1560.4723
743.50494	1547.8925
743.55573	1529.8823
743.60651	1999.0577
743.65735	1484.5718
743.70813	1413.7489
743.75891	1543.392
743.80969	1627.1556
743.86053	1469.1
743.91132	1340.286
743.9621	1314.0082
744.01288	1448.7211
744.06372	1446.1597
744.1145	1456.3496
744.16528	1564.2985
744.21606	1372.119
744.26691	1376.9197
744.31769	1447.8307
744.36847	1507.9817
744.41925	1519.8367
744.47009	1920.0526
744.52087	1549.7465
744.57166	1467.6884
744.62244	1443.4458
744.67328	1497.2751
744.72406	1431.2424
744.77484	2011.3654
744.82562	1574.4346
744.87646	1440.9034
744.92725	1581.4672
744.97803	1516.0748
745.02881	1406.1663
745.07965	1440.03
745.13043	1456.8168
745.18121	1450.8918
745.23199	1531.3367
745.28284	1487.0277
745.33362	1456.9916
745.3844	1479.0811
745.43518	1441.6223
745.48602	1529.3201
745.5368	1472.1011
745.58759	1483.1598
745.63837	1457.5596
745.68921	1416.5122
745.73999	1506.2654
745.79077	1394.6682
745.84155	1393.9254
745.8924	2019.9188
745.94318	1850.2822
745.99396	1456.6769
746.04474	1549.5266
746.09558	1556.6113
746.14636	1451.611
746.19714	1402.7395
746.24792	1359.9565
746.29877	1323.939
746.34955	1662.9004
746.40033	1673.7484
746.45111	1473.8798
746.50189	1548.8632
746.55273	1456.2999
746.60352	1404.6565
746.6543	1276.9657
746.70508	1407.5938
746.75592	1734.4766
746.8067	1893.0308
746.85748	1461.8579
746.90826	1429.0535
746.95911	1538.916
747.00989	1424.7213
747.06067	1403.7498
747.11145	1364.1068
747.16229	1367.0452
747.21307	1451.3724
747.26385	1525.4197
747.31464	1366.0784
747.36548	1498.1205
747.41626	1533.9211
747.46704	1395.2479
747.51782	1302.1129
747.56866	1472.7767
747.61945	1354.2225
747.67023	1296.3674
747.72101	1411.8169
747.77185	1395.9536
747.82263	1358.0521
747.87341	1474.901
747.92419	1269.4965
747.97504	1318.8934
748.02582	1306.7834
748.0766	1320.5093
748.12738	1576.0615
748.17822	1531.1263
748.229	1372.2311
748.27979	1426.5994
748.33057	1482.8601
748.38141	1490.885
748.43219	1227.4208
748.48297	1322.798
748.53375	2003.6919
748.58459	1540.3309
748.63538	1880.6886
748.68616	1459.2672
748.73694	1286.5847
748.78778	1604.2621
748.83856	1280.2813
748.88934	1395.7821
748.94012	1693.9197
748.99097	1398.2278
749.04175	1418.3842
749.09253	1447.5503
749.14331	1473.1849
749.19415	1434.8931
749.24493	1620.5864
749.29572	1516.3021
749.3465	1422.5012
749.39734	1453.0073
749.44812	1332.5175
749.4989	1365.1656
749.54968	1384.2775
749.60046	1304.2538
749.65131	1325.8011
749.70209	1336.0564
749.75287	1243.8324
749.80365	1220.14
749.85449	1306.7325
749.90527	1353.4629
749.95605	1274.6877
750.00684	1297.7755
750.05768	1461.8345
750.10846	1447.7277
750.15924	1392.2125
750.21002	1492.3984
750.26086	1526.1984
750.31165	1408.9507
750.36243	1409.5146
750.41321	1421.174
750.46405	1341.9954
750.51483	1374.1064
750.56561	1405.9015
750.61639	1378.3229
750.66724	1392.3723
750.71802	1432.743
750.7688	1473.424
750.81958	1485.4364
750.87042	1414.2225
750.9212	1292.9969
750.97198	1255.8801
751.02277	1419.6649
751.07361	1675.125
751.12439	1596.1255
751.17517	1320.5398
751.22595	1332.6761
751.27679	1344.5516
751.32758	1271.0909
751.37836	1291.7328
751.42914	1249.8986
751.47998	1191.1016
751.53076	1357.6107
751.58154	1279.1211
751.63232	1389.9105
751.68317	1763.825
751.73395	1476.1176
751.78473	1298.4459
751.83551	1319.819
751.88635	1358.929
751.93713	1422.2771
751.98792	1319.4617
752.0387	1291.6547
752.08954	1310.7882
752.14032	1245.3845
752.1911	1391.1135
752.24188	1282.8593
752.29272	1245.5684
752.34351	1585.1901
752.39429	1283.8241
752.44507	1190.3153
752.49591	1253.4347
752.54669	1302.8314
752.59747	1442.8678
752.64825	1330.0343
752.6991	1443.4576
752.74988	1415.6794
752.80066	1365.1851
752.85144	1649.3372
752.90222	1547.4069
752.95306	1294.5331
753.00385	1310.9482
753.05463	1272.8477
753.10541	1369.6407
753.15625	1403.879
753.20703	1420.5405
753.25781	1350.3187
753.30859	1441.4408
753.35944	1407.9789
753.41022	1311.6964
753.461	1228.6392
753.51178	1506.6807
753.56262	1334.1969
753.6134	1986.8379
753.66418	1598.2742
753.71497	1310.2487
753.76581	1374.0774
753.81659	1425.3209
753.86737	1341.9457
753.91815	1493.0884
753.96899	1526.6603
754.01978	1512.2832
754.07056	1499.7262
754.12134	1354.0673
754.17218	1305.7238
754.22296	1285.4985
754.27374	1333.9971
754.32452	1276.95
754.37537	1315.6779
754.42615	1383.2571
754.47693	1424.3119
754.52771	1524.7643
754.57855	1403.7772
754.62933	1472.6583
754.68011	1457.0321
754.7309	1272.1089
754.78174	1271.1044
754.83252	1246.0106
754.8833	1238.9724
754.93408	1293.2563
754.98492	1369.7325
755.03571	1342.4908
755.08649	1264.7219
755.13727	1286.9022
755.18811	1276.496
755.23889	1424.9874
755.28967	1573.923
755.34045	1263.5295
755.3913	1307.6843
755.44208	1417.1995
755.49286	1378.0487
755.54364	1260.6178
755.59448	1324.3038
755.64526	1351.4696
755.69604	1366.8829
755.74683	1351.3253
755.79767	1272.7599
755.84845	1447.8807
755.89923	1374.4739
755.95001	1338.5912
756.00079	1290.7361
756.05164	1410.7698
756.10242	1618.3325
756.1532	1394.7236
756.20398	1345.7576
756.25482	1319.0559
756.3056	1660.7739
756.35638	1885.4286
756.40717	1254.6569
756.45801	1327.8817
756.50879	1299.4906
756.55957	1793.2607
756.61035	1519.0449
756.66119	1384.105
756.71198	1391.2878
756.76276	1245.9175
756.81354	1661.7396
756.86438	1325.5082
756.91516	1130.0719
756.96594	1304.3741
757.01672	1441.755
757.06757	1253.0258
757.11835	1276.7703
757.16913	1311.2899
757.21991	1423.4386
757.27075	1263.1219
757.32153	1197.2444
757.37231	1312.0607
757.4231	1356.1261
757.47394	1327.8687
757.52472	1881.5426
757.5755	1398.0742
757.62628	1274.7292
757.67712	1336.9276
757.72791	1327.1415
757.77869	1334.2328
757.82947	1431.994
757.88031	1289.5452
757.93109	1271.7725
757.98187	1242.5996
758.03265	1430.0365
758.0835	1475.0568
758.13428	1283.9496
758.18506	1435.9519
758.23584	1494.969
758.28668	1363.2548
758.33746	1560.5507
758.38824	1386.4541
758.43903	1399.6843
758.48987	1342.3961
758.54065	1293.7458
758.59143	1291.6842
758.64221	1253.5625
758.69305	1276.8351
758.74384	1533.2124
758.79462	1420.2057
758.8454	1306.35
758.89624	1414.1124
758.94702	1458.3159
758.9978	1340.7924
759.04858	1281.4147
759.09943	1341.7074
759.15021	1438.3112
759.20099	1398.957
759.25177	1377.0103
759.30255	1501.4696
759.35339	1446.7683
759.40417	1285.823
759.45496	1304.0857
759.50574	1317.0807
759.55658	1421.9458
759.60736	1421.6357
759.65814	1241.1033
759.70892	1291.0131
759.75977	1342.2845
759.81055	1271.1985
759.86133	1493.3958
759.91211	1655.8772
759.96295	1331.2064
760.01373	1365.4991
760.06451	1457.5555
760.1153	1350.9254
760.16614	1245.2631
760.21692	1284.3291
760.2677	1295.8704
760.31848	1348.1351
760.36932	1209.1279
760.4201	1336.0271
760.47089	1442.0474
760.52167	1411.546
760.57251	1337.0533
760.62329	1411.0183
760.67407	1280.1755
760.72485	1387.4586
760.7757	1374.783
760.82648	1479.8632
760.87726	1289.489
760.92804	1248.1051
760.97888	1235.8912
761.02966	1292.5214
761.08044	1279.8485
761.13123	1536.9781
761.18207	1354.5984
761.23285	1216.3502
761.28363	1293.532
761.33441	1454.0785
761.38525	1287.8129
761.43604	1312.7991
761.48682	1344.8021
761.5376	1245.7367
761.58844	1214.9034
761.63922	1562.2344
761.69	1311.4347
761.74078	1343.1747
761.79163	1329.3572
761.84241	1318.7576
761.89319	1360.1781
761.94397	1334.2719
761.99481	1344.879
762.04559	1140.1309
762.09637	1314.494
762.14716	1490.7493
762.198	1795.3928
762.24878	1168.5969
762.29956	1271.7327
762.35034	1219.5586
762.40112	1324.2318
762.45197	1319.0706
762.50275	1246.7059
762.55353	1305.1259
762.60431	1307.5249
762.65515	1510.6691
762.70593	1331.1364
762.75671	1328.8619
762.8075	1267.8673
762.85834	1200.217
762.90912	1402.8529
762.9599	1318.8965
763.01068	1229.1182
763.06152	1193.1438
763.1123	1303.9989
763.16309	1272.1324
763.21387	1241.1613
763.26471	1331.121
763.31549	1268.3243
763.36627	1233.2277
763.41705	1380.3379
763.4679	1665.9775
763.51868	1468.3156
763.56946	1334.5209
763.62024	1327.5308
763.67108	1329
763.72186	1339.3073
763.77264	1390.7574
763.82343	1744.3984
763.87427	1556.8674
763.92505	1332.7289
763.97583	1349.7311
764.02661	1290.5596
764.07745	1297.72
764.12823	1413.1481
764.17902	1299.5033
764.2298	1292.6593
764.28064	1528.7241
764.33142	1476.4507
764.3822	1302.2224
764.43298	1436.765
764.48383	1502.8335
764.53461	1379.7429
764.58539	1292.1783
764.63617	1364.5255
764.68701	1443.177
764.73779	1380.7019
764.78857	1311.2715
764.83936	1298.723
764.8902	1290.8739
764.94098	1358.7172
764.99176	1407.2439
765.04254	1310.6791
765.09338	1298.0781
765.14417	1327.8047
765.19495	1395.1121
765.24573	1421.0521
765.29657	1316.3571
765.34735	1301.6337
765.39813	1234.2291
765.44891	1251.4437
765.49976	1269.8678
765.55054	1319.2789
765.60132	1474.3854
765.6521	1437.3439
765.70288	1256.3479
765.75372	1284.8411
765.8045	1342.7192
765.85529	1302.5596
765.90607	1313.8937
765.95691	1351.7023
766.00769	1377.4779
766.05847	1450.3798
766.10925	1458.8115
766.1601	1535.1649
766.21088	1476.0015
766.26166	1398.4148
766.31244	1301.855
766.36328	1261.925
766.41406	1441.583
766.46484	1411.311
766.51563	1322.8857
766.56647	1408.8842
766.61725	1346.2089
766.66803	1612.3074
766.71881	1403.9689
766.76965	1379.778
766.82043	1302.1685
766.87122	1297.6505
766.922	1300.068
766.97284	1301.8525
767.02362	1408.573
767.0744	1251.5308
767.12518	1277.474
767.17603	1404.6902
767.22681	1506.7435
767.27759	1941.2063
767.32837	1477.3268
767.37921	1340.2173
767.42999	1344.8242
767.48077	1339.0344
767.53156	1305.48
767.5824	1385.3334
767.63318	1515.1594
767.68396	1600.363
767.73474	1308.7463
767.78558	1347.9064
767.83636	1275.4795
767.88715	1329.5842
767.93793	1320.5913
767.98877	1258.7435
768.03955	1330.6609
768.09033	1202.6902
768.14111	1238.7894
768.19196	1270.2736
768.24274	1289.2144
768.29352	1635.4948
768.3443	1473.6453
768.39514	1382.1886
768.44592	1467.5583
768.4967	1345.3896
768.54749	1360.438
768.59833	1382.1658
768.64911	1279.0544
768.69989	1227.4419
768.75067	1404.9539
768.80145	1309.2367
768.85229	1272.1945
768.90308	1320.1416
768.95386	1243.5918
769.00464	1341.6017
769.05548	1405.4025
769.10626	1280.2007
769.15704	1267.3352
769.20782	1669.0161
769.25867	1656.1563
769.30945	1362.2905
769.36023	1400.6824
769.41101	1354.2466
769.46185	1293.1931
769.51263	1220.0488
769.56342	1314.937
769.6142	1362.1798
769.66504	1330.4908
769.71582	1410.4865
769.7666	1399.0769
769.81738	1239.8641
769.86823	1280.5901
769.91901	1230.0641
769.96979	1226.8831
770.02057	1254.5448
770.07141	1351.8229
770.12219	1496.8478
770.17297	1420.1158
770.22375	1389.3376
770.2746	1759.931
770.32538	1608.6514
770.37616	1276.6624
770.42694	1458.4244
770.47778	1516.6261
770.52856	1409.4611
770.57935	1359.0306
770.63013	1330.6833
770.68097	1352.9432
770.73175	1364.4459
770.78253	1304.8708
770.83331	1303.7745
770.88416	1334.9806
770.93494	1308
770.98572	1301.946
771.0365	1316.0642
771.08734	1294.6254
771.13812	1366.7515
771.1889	1470.3037
771.23969	1364.1119
771.29053	1324
771.34131	1446.4247
771.39209	1492.0081
771.44287	1276.2112
771.49371	1390.6127
771.54449	1561.4597
771.59528	1413.0186
771.64606	1372.1165
771.6969	1363.0522
771.74768	1269.9875
771.79846	1309.0111
771.84924	1399.3367
771.90002	1296.1532
771.95087	1370.5411
772.00165	1340.1805
772.05243	1514.637
772.10321	1643.8793
772.15405	1479.3813
772.20483	1304.639
772.25562	1322.1296
772.3064	1259.1168
772.35724	1251.1232
772.40802	1405.2017
772.4588	1357.613
772.50958	1473.1147
772.56042	1432.8025
772.61121	1638.6166
772.66199	1367.3771
772.71277	1493.225
772.76361	1666.9735
772.81439	1345.408
772.86517	1339.2964
772.91595	1287.2311
772.9668	1338.0558
773.01758	1351.5792
773.06836	1289.6764
773.11914	1301.1364
773.16998	1362.9094
773.22076	1382.2327
773.27155	1407.2954
773.32233	1573.5826
773.37317	1394.6146
773.42395	1356.5875
773.47473	1498.2858
773.52551	2026.6039
773.57635	1499.682
773.62714	1279.6643
773.67792	1243.2412
773.7287	1363.9767
773.77954	1294.4857
773.83032	1342.2513
773.8811	1385.8197
773.93188	1393.3689
773.98273	1294.2196
774.03351	1391.3566
774.08429	1555.5356
774.13507	1335.5383
774.18591	1348.1844
774.23669	1591.728
774.28748	1478.7571
774.33826	1617.7017
774.3891	1360.2515
774.43988	2257.2544
774.49066	2028.2915
774.54144	1634.7383
774.59229	1416.1755
774.64307	1292.6925
774.69385	1355.8296
774.74463	1372.3729
774.79547	1449.4512
774.84625	1386.3893
774.89703	1358.6714
774.94781	1610.5065
774.99866	1470.6912
775.04944	1398.7841
775.10022	1569.2906
775.151	1821.8698
775.20178	1346.401
775.25262	1425.8376
775.30341	1326.6273
775.35419	1314.7205
775.40497	1270.5027
775.45581	1412.2531
775.50659	1589.8573
775.55737	1386.5352
775.60815	1340.7559
775.659	1434.3033
775.70978	1335.8308
775.76056	1369.1768
775.81134	1348.9481
775.86218	1411.8115
775.91296	1425.7992
775.96375	1450.7406
776.01453	1511.0013
776.06537	1410.2494
776.11615	1360.4642
776.16693	1720.5635
776.21771	1545.6719
776.26855	1409.551
776.31934	1356.5598
776.37012	1596.0109
776.4209	1395.1847
776.47174	1303.1864
776.52252	1436.6506
776.5733	2186.4858
776.62408	1736.8522
776.67493	1471.8771
776.72571	1481.0795
776.77649	1433.5295
776.82727	1416.6517
776.87811	1443.9078
776.92889	1447.6149
776.97968	1327.8215
777.03046	1325.4351
777.0813	1375.6229
777.13208	1439.01
777.18286	1448.1044
777.23364	1384.1792
777.28448	1412.9814
777.33527	1382.2064
777.38605	1345.6539
777.43683	1387.7501
777.48767	1439.9839
777.53845	1439.3961
777.58923	1327.269
777.64001	1321.2284
777.69086	1422.2593
777.74164	1475.8358
777.79242	1599.239
777.8432	1472.2142
777.89404	1389.2889
777.94482	1457.2
777.99561	1438.7625
778.04639	1344.7247
778.09723	1273.0708
778.14801	1329.8474
778.19879	1420.7994
778.24957	1622.429
778.30035	1582.3215
778.3512	1358.0677
778.40198	1398.3759
778.45276	1445.9337
778.50354	1541.0325
778.55438	1583.1765
778.60516	1458.3025
778.65594	1488.8337
778.70673	1687.7032
778.75757	1674.1111
778.80835	1342.9994
778.85913	1343.8988
778.90991	1345.3835
778.96075	1365.7018
779.01154	1401.8381
779.06232	1958.6965
779.1131	2343.8164
779.16394	1445.3278
779.21472	1358.6436
779.2655	1429.0602
779.31628	1388.3746
779.36713	1369.8151
779.41791	1341.3353
779.46869	1424.9716
779.51947	1369.51
779.57031	1413.4999
779.62109	1499.4625
779.67188	1472.3446
779.72266	1478.5901
779.7735	1463.2294
779.82428	1407.3132
779.87506	1371.3934
779.92584	1316.0342
779.97668	1331.587
780.02747	1418.5709
780.07825	1404.4199
780.12903	1309.5647
780.17987	1450.0614
780.23065	1427.2209
780.28143	1370.9958
780.33221	1297.5134
780.38306	1393.2555
780.43384	1546.8237
780.48462	1529.4834
780.5354	1749.1058
780.58624	1347.3044
780.63702	1347.9319
780.68781	1511.2268
780.73859	1320.8105
780.78943	1389.0337
780.84021	1682.6139
780.89099	1407.324
780.94177	1406.1866
780.99261	1355.8727
781.0434	1518.8147
781.09418	1429.0093
781.14496	1526.3114
781.1958	1388.5651
781.24658	1319.0027
781.29736	1419.455
781.34814	1303.3895
781.39899	1410.4349
781.44977	1444.9849
781.50055	1358.6373
781.55133	1341.9121
781.60211	1309.5895
781.65295	1372.0745
781.70374	1309.0242
781.75452	1322.3296
781.8053	1325.8416
781.85614	1348.8053
781.90692	1515.5737
781.9577	1588.9692
782.00848	1414.1788
782.05933	1461.1454
782.11011	1469.856
782.16089	1437.5305
782.21167	1626.0259
782.26251	1361.8364
782.31329	1387.729
782.36407	1364.759
782.41486	1366.3282
782.4657	1486.3257
782.51648	1393.1292
782.56726	1403.3879
782.61804	1404.1558
782.66888	1476.4644
782.71967	1419.9242
782.77045	1518.2377
782.82123	1279.2844
782.87207	1475.7107
782.92285	1524.4819
782.97363	1593.22
783.02441	1392.7616
783.07526	1423.2985
783.12604	1390.9761
783.17682	1353.6161
783.2276	1495.5056
783.27844	1348.8486
783.32922	1302.9396
783.38	1371.8893
783.43079	1353.1113
783.48163	1357.5851
783.53241	1512.1277
783.58319	1562.0505
783.63397	1564.9076
783.68481	1381.2294
783.7356	1378.6642
783.78638	1420.7772
783.83716	1391.3306
783.888	1373.2396
783.93878	1302.2998
783.98956	1339.5986
784.04034	1377.0063
784.09119	1378.0334
784.14197	1328.746
784.19275	1421.496
784.24353	1413.25
784.29437	1460.6945
784.34515	1299.5419
784.39594	1311.9183
784.44672	1383.2241
784.49756	1393.3453
784.54834	1380.1421
784.59912	1466.4375
784.6499	1436.2411
784.70068	1432.0381
784.75153	1533.5656
784.80231	1505.6921
784.85309	1381.4674
784.90387	1313.1047
784.95471	1361.5945
785.00549	1378.3944
785.05627	1328.7977
785.10706	1345.177
785.1579	1373.7374
785.20868	1429.1638
785.25946	1371.5812
785.31024	1293.6986
785.36108	1357.8307
785.41187	1491.2175
785.46265	1440.7144
785.51343	1884.5605
785.56427	1413.0745
785.61505	1369.1935
785.66583	1383.5426
785.71661	1425.0702
785.76746	1385.0342
785.81824	1593.7233
785.86902	1556.7242
785.9198	1461.7097
785.97064	1376.7523
786.02142	1355.9406
786.0722	1340.7406
786.12299	1303.535
786.17383	1371.4486
786.22461	1358.7805
786.27539	1379.3008
786.32617	1409.1565
786.37701	1471.6128
786.4278	1534.8398
786.47858	1368.9125
786.52936	1578.845
786.5802	1310.3553
786.63098	1294.8081
786.68176	1333.9419
786.73254	1324.8369
786.78339	1317.3103
786.83417	1336.3058
786.88495	1408.7437
786.93573	1378.9285
786.98657	1303.8191
787.03735	1398.3013
787.08813	1248.499
787.13892	1670.3669
787.18976	1336.7323
787.24054	1367.4399
787.29132	1321.9539
787.3421	1460.7017
787.39294	1332.2197
787.44373	1340.0184
787.49451	1415.9976
787.54529	1446.8026
787.59613	1384.1764
787.64691	1225.5917
787.69769	1462.941
787.74847	1392.2242
787.79932	1311.2549
787.8501	1335.3939
787.90088	1280.3435
787.95166	1487.9523
788.00244	1430.2577
788.05328	1353.6276
788.10406	1357.2128
788.15485	1543.381
788.20563	1813.1421
788.25647	1376.8945
788.30725	1364.7242
788.35803	1318.8328
788.40881	1653.87
788.45966	1544.9821
788.51044	1363.7959
788.56122	1340.8931
788.612	1258.3906
788.66284	1583.9318
788.71362	1432.9825
788.7644	1296.8114
788.81519	1312.3241
788.86603	1391.2166
788.91681	1375.3937
788.96759	1312.9609
789.01837	1343.6577
789.06921	1399.2551
789.12	1379.1055
789.17078	1344.1104
789.22156	1340.077
789.2724	1386.5964
789.32318	1348.1655
789.37396	1666.668
789.42474	1502.5548
789.47559	1325.7792
789.52637	1370.5248
789.57715	1390.7946
789.62793	1352.7269
789.67877	1404.3591
789.72955	1346.6449
789.78033	1310.2528
789.83112	1269.7623
789.88196	1369.798
789.93274	1458.9622
789.98352	1398.9258
790.0343	1459.7122
790.08514	1521.8193
790.13593	1393.1826
790.18671	1521.2542
790.23749	1483.3197
790.28833	1421.7031
790.33911	1408.0356
790.38989	1339.7006
790.44067	1312.5148
790.49152	1292.2817
790.5423	1309.3125
790.59308	1469.9744
790.64386	1481.991
790.6947	1316.3513
790.74548	1361.4283
790.79626	1457.97
790.84705	1407.4493
790.89789	1332.7136
790.94867	1371.6323
790.99945	1453.2147
791.05023	1446.0663
791.10101	1362.9556
791.15186	1514.2397
791.20264	1526.4669
791.25342	1331.156
791.3042	1323.7996
791.35504	1370.4481
791.40582	1498.5789
791.4566	1480.3033
791.50739	1300.4774
791.55823	1325.1854
791.60901	1347.1565
791.65979	1312.2731
791.71057	1516.4532
791.76141	1731.2981
791.81219	1388.6234
791.86298	1400.9175
791.91376	1409.7826
791.9646	1407.9819
792.01538	1270.0001
792.06616	1295.8656
792.11694	1327.3138
792.16779	1380.563
792.21857	1274.8967
792.26935	1298.1783
792.32013	1449.5667
792.37097	1461.0947
792.42175	1366.6249
792.47253	1440.7559
792.52332	1321.1254
792.57416	1394.7629
792.62494	1307.8999
792.67572	1440.4451
792.7265	1261.5359
792.77734	1310.9769
792.82813	1298.4684
792.87891	1257.4889
792.92969	1305.6143
792.98053	1612.1315
793.03131	1446.7833
793.08209	1226.4967
793.13287	1271.766
793.18372	1433.0028
793.2345	1245.9612
793.28528	1377.0536
793.33606	1355.7795
793.3869	1328.8945
793.43768	1335.6191
793.48846	1640.0961
793.53925	1277.9478
793.59009	1315.7723
793.64087	1225.744
793.69165	1317.3745
793.74243	1399.4252
793.79327	1362.9296
793.84406	1382.3114
793.89484	1187.9707
793.94562	1396.9355
793.99646	1494.8959
794.04724	1800.5752
794.09802	1219.7035
794.1488	1239.1533
794.19965	1303.14
794.25043	1342.8384
794.30121	1285.6201
794.35199	1259.7551
794.40277	1351.9025
794.45361	1307.1663
794.50439	1520.6416
794.55518	1389.2963
794.60596	1313.7128
794.6568	1278.9788
794.70758	1225.8761
794.75836	1477.2565
794.80914	1397.4315
794.85999	1296.3652
794.91077	1253.3872
794.96155	1410.7651
795.01233	1356.0874
795.06317	1384.2062
795.11395	1336.5957
795.16473	1250.9666
795.21552	1218.5775
795.26636	1433.457
795.31714	1636.526
795.36792	1353.8696
795.4187	1400.4303
795.46954	1370.8857
795.52032	1371.0818
795.57111	1278.8104
795.62189	1401.1062
795.67273	1779.7018
795.72351	1398.3706
795.77429	1291.8284
795.82507	1377.9169
795.87592	1298.2552
795.9267	1369.2855
795.97748	1488.6056
796.02826	1317.2937
796.0791	1348.4308
796.12988	1746.3262
796.18066	1490.8655
796.23145	1264.3175
796.28229	1516.5277
796.33307	1509.3159
796.38385	1384.6685
796.43463	1384.7983
796.48547	1444.035
796.53625	1460
796.58704	1367.3229
796.63782	1349.3459
796.68866	1365.7678
796.73944	1367.8088
796.79022	1514.8551
796.841	1374.7601
796.89185	1324.3763
796.94263	1310.2281
796.99341	1328.7887
797.04419	1389.7347
797.09503	1305.2642
797.14581	1399.2131
797.19659	1360.7087
797.24738	1328.1857
797.29822	1333.9935
797.349	1295.1704
797.39978	1444.4803
797.45056	1542.4348
797.50134	1371.3706
797.55219	1305.7902
797.60297	1343.3606
797.65375	1392.8451
797.70453	1336.2753
797.75537	1346.6216
797.80615	1353.1378
797.85693	1438.5068
797.90771	1422.9406
797.95856	1430.0103
798.00934	1580.0508
798.06012	1482.887
798.1109	1419.0317
798.16174	1365.4224
798.21252	1357.6946
798.26331	1422.111
798.31409	1364.2515
798.36493	1351.3092
798.41571	1362.8798
798.46649	1509.7002
798.51727	1517.3784
798.56812	1385.1602
798.6189	1368.5872
798.66968	1347.9806
798.72046	1330.0756
798.7713	1286.8077
798.82208	1304.5453
798.87286	1327.2573
798.92365	1293.4941
798.97449	1323.6112
799.02527	1431.5599
799.07605	1787.1366
799.12683	1821.5049
799.17767	1438.834
799.22845	1353.6239
799.27924	1348.4011
799.33002	1346.8076
799.38086	1398.9749
799.43164	1468.4507
799.48242	1569.5457
799.5332	1504.8534
799.58405	1384.5675
799.63483	1344.6912
799.68561	1341.7749
799.73639	1395.8201
799.78723	1311.6823
799.83801	1299.876
799.88879	1361.6266
799.93958	1271.0618
799.99042	1263.4489
800.0412	1277.7109
800.09198	1443.0389
800.14276	1589.6744
800.1936	1400.0161
800.24438	1397.9458
800.29517	1371.3789
800.34595	1340.7501
800.39679	1370.1348
800.44757	1329.0332
800.49835	1298.8672
800.54913	1299.4912
800.59998	1308.9675
800.65076	1300.2819
800.70154	1321.7366
800.75232	1342.397
800.8031	1344.6848
800.85394	1357.9332
800.90472	1350.1985
800.95551	1316.8433
801.00629	1427.5139
801.05713	1693.767
801.10791	1486.0619
801.15869	1356.2418
801.20947	1420.7314
801.26031	1338.6549
801.3111	1362.2144
801.36188	1290.8435
801.41266	1378.2761
801.4635	1369.1542
801.51428	1345.5835
801.56506	1485.9048
801.61584	1320.9099
801.66669	1288.3723
801.71747	1273.9153
801.76825	1221.2659
801.81903	1307.4104
801.86987	1392.3508
801.92065	1511.1918
801.97144	1582.6237
802.02222	1424.0157
802.07306	1602.0735
802.12384	1925.0598
802.17462	1361.0083
802.2254	1376.1779
802.27625	1485.0652
802.32703	1292.0361
802.37781	1379.4672
802.42859	1352.3715
802.47943	1333.9531
802.53021	1377.2264
802.58099	1368.4724
802.63177	1362.1326
802.68262	1320.7551
802.7334	1359.0807
802.78418	1327.3546
802.83496	1354.9381
802.8858	1382.3075
802.93658	1305.3325
802.98737	1521.306
803.03815	1440.2681
803.08899	1449.8854
803.13977	1428.2036
803.19055	1655.585
803.24133	1333.5135
803.29218	1359.8699
803.34296	1567.7014
803.39374	1608.5804
803.44452	1383.2198
803.49536	1497.4547
803.54614	1320.29
803.59692	1314.0253
803.64771	1477.549
803.69855	1292.7548
803.74933	1410.967
803.80011	1316.8759
803.85089	1472.6465
803.90167	1678.7681
803.95251	1518.5603
804.0033	1361.755
804.05408	1276.6094
804.10486	1417.3981
804.1557	1296.6362
804.20648	1349.0494
804.25726	1342.9938
804.30804	1494.8024
804.35889	1393.9131
804.40967	1808.0142
804.46045	1364.3126
804.51123	1554.2781
804.56207	1589.4841
804.61285	1334.2958
804.66364	1397.1117
804.71442	1345.3248
804.76526	1330.6816
804.81604	1308.8838
804.86682	1308.4279
804.9176	1316.1207
804.96844	1362.5138
805.01923	1444.2781
805.07001	1390.2618
805.12079	1579.8513
805.17163	1427.7316
805.22241	1425.6123
805.27319	1471.4377
805.32397	1977.5359
805.37482	1615.5966
805.4256	1307.4646
805.47638	1291.14
805.52716	1382.8173
805.578	1346.1532
805.62878	1387.4579
805.67957	1353.3751
805.73035	1366.7524
805.78119	1364.1082
805.83197	1387.4487
805.88275	1555.2421
805.93353	1402.9678
805.98438	1316.9648
806.03516	1519.8438
806.08594	1423.67
806.13672	1636.0055
806.18756	1425.9725
806.23834	2099.1355
806.28912	2004.1199
806.3399	1716.4873
806.39075	1452.6521
806.44153	1321.5715
806.49231	1365.9668
806.54309	1352.1152
806.59393	1455.3425
806.64471	1435.5033
806.6955	1361.0669
806.74628	1573.9285
806.79712	1459.8512
806.8479	1397.4604
806.89868	1574.2687
806.94946	1850.3757
807.00024	1428.147
807.05109	1446.7811
807.10187	1346.8706
807.15265	1315.8818
807.20343	1329.172
807.25427	1440.574
807.30505	1605.318
807.35583	1421.8057
807.40662	1410.642
807.45746	1472.1776
807.50824	1377.4801
807.55902	1378.7675
807.6098	1351.3325
807.66064	1389.1497
807.71143	1463.7153
807.76221	1450.9534
807.81299	1580.509
807.86383	1468.3976
807.91461	1406.0835
807.96539	1765.125
808.01617	1536.9772
808.06702	1470.4546
808.1178	1344.9813
808.16858	1649.203
808.21936	1399.1458
808.2702	1332.4052
808.32098	1466.4623
808.37177	2237.1836
808.42255	1726.2065
808.47339	1561.489
808.52417	1512.6821
808.57495	1427.2003
808.62573	1449.048
808.67657	1494.2266
808.72736	1474.54
808.77814	1340.3217
808.82892	1324.7416
808.87976	1331.881
808.93054	1431.3539
808.98132	1481.152
809.0321	1390.6815
809.08295	1436.2483
809.13373	1373.9359
809.18451	1393.3856
809.23529	1390.7101
809.28613	1448.3827
809.33691	1440.7572
809.3877	1314.9325
809.43848	1350.7244
809.48932	1455.754
809.5401	1445.4241
809.59088	1640.7802
809.64166	1436.0222
809.6925	1420.8516
809.74329	1445.1808
809.79407	1436.243
809.84485	1375.0554
809.89569	1310.6913
809.94647	1341.7235
809.99725	1435.4873
810.04803	1684.4609
810.09888	1455.6377
810.14966	1383.8203
810.20044	1399.3093
810.25122	1454.7721
810.302	1655.714
810.35284	1590.4832
810.40363	1451.9935
810.45441	1518.2666
810.50519	1781.9308
810.55603	1514.8496
810.60681	1341.9971
810.65759	1359.7084
810.70837	1325.6897
810.75922	1364.6923
810.81	1374.3611
810.86078	2255.176
810.91156	2031.9482
810.9624	1374.3467
811.01318	1408.6396
811.06396	1465.1483
811.11475	1442.3054
811.16559	1359.5269
811.21637	1394.3429
811.26715	1402.2992
811.31793	1362.9492
811.36877	1468.9401
811.41956	1434.5341
811.47034	1402.953
811.52112	1513.2306
811.57196	1454.6998
811.62274	1378.5149
811.67352	1336.9844
811.7243	1318.1356
811.77515	1427.4418
811.82593	1472.4706
811.87671	1397.5591
811.92749	1386.2463
811.97833	1449.2224
812.02911	1430.7653
812.0799	1375.8153
812.13068	1383.4481
812.18152	1464.7023
812.2323	1537.319
812.28308	1636.502
812.33386	1523.839
812.3847	1321.8158
812.43549	1426.0537
812.48627	1441.4567
812.53705	1368.2456
812.58789	1520.282
812.63867	1516.2939
812.68945	1384.5852
812.74023	1347.3414
812.79108	1416.418
812.84186	1455.1146
812.89264	1473.9624
812.94342	1459.0167
812.99426	1337.2461
813.04504	1357.5525
813.09583	1350.3898
813.14661	1337.0361
813.19745	1419.9315
813.24823	1418.2709
813.29901	1401.6525
813.34979	1353.8303
813.40057	1305.8534
813.45142	1324.5262
813.5022	1348.7644
813.55298	1333.1422
813.60376	1338.0656
813.6546	1457.5275
813.70538	1548.6035
813.75616	1516.8452
813.80695	1405.1396
813.85779	1472.4417
813.90857	1501.7281
813.95935	1542.535
814.01013	1479.3123
814.06097	1376.6936
814.11176	1333.8002
814.16254	1311.1738
814.21332	1424.0803
814.26416	1393.4552
814.31494	1352.8817
814.36572	1372.1162
814.4165	1399.0137
814.46735	1435.2241
814.51813	1498.2645
814.56891	1390.3569
814.61969	1343.7794
814.67053	1431.3259
814.72131	1558.5065
814.77209	1551.7413
814.82288	1409.146
814.87372	1392.5416
814.9245	1416.953
814.97528	1446.3575
815.02606	1441.3491
815.0769	1313.9929
815.12769	1310.1747
815.17847	1429.36
815.22925	1370.0042
815.28009	1432.6147
815.33087	1647.1448
815.38165	1573.7491
815.43243	1466.8257
815.48328	1369.4525
815.53406	1396.0712
815.58484	1394.4388
815.63562	1348.1915
815.68646	1280.8657
815.73724	1305.4532
815.78802	1371.4064
815.83881	1421.5284
815.88965	1337.4866
815.94043	1326.267
815.99121	1498.4694
816.04199	1408.339
816.09283	1388.9951
816.14362	1294.0239
816.1944	1320.2278
816.24518	1375.6112
816.29602	1352.1848
816.3468	1454.0389
816.39758	1473.2357
816.44836	1375.3671
816.49921	1520.808
816.54999	1524.7216
816.60077	1406.5142
816.65155	1390.6356
816.70233	1323.6207
816.75317	1393.1093
816.80396	1349.4464
816.85474	1401.5922
816.90552	1384.9789
816.95636	1411.718
817.00714	1391.4172
817.05792	1309.8425
817.1087	1284.7487
817.15955	1542.9365
817.21033	1274.2656
817.26111	1977.757
817.31189	1482.7048
817.36273	1368.562
817.41351	1405.859
817.46429	1403.4037
817.51508	1363.257
817.56592	1528.0444
817.6167	1551.8038
817.66748	1466.7202
817.71826	1435.2404
817.7691	1351.6769
817.81989	1387.6003
817.87067	1338.703
817.92145	1414.9141
817.97229	1369.5507
818.02307	1390.2882
818.07385	1369.4
818.12463	1426.1129
818.17548	1531.7688
818.22626	1331.2625
818.27704	1626.6478
818.32782	1321.6465
818.37866	1334.1881
818.42944	1278.8479
818.48022	1300.5148
818.53101	1330.5648
818.58185	1355.1284
818.63263	1385.4954
818.68341	1324.6873
818.73419	1263.0299
818.78503	1362.2777
818.83582	1300.0437
818.8866	1573.9515
818.93738	1368.4412
818.98822	1312.6497
819.039	1344.8502
819.08978	1416.5782
819.14056	1301.8981
819.19141	1354.6071
819.24219	1344.5396
819.29297	1365.0803
819.34375	1382.5894
819.39459	1280.0044
819.44537	1389.1357
819.49615	1373.0786
819.54694	1298.8359
819.59778	1331.5117
819.64856	1330.3501
819.69934	1491.0477
819.75012	1409.6829
819.8009	1347.4172
819.85175	1361.5596
819.90253	1485.9846
819.95331	1809.9473
820.00409	1420.0272
820.05493	1338.0413
820.10571	1310.8083
820.15649	1638.1595
820.20728	1585.047
820.25812	1389.7998
820.3089	1334.0297
820.35968	1260.1064
820.41046	1522.1378
820.4613	1477.6957
820.51208	1286.6003
820.56287	1298.6729
820.61365	1408.2344
820.66449	1351.2788
820.71527	1305.3405
820.76605	1322.3459
820.81683	1357.8405
820.86768	1341.6244
820.91846	1308.7025
820.96924	1275.1755
821.02002	1340.7144
821.07086	1307.2145
821.12164	1658.9274
821.17242	1527.5548
821.22321	1325.8655
821.27405	1299.6345
821.32483	1335.4146
821.37561	1300.2286
821.42639	1353.3495
821.47723	1315.9418
821.52802	1328.799
821.5788	1278.5353
821.62958	1379.1235
821.68042	1442.4038
821.7312	1344.8105
821.78198	1434.0858
821.83276	1485.3505
821.88361	1313.4327
821.93439	1477.1503
821.98517	1409.8538
822.03595	1394.5892
822.08679	1389.4115
822.13757	1356.9594
822.18835	1272.8942
822.23914	1222.3923
822.28998	1275.5592
822.34076	1480.5295
822.39154	1451.313
822.44232	1275.9471
822.49316	1357.6422
822.54395	1441.6289
822.59473	1332.0625
822.64551	1269.7517
822.69635	1337.2286
822.74713	1458.2214
822.79791	1360.4572
822.84869	1324.1896
822.89954	1489.4093
822.95032	1426.4255
823.0011	1267.3633
823.05188	1296.92
823.10266	1380.8397
823.1535	1496.226
823.20428	1400.2892
823.25507	1317.4116
823.30585	1369.7087
823.35669	1364.2495
823.40747	1267.3956
823.45825	1548.6948
823.50903	1655.1656
823.55988	1410.2992
823.61066	1386.954
823.66144	1352.259
823.71222	1290.7551
823.76306	1269.2743
823.81384	1264.7469
823.86462	1269.1394
823.91541	1270.7582
823.96625	1260.9419
824.01703	1355.6754
824.06781	1416.2872
824.11859	1356.0956
824.16943	1390.8313
824.22021	1408.993
824.271	1347.7075
824.32178	1361.5703
824.37262	1377.9105
824.4234	1409.106
824.47418	1305.4387
824.52496	1261.1108
824.57581	1279.2216
824.62659	1253.1553
824.67737	1328.2798
824.72815	1429.8932
824.77899	1290.0708
824.82977	1192.217
824.88055	1310.3799
824.93134	1335.6477
824.98218	1234.2582
825.03296	1265.3812
825.08374	1308.4252
825.13452	1304.1738
825.18536	1397.7012
825.23615	1482.2285
825.28693	1359.1195
825.33771	1348.6213
825.38855	1264.9385
825.43933	1323.9337
825.49011	1363.1473
825.54089	1337.5093
825.59174	1296.5823
825.64252	1272.2078
825.6933	1404.8058
825.74408	1586.2423
825.79492	1507.4382
825.8457	1173.7524
825.89648	1259.9283
825.94727	1297.1331
825.99811	1352.9031
826.04889	1302.0461
826.09967	1291.9723
826.15045	1305.0752
826.20123	1356.4807
826.25208	1445.765
826.30286	1322.9515
826.35364	1331.0444
826.40442	1307.002
826.45526	1288.5389
826.50604	1382.8439
826.55682	1351.5797
826.6076	1349.1664
826.65845	1273.2289
826.70923	1309.7582
826.76001	1285.5848
826.81079	1287.9015
826.86163	1301.5045
826.91241	1242.1593
826.9632	1340.113
827.01398	1496.6805
827.06482	1544.8754
827.1156	1350.4753
827.16638	1388.6855
827.21716	1394.8666
827.26801	1366.1123
827.31879	1322.1
827.36957	1475.0846
827.42035	1636.2347
827.47119	1298.2639
827.52197	1292.1672
827.57275	1283.8668
827.62354	1246.575
827.67438	1370.1844
827.72516	1358.0096
827.77594	1262.226
827.82672	1411.0809
827.87756	1605.907
827.92834	1321.6418
827.97913	1317.899
828.02991	1487.8872
828.08075	1373.1401
828.13153	1270.4083
828.18231	1371.2175
828.23309	1381.0485
828.28394	1312.3376
828.33472	1289.8788
828.3855	1339.6582
828.43628	1301.681
828.48712	1322.7377
828.5379	1452.2526
828.58868	1288.7334
828.63947	1285.4111
828.69031	1282.1963
828.74109	1375.3624
828.79187	1481.3541
828.84265	1339.4891
828.89349	1373.5062
828.94427	1316.2375
828.99506	1303.34
829.04584	1280.8131
829.09668	1304.7579
829.14746	1499.0872
829.19824	1422.1479
829.24902	1277.2479
829.29987	1342.4702
829.35065	1364.6646
829.40143	1380.3734
829.45221	1307.1552
829.50299	1306.0978
829.55383	1337.8511
829.60461	1415.2469
829.6554	1378.7153
829.70618	1447.6307
829.75702	1430.1538
829.8078	1328.5615
829.85858	1393.6365
829.90936	1260.9348
829.96021	1369.0795
830.01099	1392.0995
830.06177	1341.705
830.11255	1361.3174
830.16339	1277.8796
830.21417	1538.5682
830.26495	1391.777
830.31573	1349.1971
830.36658	1312.6078
830.41736	1255.7441
830.46814	1220.2408
830.51892	1271.0948
830.56976	1333.1149
830.62054	1263.4528
830.67133	1355.5515
830.72211	1360.7372
830.77295	1609.3571
830.82373	1875.057
830.87451	1504.2943
830.92529	1399.6737
830.97614	1294.2321
831.02692	1272.9063
831.0777	1306.8975
831.12848	1281.1316
831.17932	1536.4363
831.2301	1568.4537
831.28088	1223.2297
831.33167	1277.2979
831.38251	1362.3938
831.43329	1245.0758
831.48407	1334.5083
831.53485	1280.8831
831.58569	1280.5066
831.63647	1224.3965
831.68726	1294.0602
831.73804	1260.11
831.78888	1293.3037
831.83966	1610.6193
831.89044	1361.1852
831.94122	1441.6842
831.99207	1443.0361
832.04285	1335.3081
832.09363	1316.4883
832.14441	1341.4751
832.19525	1252.3234
832.24603	1183.6793
832.29681	1254.8588
832.3476	1243.1194
832.39844	1273.281
832.44922	1317.5548
832.5	1232.3069
832.55078	1363.6793
832.60156	1353.4056
832.6524	1332.1689
832.70319	1269.7367
832.75397	1735.8142
832.80475	1574.6605
832.85559	1362.9305
832.90637	1473.5774
832.95715	1356.4526
833.00793	1335.4468
833.05878	1340.9613
833.10956	1418.5349
833.16034	1376.933
833.21112	1283.6772
833.26196	1403.2054
833.31274	1288.4473
833.36353	1251.9805
833.41431	1331.3313
833.46515	1200.6812
833.51593	1267.5129
833.56671	1337.802
833.61749	1375.955
833.66833	1472.7961
833.71912	1289.7578
833.7699	1464.8088
833.82068	1924.5291
833.87152	1327.1902
833.9223	1301.5394
833.97308	1482.3462
834.02386	1319.1722
834.07471	1308.0598
834.12549	1282.1746
834.17627	1315.8821
834.22705	1333.6569
834.27789	1315.1401
834.32867	1267.4441
834.37946	1298.3195
834.43024	1352.2773
834.48108	1328.3209
834.53186	1270.719
834.58264	1293.7184
834.63342	1250.0243
834.68427	1507.0508
834.73505	1432.3323
834.78583	1342.9249
834.83661	1434.0227
834.88745	1558.8347
834.93823	1302.593
834.98901	1303.652
835.03979	1625.0597
835.09064	1472.9758
835.14142	1326.333
835.1922	1396.3213
835.24298	1202.9194
835.29382	1264.6649
835.3446	1433.5823
835.39539	1349.4355
835.44617	1410.954
835.49701	1208.8145
835.54779	1409.7366
835.59857	1593.6189
835.64935	1428.7013
835.70013	1237.532
835.75098	1240.1559
835.80176	1335.3947
835.85254	1231.3419
835.90332	1366.255
835.95416	1370.316
836.00494	1495.8076
836.05573	1318.0719
836.10651	1701.1074
836.15735	1285.033
836.20813	1478.1483
836.25891	1618.8252
836.30969	1265.1879
836.36053	1317.3474
836.41132	1276.392
836.4621	1336.2051
836.51288	1311.3005
836.56372	1331.8503
836.6145	1301.1199
836.66528	1267.0881
836.71606	1399.2422
836.76691	1315.6876
836.81769	1597.7886
836.86847	1310.4072
836.91925	1268.7078
836.97009	1440.5591
837.02087	1795.6952
837.07166	1445.3713
837.12244	1259.5765
837.17328	1301.3756
837.22406	1367.4268
837.27484	1265.8685
837.32562	1250.8824
837.37646	1301.5496
837.42725	1312.299
837.47803	1352.9926
837.52881	1311.0842
837.57965	1541.1429
837.63043	1355.667
837.68121	1326.9337
837.73199	1571.6205
837.78284	1392.6057
837.83362	1574.6399
837.8844	1427.1992
837.93518	2155.0195
837.98602	1959.9988
838.0368	1564.9333
838.08759	1396.1451
838.13837	1305.5795
838.18921	1425.8662
838.23999	1297.3898
838.29077	1439.3625
838.34155	1308.7754
838.3924	1355.2656
838.44318	1530.8307
838.49396	1421.1624
838.54474	1390.0005
838.59558	1617.5957
838.64636	1843.7108
838.69714	1286.5974
838.74792	1396.2351
838.79877	1288.4886
838.84955	1255.7705
838.90033	1305.8615
838.95111	1511.8765
839.00189	1438.9854
839.05273	1268.6287
839.10352	1336.3949
839.1543	1442.1849
839.20508	1290.0068
839.25592	1389.8405
839.3067	1294.7124
839.35748	1406.6785
839.40826	1337.1862
839.45911	1387.3185
839.50989	1467.0331
839.56067	1344.0923
839.61145	1356.5587
839.66229	1782.3541
839.71307	1359.4355
839.76385	1363.9934
839.81464	1350.4377
839.86548	1605.8918
839.91626	1279.9688
839.96704	1372.5476
840.01782	1618.7155
840.06866	2460.9309
840.11945	1372.6234
840.17023	1414.7219
840.22101	1520.1888
840.27185	1354.7542
840.32263	1348.6864
840.37341	1402.3785
840.42419	1378.855
840.47504	1233.5979
840.52582	1369.231
840.5766	1375.8857
840.62738	1471.7423
840.67822	1408.7437
840.729	1343.5161
840.77979	1444.3927
840.83057	1335.6284
840.88141	1342.5391
840.93219	1353.2617
840.98297	1364.7203
841.03375	1345.7249
841.08459	1229.3956
841.13538	1305.882
841.18616	1453.2655
841.23694	1486.7191
841.28778	1553.1805
841.33856	1283.1722
841.38934	1413.2471
841.44012	1409.9694
841.49097	1352.4608
841.54175	1294.2521
841.59253	1321.3772
841.64331	1408.252
841.69415	1524.0121
841.74493	1642.1268
841.79572	1310.2607
841.8465	1329.3635
841.89734	1395.3611
841.94812	1443.6168
841.9989	1670.4751
842.04968	1445.314
842.10046	1457.024
842.15131	1545.1786
842.20209	1780.0988
842.25287	1282.1915
842.30365	1363.595
842.35449	1340.3341
842.40527	1298.6775
842.45605	1438.1084
842.50684	1588.4404
842.55768	2579.0728
842.60846	1483.6908
842.65924	1342.6615
842.71002	1386.7594
842.76086	1342.3184
842.81165	1351.9929
842.86243	1299.2606
842.91321	1422.3365
842.96405	1326.5684
843.01483	1396.3589
843.06561	1457.776
843.11639	1367.639
843.16724	1381.0746
843.21802	1428.1232
843.2688	1311.7668
843.31958	1306.182
843.37042	1345.3323
843.4212	1346.6632
843.47198	1386.6781
843.52277	1406.2656
843.57361	1334.9015
843.62439	1427.8553
843.67517	1413.8448
843.72595	1350.6947
843.77679	1302.0665
843.82758	1407.6053
843.87836	1558.8688
843.92914	1532.2922
843.97998	1699.333
844.03076	1285.0367
844.08154	1313.1846
844.13232	1437.6101
844.18317	1304.217
844.23395	1385.6039
844.28473	1609.7391
844.33551	1382.83
844.38635	1343.3771
844.43713	1347.3625
844.48792	1437.8518
844.5387	1361.5535
844.58954	1475.7362
844.64032	1347.7893
844.6911	1294.6703
844.74188	1367.379
844.79272	1323.735
844.84351	1398.4448
844.89429	1422.2086
844.94507	1304.424
844.99591	1329.2722
845.04669	1258.0903
845.09747	1299.9371
845.14825	1296.39
845.1991	1298.4865
845.24988	1269.6539
845.30066	1325.7307
845.35144	1514.4745
845.40222	1558.9474
845.45306	1389.1769
845.50385	1398.4884
845.55463	1435.0575
845.60541	1440.6561
845.65625	1544.2731
845.70703	1316.4337
845.75781	1343.5942
845.80859	1283.979
845.85944	1340.0909
845.91022	1426.3699
845.961	1340.3143
846.01178	1364.5099
846.06262	1400.5322
846.1134	1406.1963
846.16418	1438.0704
846.21497	1426.1669
846.26581	1325.7946
846.31659	1408.4551
846.36737	1502.655
846.41815	1533.1681
846.46899	1340.2029
846.51978	1359.9111
846.57056	1385.027
846.62134	1389.2623
846.67218	1448.8102
846.72296	1281.5802
846.77374	1268.8628
846.82452	1398.0117
846.87537	1262.4817
846.92615	1341.6798
846.97693	1623.5848
847.02771	1520.5969
847.07855	1533.2559
847.12933	1360.2788
847.18011	1383.6752
847.2309	1383.6447
847.28174	1311.3549
847.33252	1291.6609
847.3833	1291.5547
847.43408	1276.6593
847.48492	1372.1838
847.53571	1272.2894
847.58649	1306.7595
847.63727	1470.7546
847.68811	1352.0975
847.73889	1363.5608
847.78967	1292.4382
847.84045	1325.9895
847.8913	1461.1013
847.94208	1338.2195
847.99286	1430.1904
848.04364	1408.8923
848.09448	1372.8766
848.14526	1497.5123
848.19604	1496.1233
848.24683	1367.0128
848.29767	1349.4849
848.34845	1367.7196
848.39923	1353.9905
848.45001	1270.3604
848.50079	1406.2655
848.55164	1315.2169
848.60242	1470.7869
848.6532	1358.9448
848.70398	1268.4047
848.75482	1250.4899
848.8056	1587.5898
848.85638	1264.2301
848.90717	2009.8453
848.95801	1485.9406
849.00879	1334.5863
849.05957	1371.0798
849.11035	1389.1378
849.16119	1265.9569
849.21198	1506.9117
849.26276	1532.9438
849.31354	1425.2184
849.36438	1386.1534
849.41516	1350.656
849.46594	1376.1359
849.51672	1326.6945
849.56757	1355.5176
849.61835	1332.5356
849.66913	1396.754
849.71991	1381.5066
849.77075	1401.2898
849.82153	1544.26
849.87231	1304.2639
849.9231	1593.0524
849.97394	1341.9385
850.02472	1301.1976
850.0755	1280.8569
850.12628	1239.4762
850.17712	1300.7184
850.22791	1308.4847
850.27869	1401.0472
850.32947	1344.5563
850.38031	1323.6508
850.43109	1412.0245
850.48187	1280.6462
850.53265	1583.2634
850.5835	1328.726
850.63428	1337.9188
850.68506	1369.0052
850.73584	1493.6936
850.78668	1275.9304
850.83746	1308.8038
850.88824	1352.5404
850.93903	1415.9105
850.98987	1433.796
851.04065	1286.7589
851.09143	1458.9313
851.14221	1384.8038
851.19305	1295.9956
851.24384	1345.73
851.29462	1323.238
851.3454	1508.662
851.39624	1458.2899
851.44702	1360.0486
851.4978	1382.0616
851.54858	1539.2581
851.59943	1826.4467
851.65021	1300.7729
851.70099	1340.459
851.75177	1251.1714
851.80255	1728.358
851.85339	1556.316
851.90417	1386.321
851.95496	1313.1027
852.00574	1231.7814
852.05658	1659.3646
852.10736	1391.9314
852.15814	1212.0022
852.20892	1345.1859
852.25977	1466.556
852.31055	1317.7994
852.36133	1321.2361
852.41211	1367.6954
852.46295	1304.7946
852.51373	1333.9987
852.56451	1277.2488
852.6153	1365.792
852.66614	1362.2333
852.71692	1320.4796
852.7677	1813.4893
852.81848	1362.299
852.86932	1313.5769
852.9201	1370.9844
852.97089	1318.1062
853.02167	1319.8251
853.07251	1427.4084
853.12329	1309.1862
853.17407	1362.7214
853.22485	1209.0256
853.2757	1470.9242
853.32648	1493.1046
853.37726	1324.0604
853.42804	1525.7195
853.47888	1477.662
853.52966	1342.5846
853.58044	1598.797
853.63123	1304.2716
853.68207	1510.3851
853.73285	1379.7919
853.78363	1321.7202
853.83441	1300.4355
853.88525	1316.8214
853.93604	1299.5325
853.98682	1623.62
854.0376	1324.5369
854.08844	1239.9796
854.13922	1439.2439
854.19	1438.0311
854.24078	1336.8765
854.29163	1286.5024
854.34241	1363.772
854.39319	1547.3844
854.44397	1331.8964
854.49481	1428.3918
854.54559	1620.1974
854.59637	1388.9457
854.64716	1274.8185
854.698	1362.9569
854.74878	1466.858
854.79956	1589.7104
854.85034	1331.5757
854.90112	1379.6484
854.95197	1359.62
855.00275	1368.8711
855.05353	1251.937
855.10431	1812.1659
855.15515	1376.6199
855.20593	1326.6118
855.25671	1471.8994
855.3075	1485.0775
855.35834	1281.5747
855.40912	1354.6143
855.4599	1296.9336
855.51068	1301.3274
855.56152	1278.05
855.6123	1328.2043
855.66309	1420.6393
855.71387	1444.4332
855.76471	1371.6481
855.81549	1473.5459
855.86627	1308.2777
855.91705	1458.415
855.9679	1371.6331
856.01868	1539.8545
856.06946	1400.5288
856.12024	1340.9102
856.17108	1274.5332
856.22186	1310.7887
856.27264	1269.3685
856.32343	1595.2136
856.37427	1448.692
856.42505	1229.1359
856.47583	1280.7662
856.52661	1487.7766
856.57745	1353.2495
856.62823	1307.8611
856.67902	1367.0272
856.7298	1393.8679
856.78064	1338.5994
856.83142	1588.3885
856.8822	1378.8894
856.93298	1375.7089
856.98383	1272.4838
857.03461	1319.8215
857.08539	1371.005
857.13617	1361.4686
857.18701	1413.9171
857.23779	1313.8845
857.28857	1377.5205
857.33936	1518.9084
857.3902	1827.2687
857.44098	1275.178
857.49176	1279.2385
857.54254	1269.3484
857.59338	1428.9706
857.64417	1303.9204
857.69495	1270.8409
857.74573	1343.9626
857.79657	1419.9667
857.84735	1565.2423
857.89813	1412.894
857.94891	1375.7859
857.99976	1288.9263
858.05054	1334.0081
858.10132	1536.9954
858.1521	1303.4081
858.20288	1309.8
858.25372	1314.9152
858.3045	1395.7089
858.35529	1272.8296
858.40607	1356.8433
858.45691	1417.2758
858.50769	1309.1932
858.55847	1218.8661
858.60925	1434.1692
858.6601	1660.3788
858.71088	1419.4514
858.76166	1386.1512
858.81244	1426.8564
858.86328	1362.1479
858.91406	1348.0148
858.96484	1384.0768
859.01563	1826.3324
859.06647	1349.9043
859.11725	1324.9949
859.16803	1323.9435
859.21881	1315.3225
859.26965	1358.4624
859.32043	1409.458
859.37122	1257.9105
859.422	1431.0342
859.47284	1747.582
859.52362	1451.5283
859.5744	1304.1113
859.62518	1536.0946
859.67603	1433.0648
859.72681	1335.4272
859.77759	1269.4363
859.82837	1415.0172
859.87921	1490.5529
859.92999	1325.5994
859.98077	1412.7008
860.03156	1336.8772
860.0824	1342.1099
860.13318	1612.0568
860.18396	1439.4854
860.23474	1293.9058
860.28558	1390.6254
860.33636	1269.2756
860.38715	1506.5319
860.43793	1359.1469
860.48877	1384.9973
860.53955	1403.11
860.59033	1343.6082
860.64111	1335.5476
860.69196	1341.6858
860.74274	1600.5599
860.79352	1493.9695
860.8443	1309.7737
860.89514	1387.5884
860.94592	1381.9175
860.9967	1390.8153
861.04749	1318.1207
861.09833	1398.6123
861.14911	1484.0574
861.19989	1380.1868
861.25067	1441.3372
861.30145	1512.4968
861.35229	1532.0273
861.40308	1386.7709
861.45386	1384.8666
861.50464	1271.6345
861.55548	1450.4937
861.60626	1475.4896
861.65704	1343.5046
861.70782	1466.4302
861.75867	1412.0636
861.80945	1709.7064
861.86023	1412.4742
861.91101	1399.5627
861.96185	1405.683
862.01263	1326.348
862.06342	1306.6575
862.1142	1417.5765
862.16504	1412.9348
862.21582	1274.9714
862.2666	1377.5594
862.31738	1438.7019
862.36823	1628.4174
862.41901	2020.5294
862.46979	1557.0717
862.52057	1453.2062
862.57141	1389.2526
862.62219	1385.651
862.67297	1398.422
862.72375	1439.6187
862.7746	1659.0499
862.82538	1670.298
862.87616	1361.8616
862.92694	1340.071
862.97778	1366.9994
863.02856	1385.528
863.07935	1414.1868
863.13013	1355.6599
863.18097	1330.4459
863.23175	1240.918
863.28253	1293.4362
863.33331	1312.7931
863.38416	1390.9225
863.43494	1732.0233
863.48572	1496.0499
863.5365	1441.3367
863.58734	1428.8257
863.63812	1382.6899
863.6889	1477.8273
863.73969	1393.7417
863.79053	1296.2344
863.84131	1325.4879
863.89209	1350.3707
863.94287	1345.4274
863.99371	1310.3423
864.04449	1283.1559
864.09528	1297.3752
864.14606	1337.391
864.1969	1346.4196
864.24768	1360.6106
864.29846	1455.7047
864.34924	1774.4384
864.40002	1564.7385
864.45087	1374.9833
864.50165	1500.0565
864.55243	1323.9288
864.60321	1315.8834
864.65405	1348.8716
864.70483	1428
864.75562	1425.6969
864.8064	1457.0984
864.85724	1529.797
864.90802	1312.5079
864.9588	1253.6222
865.00958	1365.8068
865.06042	1236.8558
865.11121	1321.9966
865.16199	1373.8662
865.21277	1511.7054
865.26361	1484.9005
865.31439	1363.0925
865.36517	1546.5771
865.41595	1608.3822
865.4668	1354.7681
865.51758	1418.0217
865.56836	1517.0664
865.61914	1420.1228
865.66998	1446.5295
865.72076	1401.0349
865.77155	1379.391
865.82233	1388.7902
865.87317	1427.4248
865.92395	1374.5084
865.97473	1393.5836
866.02551	1416.4917
866.07635	1436.2881
866.12714	1425.6345
866.17792	1404.871
866.2287	1371.3931
866.27954	1568.9945
866.33032	1444.3466
866.3811	1416.6113
866.43188	1504.115
866.48273	1580.8721
866.53351	1311.285
866.58429	1458.2125
866.63507	1627.1412
866.68591	1540.5302
866.73669	1463.3162
866.78748	1387.1417
866.83826	1291.2839
866.8891	1356.022
866.93988	1474.3947
866.99066	1398.0728
867.04144	1392.1757
867.09229	1329.0299
867.14307	1529.0165
867.19385	1648.592
867.24463	1533.6735
867.29547	1381.9269
867.34625	1317.5808
867.39703	1327.9373
867.44781	1346.708
867.49866	1381.052
867.54944	1410.8877
867.60022	1477.9146
867.651	1566.0876
867.70178	1593.0292
867.75262	1434.7787
867.80341	1613.3967
867.85419	1549.6067
867.90497	1383.1046
867.95581	1407.2239
868.00659	1377.7349
868.05737	1383.6155
868.10815	1382.1902
868.159	1351.261
868.20978	1348.1272
868.26056	1393.1675
868.31134	1430.7401
868.36218	1522.6268
868.41296	1555.2202
868.46375	1418.6365
868.51453	1430.6549
868.56537	1742.1671
868.61615	1799.0238
868.66693	1388.5983
868.71771	1321.9384
868.76855	1388.9774
868.81934	1412.8696
868.87012	1370.0149
868.9209	1371.4598
868.97174	1429.468
869.02252	1390.4722
869.0733	1408.0802
869.12408	1569.0554
869.17493	1549.3292
869.22571	1451.5408
869.27649	1532.2714
869.32727	1555.3573
869.37811	1569.1379
869.42889	1495.5552
869.47968	1853.7278
869.53046	2105.9534
869.5813	1800.2844
869.63208	1559.3303
869.68286	1420.0366
869.73364	1357.5037
869.78448	1394.1233
869.83527	1421.6581
869.88605	1495.6611
869.93683	1390.7051
869.98767	1608.6287
870.03845	1549.722
870.08923	1480.3634
870.14001	1549.4192
870.19086	1810.91
870.24164	1574.2981
870.29242	1435.5745
870.3432	1376.9058
870.39404	1334.0625
870.44482	1314.345
870.49561	1438.4266
870.54639	1590.5525
870.59723	1461.0146
870.64801	1427.0656
870.69879	1437.5864
870.74957	1398.2394
870.80035	1394.8583
870.8512	1331.5768
870.90198	1360.9886
870.95276	1473.512
871.00354	1508.4028
871.05438	1606.0618
871.10516	1499.7186
871.15594	1404.7247
871.20673	1735.7664
871.25757	1600.3241
871.30835	1470.2223
871.35913	1381.5619
871.40991	1617.957
871.46075	1439.5676
871.51154	1365.2529
871.56232	1519.8187
871.6131	2387.4055
871.66394	1784.0332
871.71472	1509.6134
871.7655	1493.4023
871.81628	1402.1105
871.86713	1430.4961
871.91791	1488.7404
871.96869	1488.1161
872.01947	1332.9651
872.07031	1354.5421
872.12109	1399.7892
872.17188	1478.9559
872.22266	1522.9414
872.2735	1484.0123
872.32428	1477.2441
872.37506	1410.1577
872.42584	1411.7697
872.47668	1419.5305
872.52747	1465.9031
872.57825	1443.1218
872.62903	1308.0194
872.67987	1377.3125
872.73065	1488.6969
872.78143	1484.5674
872.83221	1682.9214
872.88306	1415.5503
872.93384	1426.5212
872.98462	1480.0879
873.0354	1441.0126
873.08624	1346.8312
873.13702	1293.1268
873.18781	1376.6666
873.23859	1449.6449
873.28943	1783.5642
873.34021	1450.7644
873.39099	1440.3555
873.44177	1417.2679
873.49261	1517.3262
873.5434	1752.6716
873.59418	1563.1984
873.64496	1514.0568
873.6958	1567.485
873.74658	1890.5371
873.79736	1366.1149
873.84814	1435.9639
873.89899	1459.8374
873.94977	1372.4193
874.00055	1441.4207
874.05133	1439.6893
874.10211	2762.3386
874.15295	1574.9612
874.20374	1385.4464
874.25452	1512.8019
874.3053	1479.3461
874.35614	1438.993
874.40692	1416.2336
874.4577	1468.1282
874.50848	1434.2635
874.55933	1429.8411
874.61011	1551.9794
874.66089	1428.4281
874.71167	1498.4884
874.76251	1535.4602
874.81329	1439.1534
874.86407	1435.4175
874.91486	1346.9003
874.9657	1339.3379
875.01648	1513.5265
875.06726	1488.9235
875.11804	1363.4937
875.16888	1475.962
875.21967	1489.9901
875.27045	1438.8583
875.32123	1373.1449
875.37207	1427.618
875.42285	1619.4526
875.47363	1576.1461
875.52441	1785.9724
875.57526	1379.8702
875.62604	1371.5297
875.67682	1539.4685
875.7276	1366.1639
875.77844	1395.3972
875.82922	1650.8932
875.88	1360.1821
875.93079	1454.3837
875.98163	1375.5214
876.03241	1524.7285
876.08319	1408.9241
876.13397	1562.3809
876.18481	1411.5173
876.2356	1367.4459
876.28638	1388.348
876.33716	1384.8527
876.388	1425.6907
876.43878	1431.39
876.48956	1369.8975
876.54034	1391.9591
876.59119	1313.13
876.64197	1316.4688
876.69275	1349.5255
876.74353	1359.6743
876.79437	1338.4541
876.84515	1400.6179
876.89594	1567.8331
876.94672	1606.6812
876.99756	1502.8693
877.04834	1476.7197
877.09912	1532.1798
877.1499	1514.2238
877.20068	1558.9591
877.25153	1465.1323
877.30231	1369.2798
877.35309	1301.8151
877.40387	1411.8152
877.45471	1461.1918
877.50549	1360.7699
877.55627	1395.4263
877.60706	1488.3987
877.6579	1488.9055
877.70868	1548.7629
877.75946	1443.5668
877.81024	1395.8503
877.86108	1427.8398
877.91187	1583.9835
877.96265	1583.7725
878.01343	1417.5808
878.06427	1371.0011
878.11505	1413.7013
878.16583	1468.9919
878.21661	1475.11
878.26746	1346.1693
878.31824	1358.8828
878.36902	1458.0536
878.4198	1345.5292
878.47064	1394.9811
878.52142	1647.9319
878.5722	1569.594
878.62299	1490.1086
878.67383	1362.3717
878.72461	1373.5042
878.77539	1428.7419
878.82617	1352.3051
878.87701	1349.726
878.9278	1366.8442
878.97858	1381.1652
879.02936	1414.7291
879.0802	1329.7421
879.13098	1354.0786
879.18176	1508.0951
879.23254	1457.631
879.28339	1409.2477
879.33417	1340.6166
879.38495	1387.1763
879.43573	1433.2603
879.48657	1363.1024
879.53735	1478.014
879.58813	1442.9987
879.63892	1434.6299
879.68976	1577.9468
879.74054	1597.3911
879.79132	1417.5387
879.8421	1367.64
879.89294	1362.3313
879.94373	1403.2875
879.99451	1391.645
880.04529	1422.7871
880.09613	1358.7385
880.14691	1477.3629
880.19769	1463.2299
880.24847	1340.9789
880.29932	1378.7885
880.3501	1475.075
880.40088	1449.262
880.45166	1995.8107
880.50244	1437.8269
880.55328	1375.9767
880.60406	1419.453
880.65485	1433.1393
880.70563	1452.1021
880.75647	1631.036
880.80725	1529.8666
880.85803	1483.2115
880.90881	1427.5952
880.95966	1389.5714
881.01044	1345.6738
881.06122	1372.3407
881.112	1405.8763
881.16284	1379.3284
881.21362	1369.1556
881.2644	1407.8518
881.31519	1493.2985
881.36603	1521.1918
881.41681	1442.5067
881.46759	1549.9441
881.51837	1337.6986
881.56921	1297.1608
881.62	1309.5234
881.67078	1344.4438
881.72156	1362.608
881.7724	1381.7131
881.82318	1419.0355
881.87396	1339.9314
881.92474	1353.4537
881.97559	1353.4076
882.02637	1402.1917
882.07715	1586.0806
882.12793	1344.4858
882.17877	1371.7563
882.22955	1442.2758
882.28033	1485.3573
882.33112	1378.53
882.38196	1363.2506
882.43274	1406.1001
882.48352	1476.0605
882.5343	1383.5731
882.58514	1386.8761
882.63593	1434.3489
882.68671	1323.7836
882.73749	1307.6554
882.78833	1353.4448
882.83911	1362.1471
882.88989	1548.0288
882.94067	1397.5538
882.99152	1387.3873
883.0423	1433.83
883.09308	1699.2086
883.14386	1678.4395
883.1947	1352.5457
883.24548	1352.5217
883.29626	1474.4822
883.34705	1692.29
883.39789	1471.8279
883.44867	1413.5586
883.49945	1413.4459
883.55023	1429.9664
883.60101	1580.7937
883.65186	1346.36
883.70264	1312.9683
883.75342	1388.8457
883.8042	1387.6844
883.85504	1344.8246
883.90582	1316.8612
883.9566	1371.9476
884.00739	1367.4801
884.05823	1335.7991
884.10901	1319.7354
884.15979	1415.7767
884.21057	1399.6257
884.26141	1535.2537
884.31219	1596.7821
884.36298	1354.9275
884.41376	1387.3929
884.4646	1429.4877
884.51538	1363.3224
884.56616	1391.9913
884.61694	1360.5896
884.66779	1323.9442
884.71857	1304.3307
884.76935	1383.4996
884.82013	1546.1996
884.87097	1434.8182
884.92175	1439.0951
884.97253	1569.2336
885.02332	1461.2191
885.07416	1495.8925
885.12494	1444.8422
885.17572	1408.9596
885.2265	1437.5652
885.27734	1334.0659
885.32813	1341.7489
885.37891	1353.884
885.42969	1377.2234
885.48053	1571.5485
885.53131	1519.9135
885.58209	1314.8762
885.63287	1393.4513
885.68372	1489.6361
885.7345	1461.3591
885.78528	1367.4899
885.83606	1386.8955
885.8869	1512.3567
885.93768	1433.0215
885.98846	1386.6455
886.03925	1522.7736
886.09009	1479.5204
886.14087	1352.6179
886.19165	1343.5146
886.24243	1389.3813
886.29327	1540.3907
886.34406	1447.353
886.39484	1328.4708
886.44562	1326.9545
886.49646	1342.076
886.54724	1316.6578
886.59802	1666.0243
886.6488	1617.4774
886.69965	1393.493
886.75043	1439.6021
886.80121	1528.2368
886.85199	1372.7437
886.90277	1298.4438
886.95361	1368.9138
887.00439	1440.7916
887.05518	1348.9337
887.10596	1318.4866
887.1568	1391.92
887.20758	1451.35
887.25836	1426.6443
887.30914	1524.72
887.35999	1421.408
887.41077	1413.7832
887.46155	1425.9106
887.51233	1502.9061
887.56317	1435.7113
887.61395	1361.9836
887.66473	1313.0359
887.71552	1332.9084
887.76636	1289.553
887.81714	1552.5851
887.86792	1500.0162
887.9187	1320.5475
887.96954	1307.2158
888.02032	1416.4236
888.07111	1367.6019
888.12189	1332.0236
888.17273	1362.6736
888.22351	1386.4807
888.27429	1333.502
888.32507	1582.6398
888.37592	1412.7631
888.4267	1396.1887
888.47748	1353.7621
888.52826	1387.024
888.5791	1426.7104
888.62988	1390.5548
888.68066	1478.8055
888.73145	1372.3235
888.78229	1443.6791
888.83307	1540.8872
888.88385	1789.3093
888.93463	1404.0737
888.98547	1360.1257
889.03625	1351.4391
889.08704	1383.7183
889.13782	1348.5647
889.18866	1335.5747
889.23944	1433.52
889.29022	1419.797
889.341	1580.0647
889.39185	1435.5137
889.44263	1377.3125
889.49341	1382.4048
889.54419	1367.7567
889.59503	1463.1084
889.64581	1380.3932
889.69659	1394.8348
889.74738	1262.5684
889.79822	1385.2898
889.849	1351.4572
889.89978	1383.5305
889.95056	1414.7415
890.00134	1348.0632
890.05219	1326.7396
890.10297	1399.8787
890.15375	1589.1371
890.20453	1385.486
890.25537	1368.7072
890.30615	1441.1973
890.35693	1584.6631
890.40771	1366.5785
890.45856	1408.6782
890.50934	1860.7118
890.56012	1404.4724
890.6109	1362.4659
890.66174	1462.1791
890.71252	1361.9642
890.76331	1400.3652
890.81409	1442.4778
890.86493	1295.8831
890.91571	1360.1035
890.96649	1688.7469
891.01727	1357.3329
891.06812	1351.8075
891.1189	1487.2834
891.16968	1465.9154
891.22046	1334.9271
891.2713	1362.4985
891.32208	1460.0029
891.37286	1463.5558
891.42365	1390.2134
891.47449	1389.3035
891.52527	1414.3551
891.57605	1355.1497
891.62683	1538.8285
891.67767	1377.2115
891.72845	1346.9716
891.77924	1400.3318
891.83002	1449.4523
891.88086	1450.6471
891.93164	1351.1724
891.98242	1468.459
892.0332	1390.9926
892.08405	1341.0492
892.13483	1280.251
892.18561	1308.0032
892.23639	1670.5168
892.28723	1521.3688
892.33801	1341.1101
892.38879	1347.7407
892.43958	1400.3932
892.49042	1368.025
892.5412	1345.5806
892.59198	1374.4869
892.64276	1479.0328
892.6936	1478.6141
892.74438	1387.0203
892.79517	1516.2738
892.84595	1563.7289
892.89679	1431.1815
892.94757	1379.8386
892.99835	1314.5375
893.04913	1462.9893
893.09998	1466.6389
893.15076	1366.5946
893.20154	1421.1599
893.25232	1425.054
893.3031	1555.842
893.35394	1380.1487
893.40472	1398.0984
893.45551	1371.4574
893.50629	1315.52
893.55713	1332.2069
893.60791	1378.9526
893.65869	1382.2009
893.70947	1390.697
893.76031	1381.9546
893.8111	1425.4429
893.86188	1589.8623
893.91266	1759.2091
893.9635	1468.6418
894.01428	1436.491
894.06506	1363.1708
894.11584	1371.6479
894.16669	1417.2865
894.21747	1457.5454
894.26825	1498.0084
894.31903	1455.0378
894.36987	1427.3529
894.42065	1408.7396
894.47144	1456.012
894.52222	1400.9053
894.57306	1356.4561
894.62384	1405.3354
894.67462	1297.0175
894.7254	1314.7142
894.77625	1412.988
894.82703	1298.8032
894.87781	1448.4309
894.92859	1531.9969
894.97943	1440.9054
895.03021	1468.5065
895.08099	1470.9622
895.13177	1385.0824
895.18262	1403.5934
895.2334	1401.1415
895.28418	1313.2224
895.33496	1365.8292
895.3858	1352.7903
895.43658	1306.2369
895.48737	1364.2568
895.53815	1308.338
895.58899	1274.8582
895.63977	1358.4666
895.69055	1383.7235
895.74133	1358.0636
895.79218	1539.6794
895.84296	1558.7372
895.89374	1494.2753
895.94452	1424.5516
895.99536	1423.7815
896.04614	1431.2655
896.09692	1366.4735
896.14771	1399.6107
896.19855	1434.8406
896.24933	1380.8516
896.30011	1444.1879
896.35089	1464.2299
896.40167	1376.3486
896.45251	1396.6357
896.5033	1338.9585
896.55408	1345.9535
896.60486	1396.9188
896.6557	1457.4611
896.70648	1497.4329
896.75726	1427.5021
896.80804	1391.12
896.85889	1620.2728
896.90967	1598.4296
896.96045	1379.6775
897.01123	1427.6643
897.06207	1374.6617
897.11285	1366.4795
897.16364	1353.5464
897.21442	1373.1262
897.26526	1297.0378
897.31604	1412.2642
897.36682	1356.8617
897.4176	1351.4379
897.46844	1497.4529
897.51923	1410.9844
897.57001	1344.3503
897.62079	1320.3181
897.67163	1291.9674
897.72241	1490.0433
897.77319	1430.9834
897.82397	1366.6567
897.87482	1352.6106
897.9256	1530.9335
897.97638	1323.0562
898.02716	1273.0964
898.078	1502.1375
898.12878	1575.0065
898.17957	1415.6287
898.23035	1378.6299
898.28119	1334.0555
898.33197	1349.8489
898.38275	1512.2813
898.43353	1366.3135
898.48438	1458.9189
898.53516	1347.2686
898.58594	1383.7887
898.63672	1602.5984
898.68756	1535.8665
898.73834	1350.5188
898.78912	1351.8787
898.8399	1347.09
898.89075	1319.6891
898.94153	1375.9591
898.99231	1377.8024
899.04309	1414.6952
899.09393	1381.2144
899.14471	1627.3212
899.1955	1358.4465
899.24628	1405.6653
899.29712	1626.2418
899.3479	1395.0815
899.39868	1640.7021
899.44946	1382.3726
899.50024	1372.9152
899.55109	1374.1875
899.60187	1310.8182
899.65265	1359.8098
899.70343	1438.725
899.75427	1476.8881
899.80505	1442.7687
899.85583	1519.5624
899.90662	1381.0142
899.95746	1358.2761
900.00824	1447.0233
900.05902	1685.3118
900.1098	1414.8434
900.16064	1326.9858
900.21143	1346.3364
900.26221	1409.9946
900.31299	1378.6018
900.36383	1404.4185
900.41461	1475.4326
900.46539	1315.7148
900.51617	1248.7711
900.56702	1340.6671
900.6178	1449.5913
900.66858	1373.4805
900.71936	1395.4967
900.7702	1490.0793
900.82098	1404.9995
900.87177	1432.1743
900.92255	1493.3401
900.97339	1908.7396
901.02417	1809.0598
901.07495	1478.1028
901.12573	1339.2324
901.17657	1369.5597
901.22736	1385.2977
901.27814	1362.4789
901.32892	1363.8082
901.37976	1373.5643
901.43054	1422.2794
901.48132	1408.069
901.5321	1383.5037
901.58295	1463.4108
901.63373	1557.0406
901.68451	1510.1664
901.73529	1303.8518
901.78613	1370.1582
901.83691	1402.7421
901.8877	1343.4023
901.93848	1369.7816
901.98932	1482.7206
902.0401	1615.2328
902.09088	1479.582
902.14166	1324.7065
902.1925	1324.7905
902.24329	1470.0521
902.29407	1549.7611
902.34485	1438.8724
902.39569	1415.656
902.44647	1391.8123
902.49725	1555.1394
902.54803	1504.9211
902.59888	1333.3833
902.64966	1516.5568
902.70044	1510.5514
902.75122	1374.6832
902.802	1316.8473
902.85284	1399.092
902.90363	1379.1823
902.95441	1291.1547
903.00519	1337.4207
903.05603	1835.0513
903.10681	1661.2622
903.15759	1316.4447
903.20837	1581.5192
903.25922	1499.65
903.31	1361.0509
903.36078	1406.6638
903.41156	1433.8729
903.4624	1325.1926
903.51318	1361.4103
903.56396	1346.3905
903.61475	1419.2439
903.66559	1349.6592
903.71637	1395.9656
903.76715	1435.9182
903.81793	1337.3218
903.86877	1382.6057
903.91956	1454.22
903.97034	1416.9015
904.02112	1516.551
904.07196	1339.1923
904.12274	1411.9349
904.17352	1461.2472
904.2243	1344.2572
904.27515	1343.5258
904.32593	1295.4941
904.37671	1352.1116
904.42749	1553.6667
904.47833	1378.1353
904.52911	1249.7297
904.5799	1297.2515
904.63068	1430.812
904.68152	1424.7421
904.7323	1457.47
904.78308	1370.9503
904.83386	1419.8108
904.8847	1415.2317
904.93549	1417.4004
904.98627	1725.9417
905.03705	1443.4103
905.08789	1395.8593
905.13867	1316.5475
905.18945	1750.7546
905.24023	1459.7504
905.29108	1318.6398
905.34186	1329.1512
905.39264	1291.0985
905.44342	1377.0645
905.49426	1364.5718
905.54504	2562.7314
905.59583	1425.9087
905.64661	1336.3778
905.69745	1458.5554
905.74823	1446.3911
905.79901	1308.7595
905.84979	1327.897
905.90057	1331.428
905.95142	1424.6719
906.0022	1314.0237
906.05298	1387.8641
906.10376	1453.2532
906.1546	1502.8285
906.20538	1453.6163
906.25616	1444.7484
906.30695	1309.385
906.35779	1375.9396
906.40857	1373.5734
906.45935	1511.9717
906.51013	1322.7415
906.56097	1326.5394
906.61176	1311.9896
906.66254	1306.6078
906.71332	1278.4447
906.76416	1515.0983
906.81494	1448.2753
906.86572	1302.4944
906.9165	1418.3512
906.96735	1446.7682
907.01813	1340.6208
907.06891	1365.9349
907.11969	1365.783
907.17053	1336.9033
907.22131	1412.9543
907.27209	1569.3209
907.32288	1370.1469
907.37372	1347.9895
907.4245	1293.4612
907.47528	1374.0626
907.52606	1385.0291
907.5769	1357.4738
907.62769	1368.6907
907.67847	1320.8716
907.72925	1377.5216
907.78009	1480.2589
907.83087	1596.3656
907.88165	1288.9283
907.93243	1322.5513
907.98328	1364.0121
908.03406	1387.1664
908.08484	1343.4567
908.13562	1322.0594
908.18646	1310.017
908.23724	1364.6843
908.28802	1512.4358
908.33881	1467.3258
908.38965	1444.848
908.44043	1385.9326
908.49121	1388.8318
908.54199	1447.6404
908.59283	1468.7168
908.64362	1419.519
908.6944	1337.0165
908.74518	1341.0376
908.79602	1297.6729
908.8468	1395.2314
908.89758	1363.0687
908.94836	1272.2855
908.99921	1328.3868
909.04999	1498.2177
909.10077	1490.5568
909.15155	1382.754
909.20233	1346.4506
909.25317	1371.6906
909.30396	1311.6624
909.35474	1364.7462
909.40552	1571.8806
909.45636	1578.1268
909.50714	1359.8557
909.55792	1362.0984
909.6087	1456.8506
909.65955	1381.5173
909.71033	1428.0469
909.76111	1403.7988
909.81189	1331.354
909.86273	1535.6449
909.91351	1501.3412
909.96429	1390.1003
910.01508	1546.12
910.06592	1483.3762
910.1167	1349.4845
910.16748	1352.7336
910.21826	1369.1835
910.2691	1411.6849
910.31989	1368.1331
910.37067	1407.0094
910.42145	1386.8906
910.47229	1335.2816
910.52307	1440.7244
910.57385	1401.2721
910.62463	1314.6227
910.67548	1453.4084
910.72626	1294.9366
910.77704	1383.9659
910.82782	1341.8967
910.87866	1384.2383
910.92944	1370.5649
910.98022	1344.1055
911.03101	1288.5403
911.08185	1269.3046
911.13263	1411.9729
911.18341	1519.5634
911.23419	1394.7059
911.28503	1315.6483
911.33582	1358.4902
911.3866	1419.0967
911.43738	1333.3365
911.48822	1318.2458
911.539	1382.0856
911.58978	1422.6401
911.64056	1413.6741
911.69141	1407.4324
911.74219	1478.0228
911.79297	1382.8433
911.84375	1424.7371
911.89459	1336.9137
911.94537	1412.0641
911.99615	1440.3611
912.04694	1323.5121
912.09778	1418.8247
912.14856	1328.8029
912.19934	1599.343
912.25012	1462.5884
912.3009	1381.2336
912.35175	1302.9879
912.40253	1361.9249
912.45331	1358.3617
912.50409	1366.7607
912.55493	1377.6492
912.60571	1299.3748
912.65649	1327.293
912.70728	1428.684
912.75812	1415.9012
912.8089	1899.1525
912.85968	1498.5325
912.91046	1413.6798
912.9613	1333.9154
913.01208	1314.134
913.06287	1367.7368
913.11365	1399.7526
913.16449	1535.8807
913.21527	1550.0887
913.26605	1328.7767
913.31683	1322.4227
913.36768	1336.7354
913.41846	1343.468
913.46924	1385.4065
913.52002	1294.0167
913.57086	1340.5596
913.62164	1300.1952
913.67242	1367.5635
913.72321	1272.1747
913.77405	1407.0179
913.82483	1642.7843
913.87561	1475.731
913.92639	1467.0811
913.97723	1459.0122
914.02802	1373.1414
914.0788	1338.3088
914.12958	1314.4548
914.18042	1273.4276
914.2312	1328.1001
914.28198	1320.8025
914.33276	1248.2162
914.38361	1335.7496
914.43439	1397.6178
914.48517	1278.5372
914.53595	1374.3569
914.58679	1444.9769
914.63757	1306.2996
914.68835	1385.5835
914.73914	1633.512
914.78998	1451.623
914.84076	1365.0436
914.89154	1454.7931
914.94232	1334.6852
914.99316	1294.2581
915.04395	1304.8536
915.09473	1403.9923
915.14551	1390.131
915.19635	1411.2684
915.24713	1493.783
915.29791	1361.6763
915.34869	1347.1293
915.39954	1375.8829
915.45032	1319.6298
915.5011	1368.4674
915.55188	1454.609
915.60266	1510.4836
915.6535	1478.7054
915.70428	1413.8121
915.75507	1740.7363
915.80585	1683.2256
915.85669	1368.5062
915.90747	1422.4769
915.95825	1434.0116
916.00903	1369.7222
916.05988	1380.6843
916.11066	1347.8516
916.16144	1359.2234
916.21222	1401.8755
916.26306	1373.994
916.31384	1343.2805
916.36462	1368.848
916.41541	1359.6841
916.46625	1374.0006
916.51703	1391.9191
916.56781	1314.2383
916.61859	1429.9449
916.66943	1489.0193
916.72021	1439.0929
916.771	1368.5793
916.82178	1558.0544
916.87262	1412.9331
916.9234	1340.0459
916.97418	1551.7758
917.02496	1557.6757
917.07581	1407.1465
917.12659	1378.1202
917.17737	1350.9791
917.22815	1326.9552
917.27899	1504.1036
917.32977	1384.5332
917.38055	1389.1694
917.43134	1322.3544
917.48218	1439.3716
917.53296	1633.7644
917.58374	1497.4923
917.63452	1342.6827
917.68536	1336.3882
917.73615	1302.9547
917.78693	1249.2998
917.83771	1378.0376
917.88855	1350.7416
917.93933	1407.8555
917.99011	1358.5773
918.04089	1717.3602
918.09174	1397.3163
918.14252	1520.8477
918.1933	1664.1493
918.24408	1346.2828
918.29492	1366.3456
918.3457	1314.3757
918.39648	1378.2557
918.44727	1317.5039
918.49811	1298.3494
918.54889	1270.5697
918.59967	1329.1005
918.65045	1369.9355
918.70123	1347.3228
918.75208	1557.9913
918.80286	1475.9574
918.85364	1286.0179
918.90442	1421.6613
918.95526	1918.0647
919.00604	1486.9832
919.05682	1197.382
919.1076	1259.6766
919.15845	1302.1251
919.20923	1326.3682
919.26001	1354.3301
919.31079	1372.6191
919.36163	1384.4551
919.41241	1327.9886
919.4632	1446.9749
919.51398	1520.1973
919.56482	1372.9193
919.6156	1429.986
919.66638	1582.6222
919.71716	1460.6508
919.76801	1571.9358
919.81879	1617.2054
919.86957	2257.0076
919.92035	1965.8724
919.97119	1629.2002
920.02197	1324.2732
920.07275	1270.6519
920.12354	1339.3917
920.17438	1358.3772
920.22516	1386.9856
920.27594	1338.265
920.32672	1376.288
920.37756	1459.7582
920.42834	1449.7101
920.47913	1505.9594
920.52991	1757.6327
920.58075	1662.3186
920.63153	1301.1006
920.68231	1343.9169
920.73309	1302.8899
920.78394	1283.7634
920.83472	1361.7849
920.8855	1448.1694
920.93628	1406.9805
920.98712	1375.0376
921.0379	1415.0007
921.08868	1419.123
921.13947	1362.4813
921.19031	1332.7218
921.24109	1405.7048
921.29187	1466
921.34265	1457.9076
921.39349	1576.1251
921.44427	1449.853
921.49506	1317.9744
921.54584	1734.0026
921.59668	1595.4076
921.64746	1421.2312
921.69824	1341.4141
921.74902	1509.1697
921.79987	1364.7438
921.85065	1318.3385
921.90143	1468.9652
921.95221	2514.978
922.00299	1790.2501
922.05383	1261.3997
922.10461	1412.7711
922.1554	1417.8701
922.20618	1385.849
922.25702	1426.6829
922.3078	1460.3151
922.35858	1300.4078
922.40936	1324.4742
922.46021	1301.1031
922.51099	1506.5463
922.56177	1487.6176
922.61255	1372.5018
922.66339	1388.3219
922.71417	1332.3005
922.76495	1306.2808
922.81573	1319.1456
922.86658	1348.9581
922.91736	1412.2471
922.96814	1197.214
923.01892	1323.8859
923.06976	1569.4805
923.12054	1460.5474
923.17133	1464.6761
923.22211	1309.4065
923.27295	1449.4822
923.32373	1276.001
923.37451	1277.3796
923.42529	1228.7638
923.47614	1227.713
923.52692	1471.5919
923.5777	1492.6993
923.62848	1617.7416
923.67932	1330.9937
923.7301	1261.4125
923.78088	1376.4061
923.83167	1443.4083
923.88251	1882.0408
923.93329	1457.9329
923.98407	1449.7275
924.03485	1390.0649
924.08569	1962.77
924.13647	1264.3486
924.18726	1279.7963
924.23804	1300.8152
924.28888	1334.9235
924.33966	1426.0801
924.39044	1898.3518
924.44122	3113.6187
924.49207	1434.884
924.54285	1330.9363
924.59363	1416.2488
924.64441	1307.5095
924.69525	1408.1304
924.74603	1389.5012
924.79681	1399.1465
924.8476	1402.6973
924.89844	1481.1641
924.94922	1477.7206
925	1422.0427
