750	1696.9384
750.05084	1710.8481
750.10168	2072.2207
750.15253	1785.4362
750.20337	1853.627
750.25421	1766.8353
750.30505	1827.8718
750.35583	1822.7727
750.40668	1762.2941
750.45752	1800.8232
750.50836	1657.4772
750.5592	1673.4448
750.61005	1722.8848
750.66089	2195.2961
750.71173	1645.963
750.76257	1666.9146
750.81342	1912.4231
750.86426	1698.8121
750.9151	1763.277
750.96588	1795.9744
751.01672	1798.1383
751.06757	1656.996
751.11841	1681.4515
751.16925	1681.0868
751.22009	1737.5969
751.27094	1717.3331
751.32178	1963.1665
751.37262	1987.4318
751.42346	1683.1484
751.4743	1673.8986
751.52515	1645.1285
751.57593	1684.4094
751.62677	2034.9282
751.67761	1753.8549
751.72845	1599.6482
751.7793	1613.8223
751.83014	1627.0553
751.88098	1657.0078
751.93182	1701.0005
751.98267	1655.8344
752.03351	1567.7081
752.08435	1540.2719
752.13519	1583.7133
752.18604	1581.6527
752.23682	1715.592
752.28766	1668.3888
752.3385	1620.1918
752.38934	1588.0031
752.44019	1568.2534
752.49103	1618.3579
752.54187	1586.7766
752.59271	1599.3976
752.64355	1603.4602
752.6944	1631.0881
752.74524	1676.3881
752.79608	1641.3354
752.84686	1608.7478
752.89771	1831.4324
752.94855	1915.7485
752.99939	1836.7434
753.05023	2025.4885
753.10107	1539.999
753.15192	1495.0035
753.20276	1435.553
753.2536	1453.6389
753.30444	1620.7919
753.35529	1818.0779
753.40613	1512.3889
753.45691	1520.8744
753.50775	1441.4926
753.55859	1632.1959
753.60944	2018.0704
753.66028	1514.983
753.71112	1427.0054
753.76196	1593.9149
753.81281	1638.354
753.86365	1542.1096
753.91449	1413.3148
753.96533	1409.6726
754.01617	1484.8951
754.06696	1391.1334
754.1178	1454.7374
754.16864	1578.2897
754.21948	1423.0858
754.27032	1438.5508
754.32117	1500.1946
754.37201	1506.3969
754.42285	1587.219
754.47369	1976.689
754.52454	1494.8446
754.57538	1493.1395
754.62622	1519.8817
754.67706	1513.9181
754.72784	1400.4443
754.77869	2101.749
754.82953	1621.8041
754.88037	1465.3037
754.93121	1716.5612
754.98206	1531.3669
755.0329	1485.3335
755.08374	1457.9868
755.13458	1451.4238
755.18542	1477.2207
755.23627	1427.3081
755.28711	1505.672
755.33789	1441.23
755.38873	1518.5634
755.43958	1489.7648
755.49042	1529.6797
755.54126	1430.0463
755.5921	1547.8783
755.64294	1428.99
755.69379	1467.2555
755.74463	1522.1487
755.79547	1382.6199
755.84631	1391.8833
755.89716	2098.5073
755.94794	1747.488
755.99878	1507.8329
756.04962	1587.316
756.10046	1603.6326
756.15131	1479.562
756.20215	1413.7166
756.25299	1430.4178
756.30383	1374.2258
756.35468	1847.4795
756.40552	1643.6697
756.45636	1595.0569
756.5072	1521.3312
756.55804	1490.8318
756.60883	1362.001
756.65967	1302.4475
756.71051	1391.3735
756.76135	1795.6346
756.81219	1780.9731
756.86304	1465.972
756.91388	1518.6119
756.96472	1559.4866
757.01556	1506.9675
757.06641	1438.8375
757.11725	1391.3569
757.16809	1478.0236
757.21887	1594.4824
757.26971	1527.8423
757.32056	1425.6104
757.3714	1504.9727
757.42224	1471.8887
757.47308	1330.957
757.52393	1357.0795
757.57477	1453.2372
757.62561	1402.5044
757.67645	1417.4509
757.72729	1418.0392
757.77814	1366.7554
757.82892	1397.8112
757.87976	1418.764
757.9306	1371.827
757.98145	1355.0896
758.03229	1247.4653
758.08313	1304.4043
758.13397	1529.3987
758.18481	1484.4813
758.23566	1378.1606
758.2865	1511.2344
758.33734	1508.1876
758.38818	1443.4116
758.43896	1275.4591
758.48981	1481.8187
758.54065	1909.8047
758.59149	1675.6281
758.64233	1912.1874
758.69318	1371.0598
758.74402	1411.7711
758.79486	1672.8231
758.8457	1291.7892
758.89655	1498.9526
758.94739	1811.4264
758.99823	1386.8762
759.04907	1429.1272
759.09985	1442.2832
759.1507	1432.5415
759.20154	1455.1686
759.25238	1729.7574
759.30322	1430.2339
759.35406	1399.312
759.40491	1505.6191
759.45575	1337.5258
759.50659	1505.7551
759.55743	1415.8623
759.60828	1339.0613
759.65912	1380.6659
759.7099	1328.5197
759.76074	1312.9186
759.81158	1301.8982
759.86243	1390.9255
759.91327	1434.1
759.96411	1319.0964
760.01495	1298.7354
760.0658	1541.486
760.11664	1445.3962
760.16748	1374.7477
760.21832	1560.702
760.26917	1546.9915
760.31995	1403.8688
760.37079	1402.9714
760.42163	1348.0193
760.47247	1310.0277
760.52332	1449.665
760.57416	1444.632
760.625	1402.1089
760.67584	1412.3417
760.72668	1416.0675
760.77753	1508.2555
760.82837	1510.4888
760.87921	1363.4111
760.93005	1366.6146
760.98083	1340.4491
761.03168	1579.5001
761.08252	1765.6191
761.13336	1503.3845
761.1842	1353.1398
761.23505	1394.5411
761.28589	1337.4507
761.33673	1310.405
761.38757	1337.8384
761.43842	1255.8687
761.48926	1319.2631
761.5401	1294.4656
761.59088	1305.234
761.64172	1595.5281
761.69257	1594.1595
761.74341	1438.0951
761.79425	1351.7295
761.84509	1350.6093
761.89594	1436.5471
761.94678	1420.0681
761.99762	1307.9783
762.04846	1250.4158
762.0993	1271.6875
762.15015	1325.266
762.20093	1367.0824
762.25177	1317.8149
762.30261	1470.5854
762.35345	1529.0359
762.4043	1283.698
762.45514	1272.5214
762.50598	1306.0944
762.55682	1385.8612
762.60767	1436.3126
762.65851	1383.636
762.70935	1463.0902
762.76019	1457.6364
762.81104	1483.6481
762.86182	1589.7162
762.91266	1501.3389
762.9635	1303.6929
763.01434	1380.2491
763.06519	1405.1757
763.11603	1398.7567
763.16687	1390.5864
763.21771	1386.7166
763.26855	1367.3452
763.3194	1440.7915
763.37024	1390.045
763.42108	1266.012
763.47186	1325.776
763.52271	1581.8237
763.57355	1472.5297
763.62439	2073.1985
763.67523	1333.4104
763.72607	1388.6846
763.77692	1413.0283
763.82776	1370.2866
763.8786	1441.1768
763.92944	1639.4385
763.98029	1533.5344
764.03113	1550.6327
764.08191	1486.1008
764.13275	1354.0728
764.18359	1353.0796
764.23444	1334.0358
764.28528	1481.379
764.33612	1259.8068
764.38696	1469.4646
764.43781	1374.9899
764.48865	1491.1461
764.53949	1511.9357
764.59033	1373.6348
764.64117	1820.1217
764.69196	1262.7375
764.7428	1250.7589
764.79364	1249.0979
764.84448	1288.5299
764.89532	1363.6401
764.94617	1337.6359
764.99701	1402.537
765.04785	1315.9054
765.09869	1297.9536
765.14954	1346.5706
765.20038	1269.8352
765.25122	1751.9301
765.30206	1404.2383
765.35284	1269.5459
765.40369	1354.505
765.45453	1482.4886
765.50537	1383.5615
765.55621	1309.1605
765.60706	1322.8585
765.6579	1409.1091
765.70874	1437.0515
765.75958	1314.303
765.81042	1414.1484
765.86127	1388.7274
765.91211	1343.0913
765.96289	1306.9734
766.01373	1293.3575
766.06458	1541.0424
766.11542	1439.1431
766.16626	1384.6431
766.2171	1406.3861
766.26794	1533.9158
766.31879	1900.2565
766.36963	1481.3951
766.42047	1352.514
766.47131	1374.8466
766.52216	1704.8313
766.57294	1688.356
766.62378	1411.2504
766.67462	1345.2087
766.72546	1305.8589
766.77631	1533.8143
766.82715	1486.6112
766.87799	1241.1442
766.92883	1256.9744
766.97968	1373.9014
767.03052	1365.1982
767.08136	1301.6641
767.1322	1371.4209
767.18304	1383.8577
767.23383	1301.8838
767.28467	1303.7148
767.33551	1327.5049
767.38635	1361.0018
767.43719	1357.4078
767.48804	1556.1047
767.53888	1596.6238
767.58972	1306.1224
767.64056	1335.7477
767.69141	1377.798
767.74225	1349.3289
767.79309	1413.7078
767.84387	1430.7452
767.89471	1336.5024
767.94556	1318.0967
767.9964	1345.5927
768.04724	1525.3203
768.09808	1413.3815
768.14893	1326.9039
768.19977	1501.6893
768.25061	1476.4006
768.30145	1427.2
768.35229	1539.4598
768.40314	1401.5781
768.45392	1485.5892
768.50476	1291.3539
768.5556	1262.7598
768.60645	1313.6803
768.65729	1313.1333
768.70813	1487.3925
768.75897	1618.726
768.80981	1301.3208
768.86066	1280.4622
768.9115	1429.48
768.96234	1483.4436
769.01318	1333.6194
769.06396	1298.2246
769.11481	1450.5233
769.16565	1474.6266
769.21649	1321.1266
769.26733	1483.1378
769.31818	1549.8959
769.36902	1357.7887
769.41986	1307.7792
769.4707	1357.2561
769.52155	1394.9647
769.57239	1523.8118
769.62323	1280.2947
769.67407	1352.5681
769.72485	1386.7378
769.7757	1391.0109
769.82654	1297.7552
769.87738	1897.5681
769.92822	1409.9579
769.97906	1348.1224
770.02991	1428.8711
770.08075	1443.0386
770.13159	1268.5156
770.18243	1329.1754
770.23328	1281.0419
770.28412	1413.9614
770.3349	1247.3807
770.38574	1312.8287
770.43658	1470.0337
770.48743	1570.6514
770.53827	1413.8589
770.58911	1483.9703
770.63995	1260.8221
770.6908	1395.5042
770.74164	1375.4299
770.79248	1514.3298
770.84332	1398.6783
770.89417	1364.3649
770.94495	1233.2927
770.99579	1279.964
771.04663	1314.3256
771.09747	1603.3512
771.14832	1450.4619
771.19916	1243.9934
771.25	1247.8055
771.30084	1434.8802
771.35168	1279.9612
771.40253	1367.4862
771.45337	1357.5752
771.50421	1300.6954
771.55505	1276.2432
771.60583	1539.937
771.65668	1365.6787
771.70752	1351.9165
771.75836	1246.9835
771.8092	1348.6187
771.86005	1407.9929
771.91089	1356.6005
771.96173	1420.7393
772.01257	1312.3064
772.06342	1337.5735
772.11426	1430.5441
772.1651	1687.347
772.21588	1421.6147
772.26672	1321.0735
772.31757	1316.0703
772.36841	1337.9496
772.41925	1271.6383
772.47009	1253.2697
772.52094	1295.8073
772.57178	1305.5956
772.62262	1502.627
772.67346	1516.443
772.7243	1406.1936
772.77515	1336.99
772.82593	1299.368
772.87677	1424.0504
772.92761	1419.4119
772.97845	1337.5278
773.0293	1307.5745
773.08014	1349.9432
773.13098	1361.7375
773.18182	1367.2762
773.23267	1346.4603
773.28351	1271.7815
773.33435	1252.0475
773.38519	1341.3342
773.43604	1554.4972
773.48682	1539.4869
773.53766	1412.3397
773.5885	1429.0699
773.63934	1377.9203
773.69019	1301.864
773.74103	1324.8309
773.79187	1601.9185
773.84271	1633.0859
773.89355	1338.9355
773.9444	1338.2922
773.99524	1285.391
774.04608	1291.0525
774.09686	1449.4966
774.14771	1387.5154
774.19855	1328.0713
774.24939	1524.7834
774.30023	1601.5873
774.35107	1359.0081
774.40192	1340.2035
774.45276	1480.2767
774.5036	1417.0576
774.55444	1378.1053
774.60529	1436.4285
774.65613	1467.3733
774.70691	1423.7931
774.75775	1378.3589
774.80859	1344.5931
774.85944	1326.9271
774.91028	1430.9629
774.96112	1511.041
775.01196	1369.4442
775.06281	1356.1838
775.11365	1396.0623
775.16449	1407.27
775.21533	1405.8651
775.26617	1281.7533
775.31696	1405.4597
775.3678	1371.7925
775.41864	1303.9655
775.46948	1299.5708
775.52032	1383.4025
775.57117	1568.7964
775.62201	1512.3148
775.67285	1294.004
775.72369	1344.2871
775.77454	1392.7356
775.82538	1442.4314
775.87622	1339.0021
775.92706	1426.0983
775.97784	1389.4684
776.02869	1390.6089
776.07953	1361.6171
776.13037	1486.3203
776.18121	1584.406
776.23206	1455.4933
776.2829	1344.0046
776.33374	1320.9436
776.38458	1422.4562
776.43542	1423.8995
776.48627	1383.4955
776.53711	1313.099
776.58789	1422.0072
776.63873	1647.381
776.68958	1468.3788
776.74042	1399.173
776.79126	1400.2369
776.8421	1328.8213
776.89294	1355.8623
776.94379	1350.1696
776.99463	1360.339
777.04547	1288.1399
777.09631	1339.7601
777.14716	1394.3828
777.19794	1502.0835
777.24878	2018.7438
777.29962	1526.4415
777.35046	1367.603
777.40131	1387.8062
777.45215	1327.3612
777.50299	1284.4417
777.55383	1388.6476
777.60468	1602.2701
777.65552	1660.3975
777.70636	1348.2457
777.7572	1429.8821
777.80804	1353.4567
777.85883	1365.5076
777.90967	1389.3295
777.96051	1362.8864
778.01135	1349.3654
778.06219	1282.7866
778.11304	1290.2631
778.16388	1302.4247
778.21472	1272.5342
778.26556	1604.2246
778.31641	1465.4001
778.36725	1412.7175
778.41809	1475.9033
778.46887	1370.655
778.51971	1374.8207
778.57056	1361.8822
778.6214	1337.0413
778.67224	1294.7766
778.72308	1350.9927
778.77393	1341.7257
778.82477	1328.5896
778.87561	1347.6968
778.92645	1266.5789
778.97729	1336.2432
779.02814	1325.3947
779.07892	1365.1005
779.12976	1302.4437
779.1806	1685.9916
779.23145	1679.7117
779.28229	1424.7722
779.33313	1430.2786
779.38397	1401.4386
779.43481	1390.3247
779.48566	1336.8796
779.5365	1360.0085
779.58734	1414.8983
779.63818	1361.4227
779.68896	1463.191
779.73981	1400.3982
779.79065	1321.8816
779.84149	1373.679
779.89233	1300.4003
779.94318	1290.287
779.99402	1366.4325
780.04486	1438.6364
780.0957	1552.6802
780.14655	1462.7792
780.19739	1405.4705
780.24823	1738.932
780.29907	1627.8496
780.34985	1372.615
780.4007	1417.2399
780.45154	1415.1166
780.50238	1393.0688
780.55322	1458.8849
780.60406	1430.9434
780.65491	1390.8792
780.70575	1400.2762
780.75659	1347.3341
780.80743	1321.0621
780.85828	1354.9884
780.90912	1393.9097
780.9599	1339.2816
781.01074	1321.4833
781.06158	1363.4359
781.11243	1495.9352
781.16327	1567.6094
781.21411	1483.8247
781.26495	1399.5059
781.3158	1448.6011
781.36664	1435.3779
781.41748	1306.2826
781.46832	1458.7141
781.51917	1587.2825
781.56995	1509.2336
781.62079	1436.3383
781.67163	1426.0809
781.72247	1334.1387
781.77332	1400.1147
781.82416	1426.2269
781.875	1351.5083
781.92584	1348.9458
781.97668	1299.1384
782.02753	1499.11
782.07837	1668.4171
782.12921	1495.3907
782.18005	1339.538
782.23083	1288.9336
782.28168	1266.0715
782.33252	1323.755
782.38336	1398.7498
782.4342	1399.0189
782.48505	1441.9188
782.53589	1477.6057
782.58673	1575.8457
782.63757	1397.1267
782.68842	1532.7369
782.73926	1465.3773
782.7901	1322.8842
782.84088	1454.5403
782.89172	1384.526
782.94257	1335.9491
782.99341	1325.884
783.04425	1317.5721
783.09509	1330.4641
783.14594	1403.9115
783.19678	1414.6222
783.24762	1426.2113
783.29846	1525.5327
783.3493	1391.7432
783.40015	1392.243
783.45093	1584.5927
783.50177	1905.4919
783.55261	1492.0493
783.60345	1252.5972
783.6543	1291.8698
783.70514	1411.4802
783.75598	1301.6274
783.80682	1336.6344
783.85767	1404.3801
783.90851	1438.5104
783.95935	1297.2229
784.01019	1414.4286
784.06104	1568.7162
784.11182	1388.6733
784.16266	1370.295
784.2135	1585.8135
784.26434	1436.4858
784.31519	1574.4236
784.36603	1463.985
784.41687	2210.4248
784.46771	1996.4751
784.51855	1697.618
784.5694	1445.8969
784.62024	1352.8953
784.67108	1401.759
784.72186	1451.5244
784.77271	1408.0739
784.82355	1388.4652
784.87439	1417.8401
784.92523	1539.9081
784.97607	1470.6866
785.02692	1413.9218
785.07776	1664.8822
785.1286	1829.8263
785.17944	1317.5977
785.23029	1419.5054
785.28113	1398.7194
785.33191	1282.2507
785.38275	1217.4393
785.43359	1498.8647
785.48444	1590.2778
785.53528	1383.3213
785.58612	1411.6342
785.63696	1483.9896
785.68781	1373.4615
785.73865	1409.2201
785.78949	1371.3995
785.84033	1394.5944
785.89117	1432.2515
785.94196	1412.3802
785.9928	1539.96
786.04364	1364.7515
786.09448	1326.0645
786.14532	1857.0724
786.19617	1491.619
786.24701	1431.7891
786.29785	1307.538
786.34869	1663.7021
786.39954	1309.6953
786.45038	1374.1986
786.50122	1488.0094
786.55206	2500.5203
786.60284	1487.2396
786.65369	1439.5258
786.70453	1463.3311
786.75537	1409.1941
786.80621	1403.7437
786.85706	1443.3947
786.9079	1518.5039
786.95874	1312.7667
787.00958	1370.7494
787.06042	1353.9852
787.11127	1517.5786
787.16211	1451.5309
787.21289	1384.1237
787.26373	1513.0592
787.31458	1326.4937
787.36542	1352.965
787.41626	1398.1392
787.4671	1460.7316
787.51794	1471.5386
787.56879	1353.3477
787.61963	1340.6121
787.67047	1465.6547
787.72131	1483.5182
787.77216	1650.6115
787.82294	1353.8413
787.87378	1376.2565
787.92462	1420.8845
787.97546	1424.5847
788.02631	1328.3293
788.07715	1294.7128
788.12799	1397.0868
788.17883	1462.4637
788.22968	1704.6528
788.28052	1430.2317
788.33136	1422.9108
788.3822	1422.4445
788.43304	1423.3129
788.48383	1660.3514
788.53467	1562.2562
788.58551	1477.0602
788.63635	1541.5731
788.68719	1830.8175
788.73804	1436.1515
788.78888	1368.9335
788.83972	1412.6841
788.89056	1365.1776
788.94141	1420.0287
788.99225	1413.4539
789.04309	2230.4202
789.09387	1760.4381
789.14471	1391.7743
789.19556	1442.317
789.2464	1379.9066
789.29724	1417.525
789.34808	1346.801
789.39893	1393.9781
789.44977	1368.5924
789.50061	1407.8422
789.55145	1494.5269
789.60229	1428.402
789.65314	1421.9473
789.70392	1463.0203
789.75476	1408.3574
789.8056	1327.6975
789.85645	1314.2278
789.90729	1278.7838
789.95813	1375.0426
790.00897	1447.4962
790.05981	1361.5458
790.11066	1355.1161
790.1615	1406.1664
790.21234	1413.6942
790.26318	1353.905
790.31396	1376.4725
790.36481	1496.692
790.41565	1534.429
790.46649	1648.7719
790.51733	1528.3898
790.56818	1321.8231
790.61902	1413.2462
790.66986	1430.3157
790.7207	1377.8508
790.77155	1503.126
790.82239	1486.5566
790.87323	1372.5444
790.92407	1354.9827
790.97485	1433.5913
791.0257	1447.1626
791.07654	1471.2262
791.12738	1459.4338
791.17822	1353.1399
791.22906	1360.9635
791.27991	1349.4551
791.33075	1317.8257
791.38159	1405.2129
791.43243	1379.3553
791.48328	1363.4152
791.53412	1325.8879
791.5849	1296.9519
791.63574	1297.9515
791.68658	1309.9554
791.73743	1328.3578
791.78827	1319.4001
791.83911	1441.6943
791.88995	1566.9579
791.9408	1545.7756
791.99164	1435.6705
792.04248	1471.5583
792.09332	1492.9573
792.14417	1556.5879
792.19495	1486.53
792.24579	1364.4269
792.29663	1336.1296
792.34747	1310.8252
792.39832	1408.0477
792.44916	1421.9471
792.5	1380.6068
792.55084	1386.9958
792.60168	1409.9874
792.65253	1430.9045
792.70337	1515.1281
792.75421	1403.3334
792.80505	1322.439
792.85583	1426.5605
792.90668	1550.8567
792.95752	1501.1239
793.00836	1348.2942
793.0592	1413.4224
793.11005	1407.2695
793.16089	1390.693
793.21173	1417.7745
793.26257	1296.1519
793.31342	1287.6147
793.36426	1422.9772
793.4151	1338.088
793.46588	1361.5629
793.51672	1641.4813
793.56757	1553.3102
793.61841	1472.6323
793.66925	1328.1316
793.72009	1373.5999
793.77094	1385.6311
793.82178	1351.6108
793.87262	1319.187
793.92346	1358.4305
793.9743	1288.6215
794.02515	1367.6085
794.07593	1308.1583
794.12677	1279.2096
794.17761	1468.0452
794.22845	1331.4354
794.2793	1375.3357
794.33014	1313.3081
794.38098	1309.6519
794.43182	1364.229
794.48267	1353.7609
794.53351	1390.8041
794.58435	1397.0641
794.63519	1334.3647
794.68604	1502.9713
794.73682	1588.6768
794.78766	1370.2426
794.8385	1381.9476
794.88934	1366.5164
794.94019	1340.7037
794.99103	1300.3988
795.04187	1397.0386
795.09271	1334.3813
795.14355	1413.8903
795.1944	1366.7505
795.24524	1314.2355
795.29608	1261.0127
795.34686	1481.3165
795.39771	1265.5048
795.44855	1900.6053
795.49939	1519.7506
795.55023	1332.703
795.60107	1368.3234
795.65192	1397.0778
795.70276	1312.5443
795.7536	1478.5957
795.80444	1524.4874
795.85529	1489.0149
795.90613	1400.4645
795.95691	1356.2675
796.00775	1340.4207
796.05859	1307.2797
796.10944	1353.0697
796.16028	1319.8773
796.21112	1413.1345
796.26196	1347.751
796.31281	1389.7646
796.36365	1507.2772
796.41449	1342.4258
796.46533	1546.0483
796.51617	1378.3741
796.56696	1292.4468
796.6178	1259.6292
796.66864	1262.1621
796.71948	1322.1989
796.77032	1340.2681
796.82117	1320.7819
796.87201	1278.3491
796.92285	1293.7577
796.97369	1346.3761
797.02454	1300.3842
797.07538	1485.8309
797.12622	1382.2932
797.17706	1280.9907
797.22784	1329.7512
797.27869	1392.6782
797.32953	1346.892
797.38037	1269.2568
797.43121	1320.9728
797.48206	1389.8243
797.5329	1421.9955
797.58374	1341.1394
797.63458	1353.9449
797.68542	1364.0841
797.73627	1312.2957
797.78711	1303.6372
797.83789	1270.3812
797.88873	1372.0701
797.93958	1418.3676
797.99042	1351.9254
798.04126	1333.8988
798.0921	1425.5627
798.14294	1670.6886
798.19379	1485.2531
798.24463	1299.5813
798.29547	1296.9722
798.34631	1505.3427
798.39716	1605.0159
798.44794	1404.5294
798.49878	1341.3127
798.54962	1328.5569
798.60046	1434.6646
798.65131	1496.0695
798.70215	1273.1537
798.75299	1261.7765
798.80383	1341.6818
798.85468	1340.186
798.90552	1303.7811
798.95636	1288.5972
799.0072	1347.2566
799.05804	1333.1259
799.10883	1297.9391
799.15967	1249.5067
799.21051	1326.2018
799.26135	1322.0725
799.31219	1511.4521
799.36304	1577.7672
799.41388	1322.1296
799.46472	1318.2991
799.51556	1340.3087
799.56641	1314.0465
799.61725	1339.149
799.66809	1316.6052
799.71887	1255.5214
799.76971	1272.0704
799.82056	1326.5619
799.8714	1489.7061
799.92224	1435.6017
799.97308	1360.1204
800.02393	1479.4558
800.07477	1360.5994
800.12561	1379.9506
800.17645	1455.3424
800.22729	1320.9374
800.27814	1349.8042
800.32892	1215.2188
800.37976	1261.1338
800.4306	1249.5941
800.48145	1253.4799
800.53229	1368.5138
800.58313	1491.913
800.63397	1240.8148
800.68481	1251.6254
800.73566	1366.2592
800.7865	1355.4877
800.83734	1263.7913
800.88818	1261.9554
800.93896	1396.2805
800.98981	1448.9075
801.04065	1342.7413
801.09149	1445.9194
801.14233	1548.7849
801.19318	1300.6843
801.24402	1281.2286
801.29486	1382.4973
801.3457	1430.2476
801.39655	1460.3805
801.44739	1196.7285
801.49823	1256.2446
801.54907	1302.9296
801.59985	1303.5635
801.6507	1324.9402
801.70154	1802.8684
801.75238	1317.1234
801.80322	1330.1948
801.85406	1424.2261
801.90491	1387.1271
801.95575	1189.7388
802.00659	1220.5029
802.05743	1207.6428
802.10828	1349.9791
802.15912	1219.1674
802.2099	1217.4712
802.26074	1421.689
802.31158	1443.6309
802.36243	1317.9491
802.41327	1462.03
802.46411	1229.4492
802.51495	1366.7489
802.5658	1270.741
802.61664	1423.8981
802.66748	1277.6188
802.71832	1264.5258
802.76917	1175.2886
802.81995	1241.7568
802.87079	1261.7126
802.92163	1525.3713
802.97247	1401.2461
803.02332	1223.3021
803.07416	1197.613
803.125	1422.8918
803.17584	1267.0525
803.22668	1361.6017
803.27753	1305.679
803.32837	1206.1725
803.37921	1301.9004
803.43005	1568.6609
803.48083	1222.9397
803.53168	1350.8102
803.58252	1232.6987
803.63336	1285.3649
803.6842	1215.2832
803.73505	1289.9622
803.78589	1385.5977
803.83673	1137.3492
803.88757	1304.703
803.93842	1438.6766
803.98926	1730.3427
804.0401	1173.3445
804.09088	1249.1344
804.14172	1178.7073
804.19257	1270.1144
804.24341	1218.5306
804.29425	1234.0736
804.34509	1251.1024
804.39594	1291.6152
804.44678	1537.2623
804.49762	1362.4364
804.54846	1316.4474
804.5993	1311.2217
804.65015	1180.061
804.70093	1383.8406
804.75177	1260.5649
804.80261	1269.724
804.85345	1183.3125
804.9043	1327.1685
804.95514	1242.6382
805.00598	1306.014
805.05682	1297.2405
805.10767	1234.0137
805.15851	1192.5647
805.20935	1330.7706
805.26019	1640.4739
805.31104	1328.0183
805.36182	1235.1226
805.41266	1296.0768
805.4635	1344.6628
805.51434	1276.0248
805.56519	1336.7767
805.61603	1697.7378
805.66687	1399.9427
805.71771	1181.3458
805.76855	1267.6581
805.8194	1247.9393
805.87024	1307.4008
805.92108	1362.1859
805.97186	1237.1533
806.02271	1228.116
806.07355	1625.771
806.12439	1362.7451
806.17523	1186.3772
806.22607	1359.0739
806.27692	1405.0388
806.32776	1235.314
806.3786	1296.7883
806.42944	1340.8481
806.48029	1426.6372
806.53113	1296.8442
806.58191	1281.2422
806.63275	1303.7798
806.68359	1234.8899
806.73444	1395.5537
806.78528	1361.9154
806.83612	1314.7314
806.88696	1264.1906
806.93781	1285.3992
806.98865	1387.5088
807.03949	1301.2289
807.09033	1335.137
807.14117	1317.8036
807.19196	1268.3608
807.2428	1258.8854
807.29364	1214.0897
807.34448	1411.6938
807.39532	1413.4414
807.44617	1280.7836
807.49701	1280.8002
807.54785	1288.2025
807.59869	1337.5795
807.64954	1278.5708
807.70038	1268.1846
807.75122	1252.5967
807.80206	1332.7405
807.85284	1350.2241
807.90369	1420.3666
807.95453	1515.7379
808.00537	1420.6908
808.05621	1368.642
808.10706	1203.8387
808.1579	1275.4789
808.20874	1369.7722
808.25958	1321.9828
808.31042	1366.1385
808.36127	1352.5455
808.41211	1476.7134
808.46289	1481.4319
808.51373	1354.5199
808.56458	1310.5219
808.61542	1290.0311
808.66626	1291.9794
808.7171	1294.791
808.76794	1348.4155
808.81879	1294.3381
808.86963	1318.5992
808.92047	1390.0424
808.97131	1437.4595
809.02216	1804.3969
809.07294	1670.7495
809.12378	1385.9462
809.17462	1306.541
809.22546	1278.6466
809.27631	1299.2207
809.32715	1316.983
809.37799	1429.6259
809.42883	1545.4297
809.47968	1407.0139
809.53052	1253.9778
809.58136	1281.8319
809.6322	1279.9928
809.68304	1266.3606
809.73383	1271.0928
809.78467	1286.7103
809.83551	1227.8433
809.88635	1226.9612
809.93719	1252.9353
809.98804	1253.1206
810.03888	1429.934
810.08972	1505.4355
810.14056	1420.4762
810.19141	1419.5801
810.24225	1330.1755
810.29309	1271.4595
810.34387	1319.333
810.39471	1305.7609
810.44556	1266.421
810.4964	1262.3484
810.54724	1242.3629
810.59808	1188.7118
810.64893	1228.4886
810.69977	1241.3809
810.75061	1260.8007
810.80145	1325.5129
810.85229	1269.2872
810.90314	1238.9762
810.95392	1487.2463
811.00476	1596.9279
811.0556	1391.3295
811.10645	1393.8591
811.15729	1366.8638
811.20813	1281.0769
811.25897	1298.4122
811.30981	1294.8741
811.36066	1378.8251
811.4115	1367.5175
811.46234	1369.8577
811.51318	1419.3373
811.56396	1300.1013
811.61481	1287.0284
811.66565	1285.0985
811.71649	1203.8663
811.76733	1274.8258
811.81818	1380.9902
811.86902	1451.1487
811.91986	1375.9996
811.9707	1327.2926
812.02155	1666.4597
812.07239	1673.4706
812.12323	1293.8647
812.17407	1421.4388
812.22485	1399.9225
812.2757	1299.3662
812.32654	1327.6416
812.37738	1274.7258
812.42822	1298.092
812.47906	1329.3091
812.52991	1308.98
812.58075	1272.8481
812.63159	1301.6658
812.68243	1328.4153
812.73328	1298.9679
812.78412	1285.9368
812.8349	1264.7665
812.88574	1298.832
812.93658	1417.0623
812.98743	1333.9349
813.03827	1326.2584
813.08911	1403.5819
813.13995	1440.2375
813.1908	1207.4908
813.24164	1342.7594
813.29248	1569.0021
813.34332	1459.4685
813.39417	1356.9734
813.44495	1358.8064
813.49579	1230.0648
813.54663	1304.7719
813.59747	1352.7623
813.64832	1277.6449
813.69916	1293.156
813.75	1258.0381
813.80084	1413.1772
813.85168	1572.1161
813.90253	1394.3092
813.95337	1265.0966
814.00421	1265.7249
814.05505	1290.1765
814.10583	1273.7952
814.15668	1297.3485
814.20752	1289.1753
814.25836	1351.0275
814.3092	1423.0139
814.36005	1502.8046
814.41089	1301.9169
814.46173	1508.019
814.51257	1503.6558
814.56342	1289.3372
814.61426	1295.5997
814.6651	1299.8103
814.71588	1283.6775
814.76672	1265.4513
814.81757	1265.7185
814.86841	1277.3314
814.91925	1258.6821
814.97009	1358.4595
815.02094	1383.3542
815.07178	1449.368
815.12262	1347.1471
815.17346	1352.0378
815.2243	1530.1067
815.27515	1819.9276
815.32593	1418.9862
815.37677	1273.5983
815.42761	1270.6487
815.47845	1275.2869
815.5293	1262.1702
815.58014	1299.027
815.63098	1334.985
815.68182	1322.2167
815.73267	1252.7462
815.78351	1423.6703
815.83435	1534.6394
815.88519	1330.4775
815.93604	1331.8245
815.98682	1558.1967
816.03766	1489.2594
816.0885	1554.4093
816.13934	1545.1522
816.19019	2149.0803
816.24103	1816.0758
816.29187	1511.2302
816.34271	1396.4144
816.39355	1306.9169
816.4444	1345.597
816.49524	1341.3191
816.54608	1432.8276
816.59686	1326.8723
816.64771	1374.3766
816.69855	1466.5071
816.74939	1409.3099
816.80023	1384.7688
816.85107	1630.8383
816.90192	1669.2349
816.95276	1283.6792
817.0036	1301.6791
817.05444	1261.6307
817.10529	1202.452
817.15613	1236.3424
817.20691	1435.1648
817.25775	1425.8749
817.30859	1312.5096
817.35944	1337.1351
817.41028	1439.0259
817.46112	1344.5278
817.51196	1337.5858
817.56281	1298.4788
817.61365	1401.1368
817.66449	1359.3251
817.71533	1394.1736
817.76617	1435.5679
817.81696	1289.5363
817.8678	1387.3843
817.91864	1661.6157
817.96948	1349.1913
818.02032	1371.5712
818.07117	1411.2229
818.12201	1551.3837
818.17285	1284.046
818.22369	1341.1062
818.27454	1658.6804
818.32538	2268.7195
818.37622	1433.3741
818.42706	1383.6281
818.47784	1410.4775
818.52869	1343.1697
818.57953	1354.1699
818.63037	1415.6207
818.68121	1418.5614
818.73206	1243.6654
818.7829	1328.6002
818.83374	1350.8693
818.88458	1433.4662
818.93542	1372.8643
818.98627	1284.8578
819.03711	1415.9331
819.08789	1333.2101
819.13873	1296.7515
819.18958	1328.7288
819.24042	1374.7877
819.29126	1338.1849
819.3421	1259.0568
819.39294	1382.2676
819.44379	1464.012
819.49463	1464.1877
819.54547	1508.2462
819.59631	1325.4458
819.64716	1368.8361
819.69794	1405.3998
819.74878	1351.7764
819.79962	1232.7501
819.85046	1214.147
819.90131	1333.1633
819.95215	1490.7596
820.00299	1638.3696
820.05383	1325.3126
820.10468	1304.8567
820.15552	1352.1677
820.20636	1400.8396
820.2572	1613.5913
820.30804	1405.3702
820.35883	1432.2859
820.40967	1513.8298
820.46051	1749.2416
820.51135	1244.7546
820.56219	1356.299
820.61304	1358.946
820.66388	1323.3052
820.71472	1360.0042
820.76556	1530.9795
820.81641	2332.1814
820.86725	1438.4713
820.91809	1270.4606
820.96887	1377.5707
821.01971	1376.0297
821.07056	1307.9185
821.1214	1251.3861
821.17224	1396.6844
821.22308	1351.87
821.27393	1369.0607
821.32477	1456.1083
821.37561	1368.8262
821.42645	1350.7953
821.47729	1403.7346
821.52814	1310.9377
821.57892	1301.9507
821.62976	1258.9578
821.6806	1302.4408
821.73145	1390.1847
821.78229	1365.5615
821.83313	1272.0663
821.88397	1383.3278
821.93481	1388.0864
821.98566	1271.3094
822.0365	1248.1395
822.08734	1385.5764
822.13818	1561.1571
822.18896	1475.8223
822.23981	1600.7582
822.29065	1281.6355
822.34149	1308.6392
822.39233	1441.0653
822.44318	1287.8074
822.49402	1369.0251
822.54486	1545.1432
822.5957	1385.8436
822.64655	1345.8984
822.69739	1336.0142
822.74823	1435.5643
822.79907	1397.4573
822.84985	1440.6333
822.9007	1323.8073
822.95154	1270.4816
823.00238	1339.9655
823.05322	1275.8591
823.10406	1357.3412
823.15491	1337.8118
823.20575	1264.8556
823.25659	1289.7485
823.30743	1260.5961
823.35828	1271.1281
823.40912	1210.902
823.4599	1269.0828
823.51074	1277.9814
823.56158	1278.9207
823.61243	1488.4213
823.66327	1598.4012
823.71411	1393.0592
823.76495	1407.7216
823.8158	1448.262
823.86664	1446.3575
823.91748	1529.255
823.96832	1327.6267
824.01917	1309.4496
824.06995	1232.9591
824.12079	1348.2919
824.17163	1377.5361
824.22247	1311.0013
824.27332	1332.5619
824.32416	1384.8837
824.375	1381.8728
824.42584	1448.5054
824.47668	1381.1053
824.52753	1280.0759
824.57837	1399.3578
824.62921	1483.704
824.68005	1528.5289
824.73083	1340.9446
824.78168	1348.0065
824.83252	1329.7758
824.88336	1352.074
824.9342	1492.4406
824.98505	1261.186
825.03589	1172.2616
825.08673	1311.7762
825.13757	1273.1199
825.18842	1356.3429
825.23926	1519.311
825.2901	1487.5879
825.34088	1503.1606
825.39172	1291.6266
825.44257	1317.6919
825.49341	1372.3752
825.54425	1324.9951
825.59509	1263.3022
825.64594	1259.5826
825.69678	1332.6932
825.74762	1369.0229
825.79846	1297.0426
825.8493	1259.7023
825.90015	1449.7836
825.95093	1298.8967
826.00177	1424.5194
826.05261	1235.2461
826.10345	1224.5996
826.1543	1394.1665
826.20514	1298.7906
826.25598	1352.4562
826.30682	1369.2242
826.35767	1316.5305
826.40851	1438.5446
826.45935	1456.3461
826.51019	1315.1506
826.56104	1336.0166
826.61182	1328.1526
826.66266	1347.5653
826.7135	1317.1241
826.76434	1335.9087
826.81519	1312.0691
826.86603	1413.4573
826.91687	1394.5205
826.96771	1266.8871
827.01855	1182.6805
827.0694	1449.3284
827.12024	1262.7291
827.17108	1847.2133
827.22186	1564.777
827.27271	1285.3624
827.32355	1318.3231
827.37439	1393.1262
827.42523	1310.7485
827.47607	1414.2914
827.52692	1491.8613
827.57776	1438.4386
827.6286	1329.3383
827.67944	1269.5979
827.73029	1299.25
827.78113	1270.5931
827.83191	1331.0184
827.88275	1256.5992
827.93359	1372.8557
827.98444	1363.0118
828.03528	1386.0602
828.08612	1472.4387
828.13696	1338.1692
828.18781	1518.0446
828.23865	1373.6125
828.28949	1245.541
828.34033	1178.9908
828.39117	1223.5547
828.44196	1255.3822
828.4928	1297.5132
828.54364	1330.3135
828.59448	1288.2687
828.64532	1257.7084
828.69617	1284.8801
828.74701	1296.2786
828.79785	1539.2247
828.84869	1364.6595
828.89954	1225.1229
828.95038	1289.2858
829.00122	1371.1075
829.05206	1273.5813
829.10284	1230.1936
829.15369	1278.9126
829.20453	1364.0514
829.25537	1361.6887
829.30621	1236.0171
829.35706	1306.9102
829.4079	1355.9803
829.45874	1286.5383
829.50958	1242.448
829.56042	1224.4153
829.61127	1417.5482
829.66211	1389.4241
829.71289	1317.4551
829.76373	1322.5781
829.81458	1425.7775
829.86542	1657.8362
829.91626	1414.8671
829.9671	1306.2677
830.01794	1265.3251
830.06879	1519.9241
830.11963	1520.3245
830.17047	1395.4667
830.22131	1346.2324
830.27216	1235.121
830.32294	1460.3175
830.37378	1447.7904
830.42462	1219.2914
830.47546	1236.3647
830.52631	1330.1661
830.57715	1305.2114
830.62799	1251.3534
830.67883	1276.3485
830.72968	1308.3964
830.78052	1310.8804
830.83136	1257.1918
830.8822	1212.3765
830.93304	1287.339
830.98383	1270.6732
831.03467	1560.7734
831.08551	1432.8541
831.13635	1236.207
831.18719	1272.2394
831.23804	1300.9468
831.28888	1233.4829
831.33972	1317.2288
831.39056	1288.0916
831.44141	1282.9821
831.49225	1236.7743
831.54309	1301.3041
831.59387	1355.8538
831.64471	1304.7878
831.69556	1385.4132
831.7464	1457.9989
831.79724	1316.2107
831.84808	1496.7396
831.89893	1444.8231
831.94977	1402.7843
832.00061	1361.389
832.05145	1273.8065
832.10229	1232.0813
832.15314	1211.2208
832.20392	1239.3181
832.25476	1447.4854
832.3056	1407.7015
832.35645	1262.574
832.40729	1278.6725
832.45813	1360.5901
832.50897	1337.5481
832.55981	1306.2411
832.61066	1281.212
832.6615	1335.6198
832.71234	1306.1537
832.76318	1323.3545
832.81396	1447.0165
832.86481	1381.9094
832.91565	1234.5162
832.96649	1281.9028
833.01733	1356.1993
833.06818	1471.9216
833.11902	1375.3208
833.16986	1263.3376
833.2207	1282.6251
833.27155	1241.8174
833.32239	1177.3738
833.37323	1545.6217
833.42407	1551.2822
833.47485	1286.5532
833.5257	1334.6855
833.57654	1393.8512
833.62738	1291.2799
833.67822	1218.451
833.72906	1215.3732
833.77991	1247.8409
833.83075	1277.5736
833.88159	1244.2491
833.93243	1317.8169
833.98328	1383.4021
834.03412	1285.1412
834.0849	1334.3792
834.13574	1337.9976
834.18658	1302.0953
834.23743	1332.1659
834.28827	1392.879
834.33911	1333.9532
834.38995	1234.2798
834.4408	1210.7695
834.49164	1188.0647
834.54248	1194.3138
834.59332	1351.7393
834.64417	1418.1799
834.69495	1277.2185
834.74579	1229.7327
834.79663	1321.0062
834.84747	1285.7506
834.89832	1258.8759
834.94916	1254.2852
835	1182.8062
835.05084	1194.5919
835.10168	1449.5323
835.15253	1453.1946
835.20337	1260.519
835.25421	1218.5238
835.30505	1211.5726
835.35583	1251.8042
835.40668	1285.7216
835.45752	1330.6147
835.50836	1255.9797
835.5592	1235.7194
835.61005	1353.1632
835.66089	1577.1526
835.71173	1420.9896
835.76257	1154.8135
835.81342	1211.723
835.86426	1246.3302
835.9151	1277.1493
835.96588	1270.7932
836.01672	1282.2955
836.06757	1256.9772
836.11841	1354.1978
836.16925	1420.01
836.22009	1334.4651
836.27094	1247.6338
836.32178	1161.9773
836.37262	1248.6654
836.42346	1259.5165
836.4743	1197.9801
836.52515	1194.043
836.57593	1255.778
836.62677	1296.2102
836.67761	1263.4113
836.72845	1315.7129
836.7793	1298.9609
836.83014	1165.1935
836.88098	1212.2676
836.93182	1498.3143
836.98267	1481.5448
837.03351	1281.7122
837.08435	1302.4502
837.13519	1336.5886
837.18604	1271.031
837.23682	1274.8145
837.28766	1565.3125
837.3385	1533.1674
837.38934	1246.2811
837.44019	1223.6774
837.49103	1187.1173
837.54187	1256.7321
837.59271	1397.1166
837.64355	1288.63
837.6944	1232.4917
837.74524	1481.6688
837.79608	1503.4087
837.84686	1271.8695
837.89771	1306.0305
837.94855	1410.4371
837.99939	1313.6858
838.05023	1266.5243
838.10107	1333.5325
838.15192	1362.2245
838.20276	1343.3102
838.2536	1339.8019
838.30444	1309.1057
838.35529	1301.0903
838.40613	1380.8828
838.45691	1356.613
838.50775	1260.8422
838.55859	1314.4443
838.60944	1335.5051
838.66028	1350.8815
838.71112	1318.2966
838.76196	1314.1941
838.81281	1329.0653
838.86365	1218.0376
838.91449	1168.1124
838.96533	1164.9612
839.01617	1297.5027
839.06696	1442.2722
839.1178	1373.1003
839.16864	1234.4041
839.21948	1249.9833
839.27032	1327.9945
839.32117	1299.0535
839.37201	1304.6663
839.42285	1360.0652
839.47369	1357.5161
839.52454	1339.0879
839.57538	1338.3811
839.62622	1433.0043
839.67706	1405.5249
839.72784	1312.7938
839.77869	1261.3824
839.82953	1276.5193
839.88037	1361.4821
839.93121	1308.6158
839.98206	1336.0067
840.0329	1336.5692
840.08374	1421.8407
840.13458	1503.0171
840.18542	1332.2423
840.23627	1270.8856
840.28711	1243.3971
840.33789	1208.9834
840.38873	1225.587
840.43958	1261.51
840.49042	1232.7328
840.54126	1272.2588
840.5921	1356.3254
840.64294	1415.3898
840.69379	1678.9476
840.74463	1645.3527
840.79547	1395.2206
840.84631	1348.6597
840.89716	1305.1532
840.94794	1304.8871
840.99878	1303.6382
841.04962	1394.3833
841.10046	1537.3779
841.15131	1377.3839
841.20215	1239.5122
841.25299	1230.0552
841.30383	1244.8545
841.35468	1284.2094
841.40552	1247.1079
841.45636	1245.905
841.5072	1236.1385
841.55804	1230.4227
841.60883	1250.9877
841.65967	1249.5146
841.71051	1458.514
841.76135	1533.5914
841.81219	1381.4891
841.86304	1424.1388
841.91388	1387.6239
841.96472	1342.7576
842.01556	1360.304
842.06641	1281.5946
842.11725	1272.8491
842.16809	1295.8134
842.21887	1271.4371
842.26971	1250.2979
842.32056	1251.7418
842.3714	1206.5161
842.42224	1199.9293
842.47308	1257.1169
842.52393	1250.7469
842.57477	1213.9438
842.62561	1486.5382
842.67645	1618.7025
842.72729	1344.476
842.77814	1341.4386
842.82892	1435.9004
842.87976	1315.8287
842.9306	1247.9155
842.98145	1312.9624
843.03229	1360.9158
843.08313	1304.8837
843.13397	1366.0092
843.18481	1384.002
843.23566	1280.7405
843.2865	1299.0894
843.33734	1259.5391
843.38818	1226.0181
843.43896	1298.8871
843.48981	1369.0533
843.54065	1464.3051
843.59149	1388.0726
843.64233	1336.2054
843.69318	1759.1461
843.74402	1652.9592
843.79486	1278.1857
843.8457	1397.3445
843.89655	1370.2657
843.94739	1292.1591
843.99823	1327.2394
844.04907	1282.959
844.09985	1270.1079
844.1507	1322.8932
844.20154	1337.1136
844.25238	1349.8311
844.30322	1322.0409
844.35406	1307.561
844.40491	1260.5226
844.45575	1243.4508
844.50659	1269.5823
844.55743	1396.6398
844.60828	1419.3999
844.65912	1318.5382
844.7099	1276.5134
844.76074	1456.0588
844.81158	1394.2051
844.86243	1260.1265
844.91327	1445.8347
844.96411	1524.8575
845.01495	1393.2808
845.0658	1370.6057
845.11664	1270.1683
845.16748	1191.3557
845.21832	1347.9535
845.26917	1357.2183
845.31995	1382.4769
845.37079	1288.6329
845.42163	1284.679
845.47247	1488.5948
845.52332	1495.6906
845.57416	1370.0524
845.625	1274.0894
845.67584	1254.7363
845.72668	1270.5425
845.77753	1335.6104
845.82837	1334.7545
845.87921	1386.124
845.93005	1374.5106
845.98083	1579.2769
846.03168	1446.5212
846.08252	1352.9742
846.13336	1536.3807
846.1842	1382.5813
846.23505	1279.7928
846.28589	1278.4874
846.33673	1273.8999
846.38757	1245.0797
846.43842	1218.9183
846.48926	1290.0938
846.5401	1306.8186
846.59088	1334.3665
846.64172	1339.6703
846.69257	1465.9998
846.74341	1427.0596
846.79425	1351.4675
846.84509	1365.7686
846.89594	1764.0597
846.94678	1773.1904
846.99762	1359.9476
847.04846	1234.7844
847.0993	1324.0522
847.15015	1332.5894
847.20093	1307.8776
847.25177	1346.381
847.30261	1356.9712
847.35345	1306.7898
847.4043	1318.4503
847.45514	1490.928
847.50598	1433.2356
847.55682	1309.1278
847.60767	1432.6793
847.65851	1459.7045
847.70935	1553.022
847.76019	1414.8531
847.81104	1931.7301
847.86182	2033.6218
847.91266	1743.8464
847.9635	1455.0819
848.01434	1312.5408
848.06519	1254.704
848.11603	1340.1431
848.16687	1350.7054
848.21771	1397.5609
848.26855	1368.328
848.3194	1552.286
848.37024	1405.599
848.42108	1347.4092
848.47186	1464.2155
848.52271	1791.348
848.57355	1472.5236
848.62439	1332.3752
848.67523	1297.6429
848.72607	1286.1692
848.77692	1247.3752
848.82776	1377.1407
848.8786	1525.8298
848.92944	1367.5719
848.98029	1309.5333
849.03113	1426.3807
849.08191	1311.8398
849.13275	1346.5303
849.18359	1295.3951
849.23444	1349.8187
849.28528	1385.7615
849.33612	1371.8451
849.38696	1487.0535
849.43781	1395.3071
849.48865	1313.4174
849.53949	1711.3044
849.59033	1542.0989
849.64117	1447.0791
849.69196	1341.8427
849.7428	1588.0712
849.79364	1349.4905
849.84448	1267.224
849.89532	1464.104
849.94617	2290.5767
849.99701	1574.6016
850.04785	1459.0264
850.09869	1450.0815
850.14954	1352.4877
850.20038	1357.7711
850.25122	1389.0902
850.30206	1394.2837
850.35284	1302.546
850.40369	1311.1033
850.45453	1307.7349
850.50537	1433.3821
850.55621	1447.4595
850.60706	1351.1072
850.6579	1425.0271
850.70874	1327.6974
850.75958	1293.8
850.81042	1289.6884
850.86127	1368.8253
850.91211	1375.7198
850.96289	1220.8365
851.01373	1373.3123
851.06458	1463.6787
851.11542	1423.6654
851.16626	1604.8286
851.2171	1331.3344
851.26794	1330.2224
851.31879	1417.3522
851.36963	1347.4963
851.42047	1274.2399
851.47131	1296.4747
851.52216	1322.0927
851.57294	1401.2146
851.62378	1697.9863
851.67462	1353.103
851.72546	1365.0063
851.77631	1376.0812
851.82715	1414.4192
851.87799	1642.0522
851.92883	1459.5156
851.97968	1439.7571
852.03052	1517.2499
852.08136	1830.1654
852.1322	1341.8959
852.18304	1373.9355
852.23383	1383.5822
852.28467	1303.4437
852.33551	1360.4375
852.38635	1342.5004
852.43719	2413.8491
852.48804	1569.3961
852.53888	1325.527
852.58972	1418.1007
852.64056	1317.0944
852.69141	1374.9749
852.74225	1344.413
852.79309	1403.1179
852.84387	1356.1145
852.89471	1410.5256
852.94556	1480.5182
852.9964	1352.4744
853.04724	1371.4387
853.09808	1368.3507
853.14893	1338.3954
853.19977	1333.7592
853.25061	1296.6271
853.30145	1293.9895
853.35229	1441.797
853.40314	1453.657
853.45392	1318.7992
853.50476	1356.6207
853.5556	1453.3633
853.60645	1392.5726
853.65729	1307.9469
853.70813	1363.2823
853.75897	1534.0657
853.80981	1464.1563
853.86066	1712.4504
853.9115	1332.397
853.96234	1306.8076
854.01318	1465.2139
854.06396	1321.5249
854.11481	1357.3873
854.16565	1538.0103
854.21649	1398.954
854.26733	1410.819
854.31818	1322.3656
854.36902	1482.6268
854.41986	1338.8884
854.4707	1519.9514
854.52155	1325.6433
854.57239	1327.3044
854.62323	1372.4902
854.67407	1290.8174
854.72485	1383.4343
854.7757	1396.8217
854.82654	1282.2654
854.87738	1348.7021
854.92822	1296.5166
854.97906	1257.5131
855.02991	1295.3529
855.08075	1320.5879
855.13159	1253.1614
855.18243	1354.3632
855.23328	1481.8954
855.28412	1623.6979
855.3349	1402.2502
855.38574	1472.5015
855.43658	1465.5486
855.48743	1471.5258
855.53827	1577.7014
855.58911	1369.5635
855.63995	1331.1876
855.6908	1294.2939
855.74164	1376.1979
855.79248	1450.8975
855.84332	1333.4075
855.89417	1416.0063
855.94495	1376.7153
855.99579	1403.8923
856.04663	1429.015
856.09747	1440.5867
856.14832	1310.2263
856.19916	1408.7695
856.25	1540.4131
856.30084	1554.1403
856.35168	1319.1359
856.40253	1386.1948
856.45337	1358.3579
856.50421	1398.9988
856.55505	1522.3342
856.60583	1302.6989
856.65668	1274.1727
856.70752	1416.2139
856.75836	1357.7174
856.8092	1373.6154
856.86005	1633.7211
856.91089	1515.2856
856.96173	1525.0255
857.01257	1299.376
857.06342	1291.8069
857.11426	1397.2505
857.1651	1330.894
857.21588	1334.2051
857.26672	1299.4695
857.31757	1311.2041
857.36841	1392.0016
857.41925	1321.4152
857.47009	1256.4435
857.52094	1484.5518
857.57178	1367.8696
857.62262	1450.7975
857.67346	1264.4409
857.7243	1276.287
857.77515	1417.4424
857.82593	1345.3405
857.87677	1464.4697
857.92761	1374.304
857.97845	1368.0118
858.0293	1438.4922
858.08014	1528.9712
858.13098	1387.142
858.18182	1302.9015
858.23267	1342.6
858.28351	1395.1919
858.33435	1311.9535
858.38519	1357.3588
858.43604	1325.8976
858.48682	1434.6647
858.53766	1396.5466
858.5885	1303.6581
858.63934	1288.8953
858.69019	1503.5176
858.74103	1256.9548
858.79187	1975.5155
858.84271	1452.5006
858.89355	1324.3533
858.9444	1367.8271
858.99524	1351.2218
859.04608	1276.8817
859.09686	1496.6111
859.14771	1473.2296
859.19855	1486.4816
859.24939	1361.9564
859.30023	1294.4877
859.35107	1352.226
859.40192	1231.9587
859.45276	1381.8917
859.5036	1332.5947
859.55444	1382.1965
859.60529	1350.8816
859.65613	1353.4944
859.70691	1571.2156
859.75775	1264.5642
859.80859	1656.6443
859.85944	1299.8032
859.91028	1316.3977
859.96112	1286.9213
860.01196	1287.4325
860.06281	1291.8129
860.11365	1292.6244
860.16449	1391.1973
860.21533	1311.9021
860.26617	1321.2809
860.31696	1342.3669
860.3678	1286.1346
860.41864	1636.5702
860.46948	1276.7189
860.52032	1294.5607
860.57117	1331.1484
860.62201	1487.2716
860.67285	1326.5479
860.72369	1274.4518
860.77454	1326.6193
860.82538	1384.7949
860.87622	1420.0554
860.92706	1261.9933
860.97784	1462.802
861.02869	1336.874
861.07953	1304.7623
861.13037	1339.3643
861.18121	1300.326
861.23206	1537.761
861.2829	1343.6211
861.33374	1338.0302
861.38458	1343.186
861.43542	1598.4354
861.48627	1785.4021
861.53711	1279.9136
861.58789	1332.1833
861.63873	1252.4315
861.68958	1751.2583
861.74042	1504.0446
861.79126	1368.6672
861.8421	1359.5853
861.89294	1179.6393
861.94379	1704.7588
861.99463	1341.7003
862.04547	1257.3684
862.09631	1307.5865
862.14716	1414.0195
862.19794	1289.0905
862.24878	1297.1658
862.29962	1337.844
862.35046	1323.0464
862.40131	1284.1302
862.45215	1272.2742
862.50299	1370.1599
862.55383	1463.0588
862.60468	1346.6139
862.65552	1773.097
862.70636	1298.4835
862.7572	1316.7932
862.80804	1352.6088
862.85883	1356.1829
862.90967	1345.4691
862.96051	1429.7123
863.01135	1283.7877
863.06219	1351.097
863.11304	1215.5115
863.16388	1509.5171
863.21472	1441.3837
863.26556	1285.8342
863.31641	1505.3851
863.36725	1434.051
863.41809	1316.6017
863.46887	1556.7477
863.51971	1317.2668
863.57056	1448.8374
863.6214	1327.2223
863.67224	1331.9691
863.72308	1312.5658
863.77393	1268.238
863.82477	1352.5885
863.87561	1604.4124
863.92645	1309.0895
863.97729	1229.6564
864.02814	1385.3646
864.07892	1409.184
864.12976	1291.4432
864.1806	1352.3138
864.23145	1425.4082
864.28229	1468.5715
864.33313	1350.788
864.38397	1409.1748
864.43481	1520.8445
864.48566	1348.2694
864.5365	1279.5885
864.58734	1332.4357
864.63818	1382.2465
864.68896	1456.781
864.73981	1257.7292
864.79065	1307.4026
864.84149	1337.9337
864.89233	1344.0942
864.94318	1390.1295
864.99402	1827.119
865.04486	1344.9514
865.0957	1330.7847
865.14655	1423.1842
865.19739	1368.9025
865.24823	1262.4032
865.29907	1279.5876
865.34985	1260.4506
865.4007	1319.6323
865.45154	1244.6871
865.50238	1286.432
865.55322	1396.2584
865.60406	1420.5262
865.65491	1335.6187
865.70575	1433.7865
865.75659	1262.885
865.80743	1420.813
865.85828	1338.1844
865.90912	1437.8093
865.9599	1335.2493
866.01074	1317.6655
866.06158	1291.4067
866.11243	1278.2445
866.16327	1301.0493
866.21411	1521.8502
866.26495	1356.0427
866.3158	1164.2584
866.36664	1216.5901
866.41748	1335.6682
866.46832	1247.1808
866.51917	1356.8141
866.56995	1310.1306
866.62079	1292.6493
866.67163	1401.0139
866.72247	1548.0867
866.77332	1311.2432
866.82416	1306.975
866.875	1215.2203
866.92584	1310.1348
866.97668	1353.8888
867.02753	1303.4208
867.07837	1257.3114
867.12921	1224.1663
867.18005	1373.6879
867.23083	1541.0521
867.28168	1622.9767
867.33252	1196.7588
867.38336	1241.5498
867.4342	1337.4231
867.48505	1348.6964
867.53589	1255.2031
867.58673	1280.3501
867.63757	1312.1304
867.68842	1383.6361
867.73926	1494.2777
867.7901	1315.8779
867.84088	1313.7021
867.89172	1260.2952
867.94257	1342.6056
867.99341	1436.8473
868.04425	1291.8809
868.09509	1271.8413
868.14594	1228.0449
868.19678	1334.0206
868.24762	1338.9247
868.29846	1359.3713
868.3493	1354.9719
868.40015	1225.4094
868.45093	1270.7468
868.50177	1531.2899
868.55261	1552.6407
868.60345	1303.3129
868.6543	1342.2338
868.70514	1332.8872
868.75598	1258.4529
868.80682	1233.4816
868.85767	1490.5094
868.90851	1549.1355
868.95935	1297.3784
869.01019	1288.3494
869.06104	1260.9229
869.11182	1302.7576
869.16266	1426.6871
869.2135	1334.9868
869.26434	1267.5699
869.31519	1531.8839
869.36603	1548.9972
869.41687	1271.8467
869.46771	1307.0946
869.51855	1450.3422
869.5694	1373.88
869.62024	1294.7838
869.67108	1373.4735
869.72186	1472.8898
869.77271	1404.7142
869.82355	1318.2202
869.87439	1305.7629
869.92523	1298.6782
869.97607	1396.6626
870.02692	1415.1901
870.07776	1309.9246
870.1286	1290.406
870.17944	1274.5698
870.23029	1343.48
870.28113	1346.9379
870.33191	1326.9011
870.38275	1359.5248
870.43359	1308.9418
870.48444	1321.2964
870.53528	1264.8861
870.58612	1323.5787
870.63696	1505.9012
870.68781	1389.587
870.73865	1304.8584
870.78949	1348.4255
870.84033	1357.1122
870.89117	1318.8187
870.94196	1364.2607
870.9928	1399.6049
871.04364	1360.6426
871.09448	1357.5887
871.14532	1396.748
871.19617	1485.2288
871.24701	1445.2673
871.29785	1390.0673
871.34869	1281.6311
871.39954	1311.6979
871.45038	1404.3666
871.50122	1349.5846
871.55206	1371.507
871.60284	1352.0844
871.65369	1481.0637
871.70453	1519.8009
871.75537	1377.4764
871.80621	1316.5754
871.85706	1289.9664
871.9079	1320.6837
871.95874	1299.3059
872.00958	1334.6233
872.06042	1329.2787
872.11127	1319.6482
872.16211	1336.3472
872.21289	1451.0778
872.26373	1851.2433
872.31458	1640.5745
872.36542	1426.2561
872.41626	1405.08
872.4671	1333.7019
872.51794	1301.6735
872.56879	1311.0159
872.61963	1449.0853
872.67047	1546.126
872.72131	1379.9391
872.77216	1317.5131
872.82294	1301.3477
872.87378	1274.584
872.92462	1336.3936
872.97546	1324.7003
873.02631	1325.432
873.07715	1306.7435
873.12799	1257.519
873.17883	1255.545
873.22968	1232.6841
873.28052	1526.2404
873.33136	1511.7731
873.3822	1401.3551
873.43304	1492.8627
873.48383	1388.0613
873.53467	1381.2006
873.58551	1371.265
873.63635	1271.728
873.68719	1315.5676
873.73804	1314.1648
873.78888	1259.9452
873.83972	1270.9656
873.89056	1327.0479
873.94141	1335.6898
873.99225	1362.1271
874.04309	1351.3313
874.09387	1317.4437
874.14471	1280.0693
874.19556	1632.6293
874.2464	1680.1348
874.29724	1346.8347
874.34808	1441.1827
874.39893	1380.1155
874.44977	1350.5201
874.50061	1291.2019
874.55145	1347.054
874.60229	1389.9769
874.65314	1321.6326
874.70392	1447.4678
874.75476	1419.9781
874.8056	1314.2019
874.85645	1430.7485
874.90729	1243.5712
874.95813	1278.3572
875.00897	1378.2555
875.05981	1441.6522
875.11066	1577.906
875.1615	1314.1449
875.21234	1496.192
875.26318	1947.0731
875.31396	1381.3502
875.36481	1353.9723
875.41565	1490.6639
875.46649	1379.9724
875.51733	1441.7216
875.56818	1440.2751
875.61902	1428.5544
875.66986	1363.3755
875.7207	1270.9685
875.77155	1302.2588
875.82239	1405.1013
875.87323	1293.2257
875.92407	1443.6158
875.97485	1337.7068
876.0257	1288.0692
876.07654	1277.8585
876.12738	1509.0203
876.17822	1461.7242
876.22906	1358.4541
876.27991	1377.3934
876.33075	1630.4838
876.38159	1359.6113
876.43243	1306.6605
876.48328	1625.6343
876.53412	1558.6888
876.5849	1379.1073
876.63574	1373.7906
876.68658	1320.9967
876.73743	1313.7872
876.78827	1438.0614
876.83911	1344.1838
876.88995	1389.6229
876.9408	1262.0477
876.99164	1421.6552
877.04248	1647.5654
877.09332	1470.8215
877.14417	1331.2809
877.19495	1321.2618
877.24579	1360.6504
877.29663	1307.8344
877.34747	1502.3358
877.39832	1389.5546
877.44916	1422.1671
877.5	1427.1882
877.55084	1615.2745
877.60168	1337.3923
877.65253	1486.5261
877.70337	1523.1793
877.75421	1335.3682
877.80505	1338.1644
877.85583	1324.4806
877.90668	1309.3153
877.95752	1338.7375
878.00836	1260.4452
878.0592	1300.0399
878.11005	1306.4883
878.16089	1438.045
878.21173	1355.2079
878.26257	1456.2572
878.31342	1413.4202
878.36426	1345.4797
878.4151	1502.4432
878.46588	1957.916
878.51672	1490.8702
878.56757	1272.819
878.61841	1340.9023
878.66925	1407.1376
878.72009	1296.8574
878.77094	1248.089
878.82178	1339.5161
878.87262	1339.2273
878.92346	1429.7335
878.9743	1410.8733
879.02515	1572.2209
879.07593	1374.0609
879.12677	1411.962
879.17761	1439.3973
879.22845	1464.0032
879.2793	1554.3066
879.33014	1786.7813
879.38098	2073.3315
879.43182	1770.3652
879.48267	1575.0867
879.53351	1374.7972
879.58435	1303.6285
879.63519	1338.3038
879.68604	1400.7246
879.73682	1386.0654
879.78766	1414.6062
879.8385	1409.0073
879.88934	1498.3069
879.94019	1428.6377
879.99103	1412.1484
880.04187	1618.6471
880.09271	1547.5677
880.14355	1256.63
880.1944	1308.2318
880.24524	1333.8688
880.29608	1270.0179
880.34686	1304.4722
880.39771	1392.7979
880.44855	1363.3265
880.49939	1308.91
880.55023	1347.814
880.60107	1322.1696
880.65192	1363.5809
880.70276	1396.658
880.7536	1379.6445
880.80444	1427.4564
880.85529	1451.5886
880.90613	1541.9774
880.95691	1424.2024
881.00775	1358.4363
881.05859	1752.9691
881.10944	1596.2467
881.16028	1553.9823
881.21112	1344.9344
881.26196	1409.3663
881.31281	1460.1595
881.36365	1277.488
881.41449	1431.4231
881.46533	2081.8899
881.51617	1678.6758
881.56696	1333.7877
881.6178	1366.7983
881.66864	1383.9603
881.71948	1397.0846
881.77032	1443.012
881.82117	1433.951
881.87201	1335.1824
881.92285	1323.6234
881.97369	1280.1602
882.02454	1442.5886
882.07538	1444.9718
882.12622	1346.2091
882.17706	1392.8314
882.22784	1351.0217
882.27869	1263.6017
882.32953	1268.8779
882.38037	1341.9618
882.43121	1393.3809
882.48206	1309.1931
882.5329	1315.8619
882.58374	1531.7139
882.63458	1415.1418
882.68542	1404.0741
882.73627	1401.0457
882.78711	1450.5874
882.83789	1429.4219
882.88873	1330.8137
882.93958	1312.0138
882.99042	1271.1835
883.04126	1377.8894
883.0921	1437.9257
883.14294	1473.3051
883.19379	1304.8051
883.24463	1313.7117
883.29547	1400.5459
883.34631	1399.8523
883.39716	1608.5724
883.44794	1437.0675
883.49878	1460.6144
883.54962	1505.8999
883.60046	1812.9779
883.65131	1324.2452
883.70215	1297.6146
883.75299	1351.9423
883.80383	1278.1935
883.85468	1332.2612
883.90552	1320.679
883.95636	2291.9072
884.0072	1462.6793
884.05804	1309.9296
884.10883	1415.9745
884.15967	1524.9304
884.21051	1429.4131
884.26135	1397.0189
884.31219	1379.886
884.36304	1352.3894
884.41388	1461.2021
884.46472	1471.2343
884.51556	1365.3646
884.56641	1375.1713
884.61725	1409.2384
884.66809	1377.3309
884.71887	1303.2861
884.76971	1382.8241
884.82056	1410.8156
884.8714	1340.197
884.92224	1327.0963
884.97308	1305.952
885.02393	1347.8949
885.07477	1402.6102
885.12561	1337.5902
885.17645	1387.3944
885.22729	1413.6829
885.27814	1359.3749
885.32892	1597.9554
885.37976	1555.8466
885.4306	1316.0328
885.48145	1371.9559
885.53229	1376.5815
885.58313	1388.3922
885.63397	1401.3673
885.68481	1480.973
885.73566	1404.7604
885.7865	1419.4061
885.83734	1330.1802
885.88818	1358.3409
885.93896	1394.4767
885.98981	1453.011
886.04065	1493.0602
886.09149	1589.9497
886.14233	1329.2645
886.19318	1324.6284
886.24402	1370.3037
886.29486	1387.7023
886.3457	1406.9158
886.39655	1458.9514
886.44739	1427.2993
886.49823	1379.7494
886.54907	1331.9224
886.59985	1304.8566
886.6507	1275.8748
886.70154	1381.9512
886.75238	1472.6818
886.80322	1449.1211
886.85406	1453.5721
886.90491	1459.6749
886.95575	1467.0153
887.00659	1497.7788
887.05743	1606.4371
887.10828	1455.6273
887.15912	1267.799
887.2099	1257.4292
887.26074	1330.7101
887.31158	1327.3152
887.36243	1315.1531
887.41327	1349.9589
887.46411	1345.4503
887.51495	1340.1711
887.5658	1409.8317
887.61664	1393.2666
887.66748	1494.2601
887.71832	1457.48
887.76917	1267.0786
887.81995	1294.2369
887.87079	1437.4403
887.92163	1421.1683
887.97247	1309.6261
888.02332	1401.0807
888.07416	1455.7418
888.125	1375.4883
888.17584	1301.1443
888.22668	1385.5615
888.27753	1429.8835
888.32837	1361.9817
888.37921	1368.7548
888.43005	1428.1975
888.48083	1520.608
888.53168	1456.4458
888.58252	1340.6317
888.63336	1341.0353
888.6842	1474.6692
888.73505	1662.7026
888.78589	1440.624
888.83673	1324.2449
888.88757	1322.3945
888.93842	1538.7399
888.98926	1529.0811
889.0401	1348.7535
889.09088	1463.236
889.14172	1285.0061
889.19257	1446.8585
889.24341	1356.9886
889.29425	1284.8022
889.34509	1333.6245
889.39594	1422.4119
889.44678	1360.8759
889.49762	1286.3468
889.54846	1337.6718
889.5993	1383.3229
889.65015	1348.6077
889.70093	1294.0083
889.75177	1337.1407
889.80261	1372.5182
889.85345	1343.9567
889.9043	1654.4097
889.95514	1422.5659
890.00598	1309.9313
890.05682	1322.0385
890.10767	1343.7552
890.15851	1314.4918
890.20935	1398.4757
890.26019	1340.6921
890.31104	1473.5781
890.36182	1306.0221
890.41266	1420.8225
890.4635	1411.1589
890.51434	1348.8458
890.56519	1446.6705
890.61603	1484.6046
890.66687	1371.875
890.71771	1517.0365
890.76855	1345.1965
890.8194	1389.3789
890.87024	1378.4373
890.92108	1255.9695
890.97186	1267.0643
891.02271	1329.1914
891.07355	1271.6613
891.12439	1559.1074
891.17523	1394.8633
891.22607	1316.1062
891.27692	1447.9783
891.32776	1446.0942
891.3786	1329.2543
891.42944	1289.2037
891.48029	1399.2079
891.53113	1485.1962
891.58191	1344.5028
891.63275	1390.9014
891.68359	1489.3832
891.73444	1302.2078
891.78528	1263.1989
891.83612	1375.0863
891.88696	1375.0664
891.93781	1517.3789
891.98865	1271.5446
892.03949	1364.465
892.09033	1360.6173
892.14117	1366.4789
892.19196	1287.6604
892.2428	1831.4176
892.29364	1428.63
892.34448	1376.223
892.39532	1426.4678
892.44617	1439.9675
892.49701	1235.1759
892.54785	1341.9904
892.59869	1317.8024
892.64954	1387.3662
892.70038	1205.0062
892.75122	1306.8661
892.80206	1390.1293
892.85284	1404.4948
892.90369	1310.1677
892.95453	1497.4554
893.00537	1330.641
893.05621	1366.9623
893.10706	1334.0359
893.1579	1489.1145
893.20874	1336.1748
893.25958	1321.8948
893.31042	1243.5474
893.36127	1302.3417
893.41211	1352.4247
893.46289	1525.4148
893.51373	1423.0591
893.56458	1281.4709
893.61542	1303.4723
893.66626	1389.569
893.7171	1302.1659
893.76794	1338.7927
893.81879	1270.1315
893.86963	1311.1237
893.92047	1383.1351
893.97131	1536.6345
894.02216	1337.9838
894.07294	1396.1699
894.12378	1272.5684
894.17462	1304.0709
894.22546	1332.0417
894.27631	1356.0282
894.32715	1342.88
894.37799	1299.5737
894.42883	1377.2375
894.47968	1551.5769
894.53052	1595.5946
894.58136	1171.3319
894.6322	1282.2936
894.68304	1340.1995
894.73383	1346.6036
894.78467	1334.694
894.83551	1307.8119
894.88635	1349.4641
894.93719	1356.0984
894.98804	1418.4359
895.03888	1331.212
895.08972	1308.8544
895.14056	1239.2494
895.19141	1249.2811
895.24225	1390.1998
895.29309	1284.4874
895.34387	1261.3671
895.39471	1312.8076
895.44556	1376.3132
895.4964	1353.057
895.54724	1350.6063
895.59808	1332.2035
895.64893	1298.1749
895.69977	1275.1791
895.75061	1454.2953
895.80145	1488.1218
895.85229	1329.4266
895.90314	1423.8528
895.95392	1381.5325
896.00476	1296.7294
896.0556	1328.3694
896.10645	1610.181
896.15729	1597.3719
896.20813	1282.132
896.25897	1266.5714
896.30981	1323.95
896.36066	1331.842
896.4115	1367.1625
896.46234	1296.6245
896.51318	1318.6913
896.56396	1589.0459
896.61481	1491.8231
896.66565	1285.1824
896.71649	1414.9171
896.76733	1496.416
896.81818	1412.3541
896.86902	1346.0452
896.91986	1378.3971
896.9707	1378.8258
897.02155	1340.1504
897.07239	1334.0077
897.12323	1282.391
897.17407	1262.3689
897.22485	1416.8971
897.2757	1362.1805
897.32654	1310.7479
897.37738	1313.609
897.42822	1292.5017
897.47906	1431.6682
897.52991	1370.8875
897.58075	1410.1606
897.63159	1345.5387
897.68243	1289.1385
897.73328	1200.7333
897.78412	1261.0249
897.8349	1406.1149
897.88574	1538.9623
897.93658	1318.9276
897.98743	1285.868
898.03827	1302.7941
898.08911	1384.3115
898.13995	1396.0944
898.1908	1323.7446
898.24164	1355.4998
898.29248	1416.972
898.34332	1393.842
898.39417	1452.1892
898.44495	1449.1813
898.49579	1353.5243
898.54663	1425.6875
898.59747	1249.8329
898.64832	1380.3422
898.69916	1344.0653
898.75	1323.2535
898.80084	1390.0952
898.85168	1335.0583
898.90253	1634.5646
898.95337	1420.2289
899.00421	1307.1997
899.05505	1307.6423
899.10583	1283.0509
899.15668	1280
899.20752	1333.6743
899.25836	1386.6683
899.3092	1297.7209
899.36005	1353.3446
899.41089	1407.7393
899.46173	1470.6281
899.51257	2049.8516
899.56342	1472.3087
899.61426	1374.408
899.6651	1337.8276
899.71588	1317.3352
899.76672	1330.8779
899.81757	1326.0092
899.86841	1621.7262
899.91925	1575.3549
899.97009	1374.3911
900.02094	1300.3798
900.07178	1313.7583
900.12262	1334.309
900.17346	1339.7238
900.2243	1315.9409
900.27515	1308.4899
900.32593	1227.4056
900.37677	1340.9755
900.42761	1288.8821
900.47845	1264.6628
900.5293	1673.5116
900.58014	1391.7609
900.63098	1475.2336
900.68182	1394.4673
900.73267	1304.5876
900.78351	1435.9796
900.83435	1348.7314
900.88519	1270.9624
900.93604	1316.6812
900.98682	1320.2844
901.03766	1255.7388
901.0885	1284.6135
901.13934	1292.9922
901.19019	1228.6248
901.24103	1357.6431
901.29187	1349.9646
901.34271	1281.967
901.39355	1427.9143
901.4444	1772.553
901.49524	1501.1968
901.54608	1314.6124
901.59686	1489.6467
901.64771	1366.7611
901.69855	1268.5419
901.74939	1245.8236
901.80023	1370.7471
901.85107	1371.6241
901.90192	1367.3984
901.95276	1453.9631
902.0036	1290.0065
902.05444	1278.4214
902.10529	1315.5887
902.15613	1248.7437
902.20691	1317.176
902.25775	1405.2227
902.30859	1518.9779
902.35944	1433.1617
902.41028	1355.6395
902.46112	1680.485
902.51196	1739.3376
902.56281	1335.4066
902.61365	1386.3318
902.66449	1426.7487
902.71533	1339.5067
902.76617	1345.444
902.81696	1299.1509
902.8678	1312.7819
902.91864	1407.9506
902.96948	1374.8761
903.02032	1315.8901
903.07117	1340.3772
903.12201	1294.9827
903.17285	1310.7079
903.22369	1334.7242
903.27454	1299.261
903.32538	1391.8684
903.37622	1423.2073
903.42706	1406.2701
903.47784	1378.681
903.52869	1522.4994
903.57953	1466.4771
903.63037	1343.989
903.68121	1487.1682
903.73206	1515.9891
903.7829	1379.9777
903.83374	1395.7161
903.88458	1326.7013
903.93542	1312.7926
903.98627	1428.6331
904.03711	1368.9246
904.08789	1376.167
904.13873	1294.7954
904.18958	1360.4937
904.24042	1640.8066
904.29126	1541.1096
904.3421	1366.7821
904.39294	1295.7756
904.44379	1269.005
904.49463	1235.6688
904.54547	1370.7566
904.59631	1346.2836
904.64716	1383.4623
904.69794	1335.4308
904.74878	1595.7346
904.79962	1336.4587
904.85046	1465.0474
904.90131	1607.425
904.95215	1304.7604
905.00299	1392.7307
905.05383	1303.4551
905.10468	1284.4049
905.15552	1286.7207
905.20636	1262.6498
905.2572	1310.795
905.30804	1235.5062
905.35883	1331.6628
905.40967	1294.251
905.46051	1555.8026
905.51135	1454.5485
905.56219	1336.7854
905.61304	1376.0228
905.66388	1856.6897
905.71472	1512.7933
905.76556	1283.9796
905.81641	1214.4354
905.86725	1413.0917
905.91809	1256.8076
905.96887	1221.2465
906.01971	1281.1537
906.07056	1433.386
906.1214	1242.0742
906.17224	1430.2622
906.22308	1544.1968
906.27393	1390.8833
906.32477	1300.2944
906.37561	1598.7189
906.42645	1380.2371
906.47729	1600.9994
906.52814	1480.4042
906.57892	2341.1631
906.62976	2022.1954
906.6806	1639.3666
906.73145	1416.9175
906.78229	1297.7316
906.83313	1397.0468
906.88397	1332.1627
906.93481	1293.8203
906.98566	1296.9731
907.0365	1350.5042
907.08734	1454.6191
907.13818	1303.377
907.18896	1409.0751
907.23981	1720.7389
907.29065	1777.3562
907.34149	1295.3394
907.39233	1315.4165
907.44318	1313.1699
907.49402	1249.019
907.54486	1304.1912
907.5957	1441.6112
907.64655	1369.4889
907.69739	1346.7625
907.74823	1437.2898
907.79907	1424.1583
907.84985	1376.7664
907.9007	1364.6327
907.95154	1307.9337
908.00238	1403.9791
908.05322	1435.6334
908.10406	1467.9194
908.15491	1492.5948
908.20575	1346.8809
908.25659	1586.7673
908.30743	1723.2354
908.35828	1431.6908
908.40912	1336.1248
908.4599	1391.5515
908.51074	1450.9399
908.56158	1281.5021
908.61243	1401.2573
908.66327	2211.7952
908.71411	2108.7847
908.76495	1326.1356
908.8158	1384.6667
908.86664	1445.8353
908.91748	1374.4066
908.96832	1387.9272
909.01917	1460.7816
909.06995	1330.1243
909.12079	1300.2141
909.17163	1332.5302
909.22247	1513.7996
909.27332	1525.5269
909.32416	1401.7598
909.375	1381.2755
909.42584	1359.1444
909.47668	1292.0588
909.52753	1384.3759
909.57837	1399.8326
909.62921	1419.2944
909.68005	1252.9429
909.73083	1293.7791
909.78168	1465.7041
909.83252	1409.064
909.88336	1395.1493
909.9342	1283.3997
909.98505	1385.4498
910.03589	1359.5354
910.08673	1386.4668
910.13757	1309.6423
910.18842	1289.425
910.23926	1409.5564
910.2901	1450.0999
910.34088	1614.0696
910.39172	1442.8833
910.44257	1263.4215
910.49341	1377.5031
910.54425	1384.7881
910.59509	1922.2457
910.64594	1507.3209
910.69678	1479.6038
910.74762	1270.9385
910.79846	1984.7672
910.8493	1316.8276
910.90015	1334.0067
910.95093	1326.3987
911.00177	1229.547
911.05261	1509.6361
911.10345	1403.5199
911.1543	3133.6499
911.20514	1368.2354
911.25598	1209.1501
911.30682	1463.1378
911.35767	1345.4281
911.40851	1484.8762
911.45935	1361.1725
911.51019	1445.6794
911.56104	1309.5707
911.61182	1396.1061
911.66266	1564.7701
911.7135	1472.5443
911.76434	1456.1998
911.81519	1451.7744
911.86603	1380.0804
911.91687	1381.2188
911.96771	1346.6392
912.01855	1327.7535
912.0694	1443.3621
912.12024	1361.5621
912.17108	1290.9609
912.22186	1421.6378
912.27271	1444.8588
912.32355	1293.1471
912.37439	1392.1033
912.42523	1390.6974
912.47607	1283.3158
912.52692	1529.29
912.57776	1528.8179
912.6286	1272.777
912.67944	1326.6204
912.73029	1340.8005
912.78113	1368.1443
912.83191	1421.5913
912.88275	1459.9795
912.93359	1398.4276
912.98444	1339.1722
913.03528	1390.6356
913.08612	1447.8041
913.13696	1363.924
913.18781	1338.9254
913.23865	1265.2961
913.28949	1308.0829
913.34033	1362.1614
913.39117	1299.5369
913.44196	1346.2512
913.4928	1410.2412
913.54364	1378.9379
913.59448	1323.2825
913.64532	1335.7733
913.69617	1401.1736
913.74701	1352.0692
913.79785	1260.9675
913.84869	1291.535
913.89954	1590.1007
913.95038	1635.9191
914.00122	1452.524
914.05206	1477.9432
914.10284	1490.3734
914.15369	1386.0433
914.20453	1727.3997
914.25537	1553.7784
914.30621	1365.7863
914.35706	1318.1375
914.4079	1265.7249
914.45874	1406.5542
914.50958	1393.9736
914.56042	1377.3882
914.61127	1353.8645
914.66211	1403.8729
914.71289	1404.927
914.76373	1563.0737
914.81458	1334.3552
914.86542	1517.5012
914.91626	1421.4556
914.9671	1384.6656
915.01794	1344.2697
915.06879	1557.2686
915.11963	1399.3831
915.17047	1407.8647
915.22131	1790.453
915.27216	1376.7307
915.32294	1336.2424
915.37378	1458.512
915.42462	1412.6473
915.47546	1424.1976
915.52631	1362.4957
915.57715	1559.5376
915.62799	1803.395
915.67883	1333.4951
915.72968	1428.1742
915.78052	1331.8997
915.83136	1286.7958
915.8822	1500.6974
915.93304	1246.8176
915.98383	1359.1086
916.03467	1353.8265
916.08551	1418.0066
916.13635	1294.9487
916.18719	1414.4084
916.23804	1408.3468
916.28888	1781.8687
916.33972	1246.7295
916.39056	1323.2731
916.44141	1424.0114
916.49225	1372.5508
916.54309	1414.1992
916.59387	1405.6727
916.64471	1351.0876
916.69556	1298.2483
916.7464	1366.8422
916.79724	1466.7792
916.84808	1531.0564
916.89893	1333.1141
916.94977	1388.6755
917.00061	1362.4301
917.05145	1331.6798
917.10229	1352.6002
917.15314	1433.5911
917.20392	1468.6246
917.25476	1321.1223
917.3056	1279.0031
917.35645	1351.4163
917.40729	1295.9613
917.45813	1638.9531
917.50897	1765.3289
917.55981	1445.3933
917.61066	1351.2653
917.6615	1383.657
917.71234	1354.5571
917.76318	1386.4927
917.81396	1497.3667
917.86481	1382.8027
917.91565	1259.8445
917.96649	1303.9189
918.01733	1414.9485
918.06818	1379.5792
918.11902	1328.5209
918.16986	1484.244
918.2207	1418.9479
918.27155	1341.894
918.32239	1401.3368
918.37323	1361.8231
918.42407	1423.135
918.47485	1380.7391
918.5257	1378.7958
918.57654	1387.5493
918.62738	1344.6971
918.67822	1309.6559
918.72906	1294.7057
918.77991	1291.2576
918.83075	1457.7375
918.88159	1426.0791
918.93243	1375.8159
918.98328	1344.4135
919.03412	1328.3386
919.0849	1366.075
919.13574	1374.1692
919.18658	1546.1382
919.23743	1456.3351
919.28827	1432.5251
919.33911	1299.7692
919.38995	1423.3341
919.4408	1556.1599
919.49164	1411.5186
919.54248	1369.0627
919.59332	1446.5009
919.64417	1353.1392
919.69495	1302.3248
919.74579	1286.2194
919.79663	1454.7228
919.84747	1259.0647
919.89832	1350.9603
919.94916	1309.4897
920	1370.3999
